#  Energy (eV) |  DOS (states/eV)
  -36.45752486    0.0000000000
  -36.43409136    0.0000000000
  -36.41065786    0.0000000000
  -36.38722436    0.0000000000
  -36.36379086    0.0000000000
  -36.34035736    0.0000000000
  -36.31692386    0.0000000000
  -36.29349037    0.0000000000
  -36.27005687    0.0000000000
  -36.24662337    0.0000000000
  -36.22318987    0.0000000000
  -36.19975637    0.0000000000
  -36.17632287    0.0000000000
  -36.15288937    0.0000000000
  -36.12945587    0.0000000000
  -36.10602237    0.0000000000
  -36.08258887    0.0000000000
  -36.05915537    0.0000000000
  -36.03572187    0.0000000000
  -36.01228838    0.0000000000
  -35.98885488    0.0000000000
  -35.96542138    0.0000000000
  -35.94198788    0.0000000000
  -35.91855438    0.0000000000
  -35.89512088    0.0000000000
  -35.87168738    0.0000000000
  -35.84825388    0.0000000000
  -35.82482038    0.0000000000
  -35.80138688    0.0000000000
  -35.77795338    0.0000000000
  -35.75451988    0.0000000000
  -35.73108639    0.0000000000
  -35.70765289    0.0000000000
  -35.68421939    0.0000000000
  -35.66078589    0.0000000000
  -35.63735239    0.0000000000
  -35.61391889    0.0000000000
  -35.59048539    0.0000000000
  -35.56705189    0.0000000000
  -35.54361839    0.0000000000
  -35.52018489    0.0000000000
  -35.49675139    0.0000000000
  -35.47331789    0.0000000000
  -35.44988440    0.0000000000
  -35.42645090    0.0000000000
  -35.40301740    0.0000000000
  -35.37958390    0.0000000000
  -35.35615040    0.0000000000
  -35.33271690    0.0000000000
  -35.30928340    0.0000000000
  -35.28584990    0.0000000000
  -35.26241640    0.0000000000
  -35.23898290    0.0000000000
  -35.21554940    0.0000000000
  -35.19211590    0.0000000000
  -35.16868241    0.0000000000
  -35.14524891    0.0000000000
  -35.12181541    0.0000000000
  -35.09838191    0.0000000000
  -35.07494841    0.0000000000
  -35.05151491    0.0000000000
  -35.02808141    0.0000000000
  -35.00464791    0.0000000000
  -34.98121441    0.0000000000
  -34.95778091    0.0000000000
  -34.93434741    0.0000000000
  -34.91091391    0.0000000000
  -34.88748042    0.0000000000
  -34.86404692    0.0000000000
  -34.84061342    0.0000000000
  -34.81717992    0.0000000000
  -34.79374642    0.0000000000
  -34.77031292    0.0000000000
  -34.74687942    0.0000000000
  -34.72344592    0.0000000000
  -34.70001242    0.0000000000
  -34.67657892    0.0000000000
  -34.65314542    0.0000000000
  -34.62971192    0.0000000000
  -34.60627843    0.0000000000
  -34.58284493    0.0000000000
  -34.55941143    0.0000000000
  -34.53597793    0.0000000000
  -34.51254443    0.0000000000
  -34.48911093    0.0000000000
  -34.46567743    0.0000000000
  -34.44224393    0.0000000000
  -34.41881043    0.0000000000
  -34.39537693    0.0000000000
  -34.37194343    0.0000000000
  -34.34850993    0.0000000000
  -34.32507644    0.0000000000
  -34.30164294    0.0000000000
  -34.27820944    0.0000000000
  -34.25477594    0.0000000000
  -34.23134244    0.0000000000
  -34.20790894    0.0000000000
  -34.18447544    0.0000000000
  -34.16104194    0.0000000000
  -34.13760844    0.0000000000
  -34.11417494    0.0000000000
  -34.09074144    0.0000000000
  -34.06730794    0.0000000000
  -34.04387445    0.0000000002
  -34.02044095    0.0000000014
  -33.99700745    0.0000000081
  -33.97357395    0.0000000452
  -33.95014045    0.0000002326
  -33.92670695    0.0000011094
  -33.90327345    0.0000049036
  -33.87983995    0.0000200851
  -33.85640645    0.0000762381
  -33.83297295    0.0002681689
  -33.80953945    0.0008741447
  -33.78610595    0.0026405648
  -33.76267246    0.0073917772
  -33.73923896    0.0191751810
  -33.71580546    0.0460965714
  -33.69237196    0.1026919335
  -33.66893846    0.2120032849
  -33.64550496    0.4055901526
  -33.62207146    0.7190693326
  -33.59863796    1.1813883525
  -33.57520446    1.7986768925
  -33.55177096    2.5377695307
  -33.52833746    3.3181021742
  -33.50490396    4.0203687102
  -33.48147046    4.5141976083
  -33.45803697    4.6971432075
  -33.43460347    4.5292426582
  -33.41116997    4.0472117723
  -33.38773647    3.3513888710
  -33.36430297    2.5717708504
  -33.34086947    1.8288507669
  -33.31743597    1.2052102618
  -33.29400247    0.7360137467
  -33.27056897    0.4165312442
  -33.24713547    0.2184478599
  -33.22370197    0.1061662696
  -33.20026847    0.0478149685
  -33.17683498    0.0199562871
  -33.15340148    0.0077185223
  -33.12996798    0.0027664775
  -33.10653448    0.0009188797
  -33.08310098    0.0002828321
  -33.05966748    0.0000806747
  -33.03623398    0.0000213248
  -33.01280048    0.0000052236
  -32.98936698    0.0000011858
  -32.96593348    0.0000002494
  -32.94249998    0.0000000486
  -32.91906648    0.0000000088
  -32.89563299    0.0000000015
  -32.87219949    0.0000000002
  -32.84876599    0.0000000000
  -32.82533249    0.0000000000
  -32.80189899    0.0000000000
  -32.77846549    0.0000000000
  -32.75503199    0.0000000000
  -32.73159849    0.0000000000
  -32.70816499    0.0000000000
  -32.68473149    0.0000000000
  -32.66129799    0.0000000000
  -32.63786449    0.0000000000
  -32.61443100    0.0000000000
  -32.59099750    0.0000000000
  -32.56756400    0.0000000000
  -32.54413050    0.0000000000
  -32.52069700    0.0000000000
  -32.49726350    0.0000000000
  -32.47383000    0.0000000000
  -32.45039650    0.0000000000
  -32.42696300    0.0000000000
  -32.40352950    0.0000000000
  -32.38009600    0.0000000000
  -32.35666250    0.0000000000
  -32.33322901    0.0000000000
  -32.30979551    0.0000000000
  -32.28636201    0.0000000000
  -32.26292851    0.0000000000
  -32.23949501    0.0000000000
  -32.21606151    0.0000000000
  -32.19262801    0.0000000000
  -32.16919451    0.0000000000
  -32.14576101    0.0000000000
  -32.12232751    0.0000000000
  -32.09889401    0.0000000000
  -32.07546051    0.0000000000
  -32.05202702    0.0000000000
  -32.02859352    0.0000000000
  -32.00516002    0.0000000000
  -31.98172652    0.0000000000
  -31.95829302    0.0000000000
  -31.93485952    0.0000000000
  -31.91142602    0.0000000000
  -31.88799252    0.0000000000
  -31.86455902    0.0000000000
  -31.84112552    0.0000000000
  -31.81769202    0.0000000000
  -31.79425852    0.0000000000
  -31.77082503    0.0000000000
  -31.74739153    0.0000000000
  -31.72395803    0.0000000000
  -31.70052453    0.0000000000
  -31.67709103    0.0000000000
  -31.65365753    0.0000000000
  -31.63022403    0.0000000000
  -31.60679053    0.0000000000
  -31.58335703    0.0000000000
  -31.55992353    0.0000000000
  -31.53649003    0.0000000000
  -31.51305653    0.0000000000
  -31.48962304    0.0000000000
  -31.46618954    0.0000000000
  -31.44275604    0.0000000000
  -31.41932254    0.0000000000
  -31.39588904    0.0000000000
  -31.37245554    0.0000000000
  -31.34902204    0.0000000000
  -31.32558854    0.0000000000
  -31.30215504    0.0000000000
  -31.27872154    0.0000000000
  -31.25528804    0.0000000000
  -31.23185454    0.0000000000
  -31.20842105    0.0000000000
  -31.18498755    0.0000000000
  -31.16155405    0.0000000000
  -31.13812055    0.0000000000
  -31.11468705    0.0000000000
  -31.09125355    0.0000000000
  -31.06782005    0.0000000000
  -31.04438655    0.0000000000
  -31.02095305    0.0000000000
  -30.99751955    0.0000000000
  -30.97408605    0.0000000000
  -30.95065255    0.0000000000
  -30.92721906    0.0000000000
  -30.90378556    0.0000000000
  -30.88035206    0.0000000000
  -30.85691856    0.0000000000
  -30.83348506    0.0000000000
  -30.81005156    0.0000000000
  -30.78661806    0.0000000000
  -30.76318456    0.0000000000
  -30.73975106    0.0000000000
  -30.71631756    0.0000000000
  -30.69288406    0.0000000000
  -30.66945056    0.0000000000
  -30.64601707    0.0000000000
  -30.62258357    0.0000000000
  -30.59915007    0.0000000000
  -30.57571657    0.0000000000
  -30.55228307    0.0000000000
  -30.52884957    0.0000000000
  -30.50541607    0.0000000000
  -30.48198257    0.0000000000
  -30.45854907    0.0000000000
  -30.43511557    0.0000000000
  -30.41168207    0.0000000000
  -30.38824857    0.0000000000
  -30.36481508    0.0000000000
  -30.34138158    0.0000000000
  -30.31794808    0.0000000000
  -30.29451458    0.0000000000
  -30.27108108    0.0000000000
  -30.24764758    0.0000000000
  -30.22421408    0.0000000000
  -30.20078058    0.0000000000
  -30.17734708    0.0000000000
  -30.15391358    0.0000000000
  -30.13048008    0.0000000000
  -30.10704658    0.0000000000
  -30.08361309    0.0000000000
  -30.06017959    0.0000000000
  -30.03674609    0.0000000000
  -30.01331259    0.0000000000
  -29.98987909    0.0000000000
  -29.96644559    0.0000000000
  -29.94301209    0.0000000000
  -29.91957859    0.0000000000
  -29.89614509    0.0000000000
  -29.87271159    0.0000000000
  -29.84927809    0.0000000000
  -29.82584459    0.0000000000
  -29.80241110    0.0000000000
  -29.77897760    0.0000000000
  -29.75554410    0.0000000000
  -29.73211060    0.0000000000
  -29.70867710    0.0000000000
  -29.68524360    0.0000000000
  -29.66181010    0.0000000000
  -29.63837660    0.0000000000
  -29.61494310    0.0000000000
  -29.59150960    0.0000000000
  -29.56807610    0.0000000000
  -29.54464260    0.0000000000
  -29.52120911    0.0000000000
  -29.49777561    0.0000000000
  -29.47434211    0.0000000000
  -29.45090861    0.0000000000
  -29.42747511    0.0000000000
  -29.40404161    0.0000000000
  -29.38060811    0.0000000000
  -29.35717461    0.0000000000
  -29.33374111    0.0000000000
  -29.31030761    0.0000000000
  -29.28687411    0.0000000000
  -29.26344061    0.0000000000
  -29.24000712    0.0000000000
  -29.21657362    0.0000000000
  -29.19314012    0.0000000000
  -29.16970662    0.0000000000
  -29.14627312    0.0000000000
  -29.12283962    0.0000000000
  -29.09940612    0.0000000000
  -29.07597262    0.0000000000
  -29.05253912    0.0000000000
  -29.02910562    0.0000000000
  -29.00567212    0.0000000000
  -28.98223862    0.0000000000
  -28.95880512    0.0000000000
  -28.93537163    0.0000000000
  -28.91193813    0.0000000000
  -28.88850463    0.0000000000
  -28.86507113    0.0000000000
  -28.84163763    0.0000000000
  -28.81820413    0.0000000000
  -28.79477063    0.0000000000
  -28.77133713    0.0000000000
  -28.74790363    0.0000000000
  -28.72447013    0.0000000000
  -28.70103663    0.0000000000
  -28.67760313    0.0000000000
  -28.65416964    0.0000000000
  -28.63073614    0.0000000000
  -28.60730264    0.0000000000
  -28.58386914    0.0000000000
  -28.56043564    0.0000000000
  -28.53700214    0.0000000000
  -28.51356864    0.0000000000
  -28.49013514    0.0000000000
  -28.46670164    0.0000000000
  -28.44326814    0.0000000000
  -28.41983464    0.0000000000
  -28.39640114    0.0000000000
  -28.37296765    0.0000000000
  -28.34953415    0.0000000000
  -28.32610065    0.0000000000
  -28.30266715    0.0000000000
  -28.27923365    0.0000000000
  -28.25580015    0.0000000000
  -28.23236665    0.0000000000
  -28.20893315    0.0000000000
  -28.18549965    0.0000000000
  -28.16206615    0.0000000000
  -28.13863265    0.0000000000
  -28.11519915    0.0000000000
  -28.09176566    0.0000000000
  -28.06833216    0.0000000000
  -28.04489866    0.0000000000
  -28.02146516    0.0000000000
  -27.99803166    0.0000000000
  -27.97459816    0.0000000000
  -27.95116466    0.0000000000
  -27.92773116    0.0000000000
  -27.90429766    0.0000000000
  -27.88086416    0.0000000000
  -27.85743066    0.0000000000
  -27.83399716    0.0000000000
  -27.81056367    0.0000000000
  -27.78713017    0.0000000000
  -27.76369667    0.0000000000
  -27.74026317    0.0000000000
  -27.71682967    0.0000000000
  -27.69339617    0.0000000000
  -27.66996267    0.0000000000
  -27.64652917    0.0000000000
  -27.62309567    0.0000000000
  -27.59966217    0.0000000000
  -27.57622867    0.0000000000
  -27.55279517    0.0000000000
  -27.52936168    0.0000000000
  -27.50592818    0.0000000000
  -27.48249468    0.0000000000
  -27.45906118    0.0000000000
  -27.43562768    0.0000000000
  -27.41219418    0.0000000000
  -27.38876068    0.0000000000
  -27.36532718    0.0000000000
  -27.34189368    0.0000000000
  -27.31846018    0.0000000000
  -27.29502668    0.0000000000
  -27.27159318    0.0000000000
  -27.24815969    0.0000000000
  -27.22472619    0.0000000000
  -27.20129269    0.0000000000
  -27.17785919    0.0000000000
  -27.15442569    0.0000000000
  -27.13099219    0.0000000000
  -27.10755869    0.0000000000
  -27.08412519    0.0000000000
  -27.06069169    0.0000000000
  -27.03725819    0.0000000000
  -27.01382469    0.0000000000
  -26.99039119    0.0000000000
  -26.96695770    0.0000000000
  -26.94352420    0.0000000000
  -26.92009070    0.0000000000
  -26.89665720    0.0000000000
  -26.87322370    0.0000000000
  -26.84979020    0.0000000000
  -26.82635670    0.0000000000
  -26.80292320    0.0000000000
  -26.77948970    0.0000000000
  -26.75605620    0.0000000000
  -26.73262270    0.0000000000
  -26.70918920    0.0000000000
  -26.68575571    0.0000000000
  -26.66232221    0.0000000000
  -26.63888871    0.0000000000
  -26.61545521    0.0000000000
  -26.59202171    0.0000000000
  -26.56858821    0.0000000000
  -26.54515471    0.0000000000
  -26.52172121    0.0000000000
  -26.49828771    0.0000000000
  -26.47485421    0.0000000000
  -26.45142071    0.0000000000
  -26.42798721    0.0000000000
  -26.40455372    0.0000000000
  -26.38112022    0.0000000000
  -26.35768672    0.0000000000
  -26.33425322    0.0000000000
  -26.31081972    0.0000000000
  -26.28738622    0.0000000000
  -26.26395272    0.0000000000
  -26.24051922    0.0000000000
  -26.21708572    0.0000000000
  -26.19365222    0.0000000000
  -26.17021872    0.0000000000
  -26.14678522    0.0000000000
  -26.12335173    0.0000000000
  -26.09991823    0.0000000000
  -26.07648473    0.0000000000
  -26.05305123    0.0000000000
  -26.02961773    0.0000000000
  -26.00618423    0.0000000000
  -25.98275073    0.0000000000
  -25.95931723    0.0000000000
  -25.93588373    0.0000000000
  -25.91245023    0.0000000000
  -25.88901673    0.0000000000
  -25.86558323    0.0000000000
  -25.84214974    0.0000000000
  -25.81871624    0.0000000000
  -25.79528274    0.0000000000
  -25.77184924    0.0000000000
  -25.74841574    0.0000000000
  -25.72498224    0.0000000000
  -25.70154874    0.0000000000
  -25.67811524    0.0000000000
  -25.65468174    0.0000000000
  -25.63124824    0.0000000000
  -25.60781474    0.0000000000
  -25.58438124    0.0000000000
  -25.56094775    0.0000000000
  -25.53751425    0.0000000000
  -25.51408075    0.0000000000
  -25.49064725    0.0000000000
  -25.46721375    0.0000000000
  -25.44378025    0.0000000000
  -25.42034675    0.0000000000
  -25.39691325    0.0000000000
  -25.37347975    0.0000000000
  -25.35004625    0.0000000000
  -25.32661275    0.0000000000
  -25.30317925    0.0000000000
  -25.27974576    0.0000000000
  -25.25631226    0.0000000000
  -25.23287876    0.0000000000
  -25.20944526    0.0000000000
  -25.18601176    0.0000000000
  -25.16257826    0.0000000000
  -25.13914476    0.0000000000
  -25.11571126    0.0000000000
  -25.09227776    0.0000000000
  -25.06884426    0.0000000000
  -25.04541076    0.0000000000
  -25.02197726    0.0000000000
  -24.99854377    0.0000000000
  -24.97511027    0.0000000000
  -24.95167677    0.0000000000
  -24.92824327    0.0000000000
  -24.90480977    0.0000000000
  -24.88137627    0.0000000000
  -24.85794277    0.0000000000
  -24.83450927    0.0000000000
  -24.81107577    0.0000000000
  -24.78764227    0.0000000000
  -24.76420877    0.0000000000
  -24.74077527    0.0000000000
  -24.71734178    0.0000000000
  -24.69390828    0.0000000000
  -24.67047478    0.0000000000
  -24.64704128    0.0000000000
  -24.62360778    0.0000000000
  -24.60017428    0.0000000000
  -24.57674078    0.0000000000
  -24.55330728    0.0000000000
  -24.52987378    0.0000000000
  -24.50644028    0.0000000000
  -24.48300678    0.0000000000
  -24.45957328    0.0000000000
  -24.43613978    0.0000000000
  -24.41270629    0.0000000000
  -24.38927279    0.0000000000
  -24.36583929    0.0000000000
  -24.34240579    0.0000000000
  -24.31897229    0.0000000000
  -24.29553879    0.0000000000
  -24.27210529    0.0000000000
  -24.24867179    0.0000000000
  -24.22523829    0.0000000000
  -24.20180479    0.0000000000
  -24.17837129    0.0000000000
  -24.15493779    0.0000000000
  -24.13150430    0.0000000000
  -24.10807080    0.0000000000
  -24.08463730    0.0000000000
  -24.06120380    0.0000000000
  -24.03777030    0.0000000000
  -24.01433680    0.0000000000
  -23.99090330    0.0000000000
  -23.96746980    0.0000000000
  -23.94403630    0.0000000000
  -23.92060280    0.0000000000
  -23.89716930    0.0000000000
  -23.87373580    0.0000000000
  -23.85030231    0.0000000000
  -23.82686881    0.0000000000
  -23.80343531    0.0000000000
  -23.78000181    0.0000000000
  -23.75656831    0.0000000000
  -23.73313481    0.0000000000
  -23.70970131    0.0000000000
  -23.68626781    0.0000000000
  -23.66283431    0.0000000000
  -23.63940081    0.0000000000
  -23.61596731    0.0000000000
  -23.59253381    0.0000000000
  -23.56910032    0.0000000000
  -23.54566682    0.0000000000
  -23.52223332    0.0000000000
  -23.49879982    0.0000000000
  -23.47536632    0.0000000000
  -23.45193282    0.0000000000
  -23.42849932    0.0000000000
  -23.40506582    0.0000000000
  -23.38163232    0.0000000000
  -23.35819882    0.0000000000
  -23.33476532    0.0000000000
  -23.31133182    0.0000000000
  -23.28789833    0.0000000000
  -23.26446483    0.0000000000
  -23.24103133    0.0000000000
  -23.21759783    0.0000000000
  -23.19416433    0.0000000000
  -23.17073083    0.0000000000
  -23.14729733    0.0000000000
  -23.12386383    0.0000000000
  -23.10043033    0.0000000000
  -23.07699683    0.0000000000
  -23.05356333    0.0000000000
  -23.03012983    0.0000000000
  -23.00669634    0.0000000000
  -22.98326284    0.0000000000
  -22.95982934    0.0000000000
  -22.93639584    0.0000000000
  -22.91296234    0.0000000000
  -22.88952884    0.0000000000
  -22.86609534    0.0000000000
  -22.84266184    0.0000000000
  -22.81922834    0.0000000000
  -22.79579484    0.0000000000
  -22.77236134    0.0000000000
  -22.74892784    0.0000000000
  -22.72549435    0.0000000000
  -22.70206085    0.0000000000
  -22.67862735    0.0000000000
  -22.65519385    0.0000000000
  -22.63176035    0.0000000000
  -22.60832685    0.0000000000
  -22.58489335    0.0000000000
  -22.56145985    0.0000000000
  -22.53802635    0.0000000000
  -22.51459285    0.0000000000
  -22.49115935    0.0000000000
  -22.46772585    0.0000000000
  -22.44429236    0.0000000000
  -22.42085886    0.0000000000
  -22.39742536    0.0000000000
  -22.37399186    0.0000000000
  -22.35055836    0.0000000000
  -22.32712486    0.0000000000
  -22.30369136    0.0000000000
  -22.28025786    0.0000000000
  -22.25682436    0.0000000000
  -22.23339086    0.0000000000
  -22.20995736    0.0000000000
  -22.18652386    0.0000000000
  -22.16309037    0.0000000000
  -22.13965687    0.0000000000
  -22.11622337    0.0000000000
  -22.09278987    0.0000000000
  -22.06935637    0.0000000000
  -22.04592287    0.0000000000
  -22.02248937    0.0000000000
  -21.99905587    0.0000000000
  -21.97562237    0.0000000000
  -21.95218887    0.0000000000
  -21.92875537    0.0000000000
  -21.90532187    0.0000000000
  -21.88188838    0.0000000000
  -21.85845488    0.0000000000
  -21.83502138    0.0000000000
  -21.81158788    0.0000000000
  -21.78815438    0.0000000000
  -21.76472088    0.0000000000
  -21.74128738    0.0000000000
  -21.71785388    0.0000000000
  -21.69442038    0.0000000000
  -21.67098688    0.0000000000
  -21.64755338    0.0000000000
  -21.62411988    0.0000000000
  -21.60068639    0.0000000000
  -21.57725289    0.0000000000
  -21.55381939    0.0000000000
  -21.53038589    0.0000000000
  -21.50695239    0.0000000000
  -21.48351889    0.0000000000
  -21.46008539    0.0000000000
  -21.43665189    0.0000000000
  -21.41321839    0.0000000000
  -21.38978489    0.0000000000
  -21.36635139    0.0000000000
  -21.34291789    0.0000000000
  -21.31948440    0.0000000000
  -21.29605090    0.0000000000
  -21.27261740    0.0000000000
  -21.24918390    0.0000000000
  -21.22575040    0.0000000000
  -21.20231690    0.0000000000
  -21.17888340    0.0000000000
  -21.15544990    0.0000000000
  -21.13201640    0.0000000000
  -21.10858290    0.0000000000
  -21.08514940    0.0000000000
  -21.06171590    0.0000000000
  -21.03828241    0.0000000000
  -21.01484891    0.0000000000
  -20.99141541    0.0000000000
  -20.96798191    0.0000000000
  -20.94454841    0.0000000000
  -20.92111491    0.0000000000
  -20.89768141    0.0000000000
  -20.87424791    0.0000000000
  -20.85081441    0.0000000000
  -20.82738091    0.0000000000
  -20.80394741    0.0000000000
  -20.78051391    0.0000000000
  -20.75708042    0.0000000000
  -20.73364692    0.0000000000
  -20.71021342    0.0000000000
  -20.68677992    0.0000000000
  -20.66334642    0.0000000000
  -20.63991292    0.0000000000
  -20.61647942    0.0000000000
  -20.59304592    0.0000000000
  -20.56961242    0.0000000000
  -20.54617892    0.0000000000
  -20.52274542    0.0000000000
  -20.49931192    0.0000000000
  -20.47587843    0.0000000000
  -20.45244493    0.0000000000
  -20.42901143    0.0000000000
  -20.40557793    0.0000000000
  -20.38214443    0.0000000000
  -20.35871093    0.0000000000
  -20.33527743    0.0000000000
  -20.31184393    0.0000000000
  -20.28841043    0.0000000000
  -20.26497693    0.0000000000
  -20.24154343    0.0000000000
  -20.21810993    0.0000000000
  -20.19467643    0.0000000000
  -20.17124294    0.0000000000
  -20.14780944    0.0000000000
  -20.12437594    0.0000000000
  -20.10094244    0.0000000000
  -20.07750894    0.0000000000
  -20.05407544    0.0000000000
  -20.03064194    0.0000000000
  -20.00720844    0.0000000000
  -19.98377494    0.0000000000
  -19.96034144    0.0000000000
  -19.93690794    0.0000000000
  -19.91347444    0.0000000000
  -19.89004095    0.0000000000
  -19.86660745    0.0000000000
  -19.84317395    0.0000000000
  -19.81974045    0.0000000000
  -19.79630695    0.0000000000
  -19.77287345    0.0000000000
  -19.74943995    0.0000000000
  -19.72600645    0.0000000000
  -19.70257295    0.0000000000
  -19.67913945    0.0000000000
  -19.65570595    0.0000000000
  -19.63227245    0.0000000000
  -19.60883896    0.0000000000
  -19.58540546    0.0000000000
  -19.56197196    0.0000000000
  -19.53853846    0.0000000000
  -19.51510496    0.0000000000
  -19.49167146    0.0000000000
  -19.46823796    0.0000000000
  -19.44480446    0.0000000000
  -19.42137096    0.0000000000
  -19.39793746    0.0000000000
  -19.37450396    0.0000000000
  -19.35107046    0.0000000000
  -19.32763697    0.0000000000
  -19.30420347    0.0000000000
  -19.28076997    0.0000000000
  -19.25733647    0.0000000000
  -19.23390297    0.0000000000
  -19.21046947    0.0000000000
  -19.18703597    0.0000000000
  -19.16360247    0.0000000000
  -19.14016897    0.0000000000
  -19.11673547    0.0000000000
  -19.09330197    0.0000000000
  -19.06986847    0.0000000000
  -19.04643498    0.0000000000
  -19.02300148    0.0000000000
  -18.99956798    0.0000000000
  -18.97613448    0.0000000000
  -18.95270098    0.0000000000
  -18.92926748    0.0000000000
  -18.90583398    0.0000000000
  -18.88240048    0.0000000000
  -18.85896698    0.0000000000
  -18.83553348    0.0000000000
  -18.81209998    0.0000000000
  -18.78866648    0.0000000000
  -18.76523299    0.0000000000
  -18.74179949    0.0000000000
  -18.71836599    0.0000000000
  -18.69493249    0.0000000000
  -18.67149899    0.0000000000
  -18.64806549    0.0000000000
  -18.62463199    0.0000000000
  -18.60119849    0.0000000000
  -18.57776499    0.0000000000
  -18.55433149    0.0000000000
  -18.53089799    0.0000000000
  -18.50746449    0.0000000000
  -18.48403100    0.0000000000
  -18.46059750    0.0000000000
  -18.43716400    0.0000000000
  -18.41373050    0.0000000000
  -18.39029700    0.0000000000
  -18.36686350    0.0000000000
  -18.34343000    0.0000000000
  -18.31999650    0.0000000000
  -18.29656300    0.0000000000
  -18.27312950    0.0000000000
  -18.24969600    0.0000000000
  -18.22626250    0.0000000000
  -18.20282901    0.0000000000
  -18.17939551    0.0000000000
  -18.15596201    0.0000000000
  -18.13252851    0.0000000000
  -18.10909501    0.0000000000
  -18.08566151    0.0000000000
  -18.06222801    0.0000000000
  -18.03879451    0.0000000000
  -18.01536101    0.0000000000
  -17.99192751    0.0000000000
  -17.96849401    0.0000000000
  -17.94506051    0.0000000000
  -17.92162702    0.0000000000
  -17.89819352    0.0000000000
  -17.87476002    0.0000000000
  -17.85132652    0.0000000000
  -17.82789302    0.0000000000
  -17.80445952    0.0000000000
  -17.78102602    0.0000000000
  -17.75759252    0.0000000000
  -17.73415902    0.0000000000
  -17.71072552    0.0000000000
  -17.68729202    0.0000000000
  -17.66385852    0.0000000000
  -17.64042503    0.0000000000
  -17.61699153    0.0000000000
  -17.59355803    0.0000000000
  -17.57012453    0.0000000000
  -17.54669103    0.0000000000
  -17.52325753    0.0000000000
  -17.49982403    0.0000000000
  -17.47639053    0.0000000000
  -17.45295703    0.0000000000
  -17.42952353    0.0000000000
  -17.40609003    0.0000000000
  -17.38265653    0.0000000000
  -17.35922304    0.0000000000
  -17.33578954    0.0000000000
  -17.31235604    0.0000000000
  -17.28892254    0.0000000000
  -17.26548904    0.0000000000
  -17.24205554    0.0000000000
  -17.21862204    0.0000000000
  -17.19518854    0.0000000000
  -17.17175504    0.0000000000
  -17.14832154    0.0000000000
  -17.12488804    0.0000000000
  -17.10145454    0.0000000000
  -17.07802105    0.0000000000
  -17.05458755    0.0000000000
  -17.03115405    0.0000000000
  -17.00772055    0.0000000000
  -16.98428705    0.0000000000
  -16.96085355    0.0000000000
  -16.93742005    0.0000000000
  -16.91398655    0.0000000000
  -16.89055305    0.0000000000
  -16.86711955    0.0000000000
  -16.84368605    0.0000000000
  -16.82025255    0.0000000000
  -16.79681906    0.0000000000
  -16.77338556    0.0000000000
  -16.74995206    0.0000000000
  -16.72651856    0.0000000000
  -16.70308506    0.0000000000
  -16.67965156    0.0000000000
  -16.65621806    0.0000000000
  -16.63278456    0.0000000000
  -16.60935106    0.0000000000
  -16.58591756    0.0000000000
  -16.56248406    0.0000000000
  -16.53905056    0.0000000000
  -16.51561707    0.0000000000
  -16.49218357    0.0000000000
  -16.46875007    0.0000000000
  -16.44531657    0.0000000000
  -16.42188307    0.0000000000
  -16.39844957    0.0000000000
  -16.37501607    0.0000000000
  -16.35158257    0.0000000000
  -16.32814907    0.0000000000
  -16.30471557    0.0000000000
  -16.28128207    0.0000000000
  -16.25784857    0.0000000000
  -16.23441508    0.0000000000
  -16.21098158    0.0000000000
  -16.18754808    0.0000000000
  -16.16411458    0.0000000000
  -16.14068108    0.0000000000
  -16.11724758    0.0000000000
  -16.09381408    0.0000000000
  -16.07038058    0.0000000000
  -16.04694708    0.0000000000
  -16.02351358    0.0000000000
  -16.00008008    0.0000000000
  -15.97664658    0.0000000000
  -15.95321309    0.0000000000
  -15.92977959    0.0000000000
  -15.90634609    0.0000000000
  -15.88291259    0.0000000000
  -15.85947909    0.0000000000
  -15.83604559    0.0000000000
  -15.81261209    0.0000000000
  -15.78917859    0.0000000000
  -15.76574509    0.0000000000
  -15.74231159    0.0000000000
  -15.71887809    0.0000000000
  -15.69544459    0.0000000000
  -15.67201109    0.0000000000
  -15.64857760    0.0000000000
  -15.62514410    0.0000000000
  -15.60171060    0.0000000000
  -15.57827710    0.0000000000
  -15.55484360    0.0000000000
  -15.53141010    0.0000000000
  -15.50797660    0.0000000000
  -15.48454310    0.0000000000
  -15.46110960    0.0000000000
  -15.43767610    0.0000000000
  -15.41424260    0.0000000000
  -15.39080910    0.0000000000
  -15.36737561    0.0000000000
  -15.34394211    0.0000000000
  -15.32050861    0.0000000000
  -15.29707511    0.0000000000
  -15.27364161    0.0000000000
  -15.25020811    0.0000000000
  -15.22677461    0.0000000000
  -15.20334111    0.0000000000
  -15.17990761    0.0000000000
  -15.15647411    0.0000000000
  -15.13304061    0.0000000000
  -15.10960711    0.0000000000
  -15.08617362    0.0000000000
  -15.06274012    0.0000000000
  -15.03930662    0.0000000000
  -15.01587312    0.0000000000
  -14.99243962    0.0000000000
  -14.96900612    0.0000000000
  -14.94557262    0.0000000000
  -14.92213912    0.0000000000
  -14.89870562    0.0000000000
  -14.87527212    0.0000000000
  -14.85183862    0.0000000000
  -14.82840512    0.0000000000
  -14.80497163    0.0000000000
  -14.78153813    0.0000000000
  -14.75810463    0.0000000000
  -14.73467113    0.0000000000
  -14.71123763    0.0000000000
  -14.68780413    0.0000000000
  -14.66437063    0.0000000000
  -14.64093713    0.0000000000
  -14.61750363    0.0000000000
  -14.59407013    0.0000000000
  -14.57063663    0.0000000000
  -14.54720313    0.0000000000
  -14.52376964    0.0000000000
  -14.50033614    0.0000000000
  -14.47690264    0.0000000000
  -14.45346914    0.0000000000
  -14.43003564    0.0000000000
  -14.40660214    0.0000000000
  -14.38316864    0.0000000000
  -14.35973514    0.0000000000
  -14.33630164    0.0000000000
  -14.31286814    0.0000000000
  -14.28943464    0.0000000000
  -14.26600114    0.0000000000
  -14.24256765    0.0000000000
  -14.21913415    0.0000000000
  -14.19570065    0.0000000000
  -14.17226715    0.0000000000
  -14.14883365    0.0000000000
  -14.12540015    0.0000000000
  -14.10196665    0.0000000000
  -14.07853315    0.0000000000
  -14.05509965    0.0000000000
  -14.03166615    0.0000000000
  -14.00823265    0.0000000000
  -13.98479915    0.0000000000
  -13.96136566    0.0000000000
  -13.93793216    0.0000000000
  -13.91449866    0.0000000000
  -13.89106516    0.0000000000
  -13.86763166    0.0000000000
  -13.84419816    0.0000000000
  -13.82076466    0.0000000000
  -13.79733116    0.0000000000
  -13.77389766    0.0000000000
  -13.75046416    0.0000000000
  -13.72703066    0.0000000000
  -13.70359716    0.0000000000
  -13.68016367    0.0000000000
  -13.65673017    0.0000000000
  -13.63329667    0.0000000000
  -13.60986317    0.0000000000
  -13.58642967    0.0000000000
  -13.56299617    0.0000000000
  -13.53956267    0.0000000000
  -13.51612917    0.0000000000
  -13.49269567    0.0000000000
  -13.46926217    0.0000000000
  -13.44582867    0.0000000000
  -13.42239517    0.0000000000
  -13.39896168    0.0000000000
  -13.37552818    0.0000000000
  -13.35209468    0.0000000000
  -13.32866118    0.0000000000
  -13.30522768    0.0000000000
  -13.28179418    0.0000000000
  -13.25836068    0.0000000000
  -13.23492718    0.0000000000
  -13.21149368    0.0000000000
  -13.18806018    0.0000000000
  -13.16462668    0.0000000000
  -13.14119318    0.0000000000
  -13.11775969    0.0000000000
  -13.09432619    0.0000000000
  -13.07089269    0.0000000000
  -13.04745919    0.0000000000
  -13.02402569    0.0000000000
  -13.00059219    0.0000000000
  -12.97715869    0.0000000000
  -12.95372519    0.0000000000
  -12.93029169    0.0000000000
  -12.90685819    0.0000000000
  -12.88342469    0.0000000000
  -12.85999119    0.0000000000
  -12.83655770    0.0000000000
  -12.81312420    0.0000000000
  -12.78969070    0.0000000000
  -12.76625720    0.0000000000
  -12.74282370    0.0000000000
  -12.71939020    0.0000000000
  -12.69595670    0.0000000000
  -12.67252320    0.0000000000
  -12.64908970    0.0000000000
  -12.62565620    0.0000000000
  -12.60222270    0.0000000000
  -12.57878920    0.0000000000
  -12.55535571    0.0000000000
  -12.53192221    0.0000000000
  -12.50848871    0.0000000000
  -12.48505521    0.0000000000
  -12.46162171    0.0000000000
  -12.43818821    0.0000000000
  -12.41475471    0.0000000000
  -12.39132121    0.0000000000
  -12.36788771    0.0000000000
  -12.34445421    0.0000000000
  -12.32102071    0.0000000000
  -12.29758721    0.0000000000
  -12.27415372    0.0000000000
  -12.25072022    0.0000000000
  -12.22728672    0.0000000000
  -12.20385322    0.0000000000
  -12.18041972    0.0000000000
  -12.15698622    0.0000000000
  -12.13355272    0.0000000000
  -12.11011922    0.0000000000
  -12.08668572    0.0000000000
  -12.06325222    0.0000000000
  -12.03981872    0.0000000000
  -12.01638522    0.0000000000
  -11.99295173    0.0000000000
  -11.96951823    0.0000000000
  -11.94608473    0.0000000000
  -11.92265123    0.0000000000
  -11.89921773    0.0000000000
  -11.87578423    0.0000000000
  -11.85235073    0.0000000000
  -11.82891723    0.0000000000
  -11.80548373    0.0000000000
  -11.78205023    0.0000000000
  -11.75861673    0.0000000000
  -11.73518323    0.0000000000
  -11.71174974    0.0000000000
  -11.68831624    0.0000000000
  -11.66488274    0.0000000000
  -11.64144924    0.0000000000
  -11.61801574    0.0000000000
  -11.59458224    0.0000000000
  -11.57114874    0.0000000000
  -11.54771524    0.0000000000
  -11.52428174    0.0000000000
  -11.50084824    0.0000000000
  -11.47741474    0.0000000000
  -11.45398124    0.0000000000
  -11.43054775    0.0000000000
  -11.40711425    0.0000000000
  -11.38368075    0.0000000000
  -11.36024725    0.0000000000
  -11.33681375    0.0000000000
  -11.31338025    0.0000000000
  -11.28994675    0.0000000000
  -11.26651325    0.0000000000
  -11.24307975    0.0000000000
  -11.21964625    0.0000000000
  -11.19621275    0.0000000000
  -11.17277925    0.0000000000
  -11.14934575    0.0000000000
  -11.12591226    0.0000000000
  -11.10247876    0.0000000000
  -11.07904526    0.0000000000
  -11.05561176    0.0000000000
  -11.03217826    0.0000000000
  -11.00874476    0.0000000002
  -10.98531126    0.0000000013
  -10.96187776    0.0000000077
  -10.93844426    0.0000000428
  -10.91501076    0.0000002206
  -10.89157726    0.0000010549
  -10.86814376    0.0000046743
  -10.84471027    0.0000191941
  -10.82127677    0.0000730396
  -10.79784327    0.0002575651
  -10.77440977    0.0008416945
  -10.75097627    0.0025489448
  -10.72754277    0.0071532754
  -10.70410927    0.0186032150
  -10.68067577    0.0448342202
  -10.65724227    0.1001312849
  -10.63380877    0.2072375790
  -10.61037527    0.3974713079
  -10.58694177    0.7064502946
  -10.56350828    1.1635793096
  -10.54007478    1.7760243777
  -10.51664128    2.5121201549
  -10.49320778    3.2928386149
  -10.46977428    3.9998070089
  -10.44634078    4.5024218251
  -10.42290728    4.6966898024
  -10.39947378    4.5402119490
  -10.37604028    4.0672318502
  -10.35260678    3.3764497068
  -10.32917328    2.5975277347
  -10.30573978    1.8518195062
  -10.28230629    1.2234202605
  -10.25887279    0.7490162419
  -10.23543929    0.4249573595
  -10.21200579    0.2234282209
  -10.18857229    0.1088602313
  -10.16513879    0.0491517552
  -10.14170529    0.0205658831
  -10.11827179    0.0079743308
  -10.09483829    0.0028653632
  -10.07140479    0.0009541215
  -10.04797129    0.0002944193
  -10.02453779    0.0000841913
  -10.00110430    0.0000223104
   -9.97767080    0.0000054788
   -9.95423730    0.0000012468
   -9.93080380    0.0000002629
   -9.90737030    0.0000000514
   -9.88393680    0.0000000093
   -9.86050330    0.0000000016
   -9.83706980    0.0000000002
   -9.81363630    0.0000000000
   -9.79020280    0.0000000000
   -9.76676930    0.0000000000
   -9.74333580    0.0000000000
   -9.71990231    0.0000000000
   -9.69646881    0.0000000000
   -9.67303531    0.0000000000
   -9.64960181    0.0000000000
   -9.62616831    0.0000000000
   -9.60273481    0.0000000000
   -9.57930131    0.0000000000
   -9.55586781    0.0000000000
   -9.53243431    0.0000000000
   -9.50900081    0.0000000000
   -9.48556731    0.0000000000
   -9.46213381    0.0000000000
   -9.43870032    0.0000000000
   -9.41526682    0.0000000000
   -9.39183332    0.0000000000
   -9.36839982    0.0000000000
   -9.34496632    0.0000000000
   -9.32153282    0.0000000000
   -9.29809932    0.0000000000
   -9.27466582    0.0000000000
   -9.25123232    0.0000000000
   -9.22779882    0.0000000000
   -9.20436532    0.0000000000
   -9.18093182    0.0000000000
   -9.15749833    0.0000000000
   -9.13406483    0.0000000000
   -9.11063133    0.0000000000
   -9.08719783    0.0000000000
   -9.06376433    0.0000000000
   -9.04033083    0.0000000001
   -9.01689733    0.0000000007
   -8.99346383    0.0000000041
   -8.97003033    0.0000000232
   -8.94659683    0.0000001230
   -8.92316333    0.0000006045
   -8.89972983    0.0000027534
   -8.87629634    0.0000116218
   -8.85286284    0.0000454584
   -8.82942934    0.0001647751
   -8.80599584    0.0005534875
   -8.78256234    0.0017229098
   -8.75912884    0.0049699936
   -8.73569534    0.0132857984
   -8.71226184    0.0329122853
   -8.68882834    0.0755556546
   -8.66539484    0.1607364822
   -8.64196134    0.3168841369
   -8.61852784    0.5789287156
   -8.59509435    0.9801402794
   -8.57166085    1.5377648704
   -8.54822735    2.2357857642
   -8.52479385    3.0123746942
   -8.50136035    3.7611993076
   -8.47792685    4.3519335678
   -8.45449335    4.6663436595
   -8.43105985    4.6367078782
   -8.40762635    4.2695421335
   -8.38419285    3.6432705640
   -8.36075935    2.8809790421
   -8.33732585    2.1111900283
   -8.31389236    1.4336829014
   -8.29045886    0.9022303629
   -8.26702536    0.5261630229
   -8.24359186    0.2843555848
   -8.22015836    0.1424104155
   -8.19672486    0.0660937354
   -8.17329136    0.0284261075
   -8.14985786    0.0113295600
   -8.12642436    0.0041845354
   -8.10299086    0.0014322539
   -8.07955736    0.0004542880
   -8.05612386    0.0001335307
   -8.03269037    0.0000363722
   -8.00925687    0.0000091811
   -7.98582337    0.0000021476
   -7.96238987    0.0000004655
   -7.93895637    0.0000000935
   -7.91552287    0.0000000174
   -7.89208937    0.0000000030
   -7.86865587    0.0000000005
   -7.84522237    0.0000000001
   -7.82178887    0.0000000000
   -7.79835537    0.0000000000
   -7.77492187    0.0000000000
   -7.75148838    0.0000000000
   -7.72805488    0.0000000000
   -7.70462138    0.0000000000
   -7.68118788    0.0000000000
   -7.65775438    0.0000000000
   -7.63432088    0.0000000000
   -7.61088738    0.0000000000
   -7.58745388    0.0000000000
   -7.56402038    0.0000000000
   -7.54058688    0.0000000000
   -7.51715338    0.0000000000
   -7.49371988    0.0000000000
   -7.47028639    0.0000000000
   -7.44685289    0.0000000000
   -7.42341939    0.0000000000
   -7.39998589    0.0000000000
   -7.37655239    0.0000000000
   -7.35311889    0.0000000000
   -7.32968539    0.0000000000
   -7.30625189    0.0000000000
   -7.28281839    0.0000000000
   -7.25938489    0.0000000000
   -7.23595139    0.0000000000
   -7.21251789    0.0000000000
   -7.18908440    0.0000000000
   -7.16565090    0.0000000000
   -7.14221740    0.0000000000
   -7.11878390    0.0000000000
   -7.09535040    0.0000000000
   -7.07191690    0.0000000000
   -7.04848340    0.0000000000
   -7.02504990    0.0000000000
   -7.00161640    0.0000000000
   -6.97818290    0.0000000000
   -6.95474940    0.0000000000
   -6.93131590    0.0000000000
   -6.90788241    0.0000000000
   -6.88444891    0.0000000000
   -6.86101541    0.0000000000
   -6.83758191    0.0000000000
   -6.81414841    0.0000000000
   -6.79071491    0.0000000000
   -6.76728141    0.0000000000
   -6.74384791    0.0000000000
   -6.72041441    0.0000000000
   -6.69698091    0.0000000000
   -6.67354741    0.0000000000
   -6.65011391    0.0000000000
   -6.62668041    0.0000000000
   -6.60324692    0.0000000000
   -6.57981342    0.0000000000
   -6.55637992    0.0000000000
   -6.53294642    0.0000000000
   -6.50951292    0.0000000000
   -6.48607942    0.0000000000
   -6.46264592    0.0000000000
   -6.43921242    0.0000000000
   -6.41577892    0.0000000000
   -6.39234542    0.0000000000
   -6.36891192    0.0000000000
   -6.34547842    0.0000000000
   -6.32204493    0.0000000000
   -6.29861143    0.0000000000
   -6.27517793    0.0000000000
   -6.25174443    0.0000000000
   -6.22831093    0.0000000000
   -6.20487743    0.0000000000
   -6.18144393    0.0000000000
   -6.15801043    0.0000000000
   -6.13457693    0.0000000000
   -6.11114343    0.0000000000
   -6.08770993    0.0000000000
   -6.06427643    0.0000000000
   -6.04084294    0.0000000000
   -6.01740944    0.0000000000
   -5.99397594    0.0000000000
   -5.97054244    0.0000000000
   -5.94710894    0.0000000000
   -5.92367544    0.0000000000
   -5.90024194    0.0000000000
   -5.87680844    0.0000000000
   -5.85337494    0.0000000000
   -5.82994144    0.0000000000
   -5.80650794    0.0000000000
   -5.78307444    0.0000000000
   -5.75964095    0.0000000000
   -5.73620745    0.0000000000
   -5.71277395    0.0000000000
   -5.68934045    0.0000000000
   -5.66590695    0.0000000000
   -5.64247345    0.0000000000
   -5.61903995    0.0000000000
   -5.59560645    0.0000000000
   -5.57217295    0.0000000000
   -5.54873945    0.0000000000
   -5.52530595    0.0000000000
   -5.50187245    0.0000000000
   -5.47843896    0.0000000000
   -5.45500546    0.0000000000
   -5.43157196    0.0000000000
   -5.40813846    0.0000000000
   -5.38470496    0.0000000000
   -5.36127146    0.0000000000
   -5.33783796    0.0000000000
   -5.31440446    0.0000000000
   -5.29097096    0.0000000000
   -5.26753746    0.0000000000
   -5.24410396    0.0000000000
   -5.22067046    0.0000000000
   -5.19723697    0.0000000000
   -5.17380347    0.0000000000
   -5.15036997    0.0000000000
   -5.12693647    0.0000000000
   -5.10350297    0.0000000000
   -5.08006947    0.0000000000
   -5.05663597    0.0000000000
   -5.03320247    0.0000000000
   -5.00976897    0.0000000000
   -4.98633547    0.0000000000
   -4.96290197    0.0000000000
   -4.93946847    0.0000000000
   -4.91603498    0.0000000000
   -4.89260148    0.0000000000
   -4.86916798    0.0000000000
   -4.84573448    0.0000000000
   -4.82230098    0.0000000000
   -4.79886748    0.0000000000
   -4.77543398    0.0000000000
   -4.75200048    0.0000000000
   -4.72856698    0.0000000000
   -4.70513348    0.0000000000
   -4.68169998    0.0000000000
   -4.65826648    0.0000000000
   -4.63483299    0.0000000000
   -4.61139949    0.0000000000
   -4.58796599    0.0000000001
   -4.56453249    0.0000000005
   -4.54109899    0.0000000033
   -4.51766549    0.0000000189
   -4.49423199    0.0000001014
   -4.47079849    0.0000005029
   -4.44736499    0.0000023111
   -4.42393149    0.0000098428
   -4.40049799    0.0000388475
   -4.37706449    0.0001420845
   -4.35363100    0.0004815798
   -4.33019750    0.0015126155
   -4.30676400    0.0044027838
   -4.28333050    0.0118758505
   -4.25989700    0.0296852446
   -4.23646350    0.0687630442
   -4.21303000    0.1476073935
   -4.18959650    0.2936294967
   -4.16616300    0.5412897495
   -4.14272950    0.9246949331
   -4.11929600    1.4638807701
   -4.09586250    2.1475905615
   -4.07242901    2.9196838005
   -4.04899551    3.6783979065
   -4.02556201    4.2945745501
   -4.00212851    4.6464379130
   -3.97869501    4.6586349815
   -3.95526151    4.3284836503
   -3.93182801    3.7269316857
   -3.90839451    2.9737580860
   -3.88496101    2.1988641189
   -3.86152751    1.5067101084
   -3.83809401    0.9567524086
   -3.81466051    0.5629994614
   -3.79122702    0.3070117148
   -3.76779352    0.1551459590
   -3.74436002    0.0726548385
   -3.72092652    0.0315302322
   -3.69749302    0.0126802655
   -3.67405952    0.0047257210
   -3.65062602    0.0016320985
   -3.62719252    0.0005223519
   -3.60375902    0.0001549240
   -3.58032552    0.0000425807
   -3.55689202    0.0000108454
   -3.53345852    0.0000025599
   -3.51002503    0.0000005599
   -3.48659153    0.0000001135
   -3.46315803    0.0000000213
   -3.43972453    0.0000000037
   -3.41629103    0.0000000006
   -3.39285753    0.0000000001
   -3.36942403    0.0000000000
   -3.34599053    0.0000000000
   -3.32255703    0.0000000000
   -3.29912353    0.0000000000
   -3.27569003    0.0000000000
   -3.25225653    0.0000000000
   -3.22882304    0.0000000000
   -3.20538954    0.0000000000
   -3.18195604    0.0000000000
   -3.15852254    0.0000000000
   -3.13508904    0.0000000000
   -3.11165554    0.0000000000
   -3.08822204    0.0000000000
   -3.06478854    0.0000000000
   -3.04135504    0.0000000000
   -3.01792154    0.0000000000
   -2.99448804    0.0000000000
   -2.97105454    0.0000000000
   -2.94762105    0.0000000000
   -2.92418755    0.0000000000
   -2.90075405    0.0000000000
   -2.87732055    0.0000000000
   -2.85388705    0.0000000000
   -2.83045355    0.0000000000
   -2.80702005    0.0000000000
   -2.78358655    0.0000000000
   -2.76015305    0.0000000000
   -2.73671955    0.0000000000
   -2.71328605    0.0000000000
   -2.68985255    0.0000000000
   -2.66641906    0.0000000000
   -2.64298556    0.0000000000
   -2.61955206    0.0000000000
   -2.59611856    0.0000000000
   -2.57268506    0.0000000000
   -2.54925156    0.0000000000
   -2.52581806    0.0000000000
   -2.50238456    0.0000000000
   -2.47895106    0.0000000000
   -2.45551756    0.0000000000
   -2.43208406    0.0000000000
   -2.40865056    0.0000000000
   -2.38521706    0.0000000000
   -2.36178357    0.0000000000
   -2.33835007    0.0000000000
   -2.31491657    0.0000000000
   -2.29148307    0.0000000000
   -2.26804957    0.0000000000
   -2.24461607    0.0000000000
   -2.22118257    0.0000000000
   -2.19774907    0.0000000000
   -2.17431557    0.0000000000
   -2.15088207    0.0000000000
   -2.12744857    0.0000000000
   -2.10401507    0.0000000000
   -2.08058158    0.0000000000
   -2.05714808    0.0000000000
   -2.03371458    0.0000000000
   -2.01028108    0.0000000000
   -1.98684758    0.0000000000
   -1.96341408    0.0000000000
   -1.93998058    0.0000000000
   -1.91654708    0.0000000000
   -1.89311358    0.0000000000
   -1.86968008    0.0000000000
   -1.84624658    0.0000000000
   -1.82281308    0.0000000000
   -1.79937959    0.0000000000
   -1.77594609    0.0000000000
   -1.75251259    0.0000000000
   -1.72907909    0.0000000000
   -1.70564559    0.0000000000
   -1.68221209    0.0000000000
   -1.65877859    0.0000000000
   -1.63534509    0.0000000000
   -1.61191159    0.0000000000
   -1.58847809    0.0000000000
   -1.56504459    0.0000000000
   -1.54161109    0.0000000000
   -1.51817760    0.0000000000
   -1.49474410    0.0000000000
   -1.47131060    0.0000000000
   -1.44787710    0.0000000000
   -1.42444360    0.0000000000
   -1.40101010    0.0000000000
   -1.37757660    0.0000000000
   -1.35414310    0.0000000000
   -1.33070960    0.0000000000
   -1.30727610    0.0000000000
   -1.28384260    0.0000000000
   -1.26040910    0.0000000000
   -1.23697561    0.0000000000
   -1.21354211    0.0000000000
   -1.19010861    0.0000000000
   -1.16667511    0.0000000000
   -1.14324161    0.0000000000
   -1.11980811    0.0000000000
   -1.09637461    0.0000000000
   -1.07294111    0.0000000000
   -1.04950761    0.0000000000
   -1.02607411    0.0000000000
   -1.00264061    0.0000000000
   -0.97920711    0.0000000000
   -0.95577362    0.0000000000
   -0.93234012    0.0000000000
   -0.90890662    0.0000000000
   -0.88547312    0.0000000000
   -0.86203962    0.0000000000
   -0.83860612    0.0000000000
   -0.81517262    0.0000000000
   -0.79173912    0.0000000000
   -0.76830562    0.0000000000
   -0.74487212    0.0000000000
   -0.72143862    0.0000000000
   -0.69800512    0.0000000000
   -0.67457163    0.0000000000
   -0.65113813    0.0000000000
   -0.62770463    0.0000000000
   -0.60427113    0.0000000000
   -0.58083763    0.0000000000
   -0.55740413    0.0000000000
   -0.53397063    0.0000000000
   -0.51053713    0.0000000000
   -0.48710363    0.0000000000
   -0.46367013    0.0000000000
   -0.44023663    0.0000000000
   -0.41680313    0.0000000000
   -0.39336964    0.0000000000
   -0.36993614    0.0000000000
   -0.34650264    0.0000000000
   -0.32306914    0.0000000000
   -0.29963564    0.0000000000
   -0.27620214    0.0000000000
   -0.25276864    0.0000000000
   -0.22933514    0.0000000000
   -0.20590164    0.0000000000
   -0.18246814    0.0000000000
   -0.15903464    0.0000000000
   -0.13560114    0.0000000000
   -0.11216765    0.0000000000
   -0.08873415    0.0000000000
   -0.06530065    0.0000000000
   -0.04186715    0.0000000000
   -0.01843365    0.0000000000
    0.00499985    0.0000000000
    0.02843335    0.0000000000
    0.05186685    0.0000000000
    0.07530035    0.0000000000
    0.09873385    0.0000000000
    0.12216735    0.0000000000
    0.14560085    0.0000000000
    0.16903434    0.0000000000
    0.19246784    0.0000000000
    0.21590134    0.0000000000
    0.23933484    0.0000000000
    0.26276834    0.0000000000
    0.28620184    0.0000000000
    0.30963534    0.0000000000
    0.33306884    0.0000000000
    0.35650234    0.0000000000
    0.37993584    0.0000000000
    0.40336934    0.0000000000
    0.42680284    0.0000000000
    0.45023633    0.0000000000
    0.47366983    0.0000000000
    0.49710333    0.0000000000
    0.52053683    0.0000000000
    0.54397033    0.0000000000
    0.56740383    0.0000000000
    0.59083733    0.0000000000
    0.61427083    0.0000000000
    0.63770433    0.0000000000
    0.66113783    0.0000000000
    0.68457133    0.0000000000
    0.70800483    0.0000000000
    0.73143832    0.0000000000
    0.75487182    0.0000000000
    0.77830532    0.0000000000
    0.80173882    0.0000000000
    0.82517232    0.0000000000
    0.84860582    0.0000000000
    0.87203932    0.0000000000
    0.89547282    0.0000000000
    0.91890632    0.0000000000
    0.94233982    0.0000000000
    0.96577332    0.0000000000
    0.98920682    0.0000000000
    1.01264031    0.0000000000
    1.03607381    0.0000000000
    1.05950731    0.0000000000
    1.08294081    0.0000000000
    1.10637431    0.0000000000
    1.12980781    0.0000000000
    1.15324131    0.0000000000
    1.17667481    0.0000000000
    1.20010831    0.0000000000
    1.22354181    0.0000000000
    1.24697531    0.0000000000
    1.27040881    0.0000000000
    1.29384230    0.0000000000
    1.31727580    0.0000000000
    1.34070930    0.0000000000
    1.36414280    0.0000000000
    1.38757630    0.0000000000
    1.41100980    0.0000000000
    1.43444330    0.0000000000
    1.45787680    0.0000000000
    1.48131030    0.0000000000
    1.50474380    0.0000000000
    1.52817730    0.0000000000
    1.55161080    0.0000000000
    1.57504429    0.0000000000
    1.59847779    0.0000000000
    1.62191129    0.0000000000
    1.64534479    0.0000000000
    1.66877829    0.0000000000
    1.69221179    0.0000000000
    1.71564529    0.0000000000
    1.73907879    0.0000000000
    1.76251229    0.0000000000
    1.78594579    0.0000000000
    1.80937929    0.0000000000
    1.83281279    0.0000000000
    1.85624628    0.0000000000
    1.87967978    0.0000000000
    1.90311328    0.0000000000
    1.92654678    0.0000000000
    1.94998028    0.0000000000
    1.97341378    0.0000000000
    1.99684728    0.0000000000
    2.02028078    0.0000000000
    2.04371428    0.0000000000
    2.06714778    0.0000000000
    2.09058128    0.0000000000
    2.11401478    0.0000000000
    2.13744828    0.0000000000
    2.16088177    0.0000000000
    2.18431527    0.0000000000
    2.20774877    0.0000000000
    2.23118227    0.0000000000
    2.25461577    0.0000000000
    2.27804927    0.0000000000
    2.30148277    0.0000000000
    2.32491627    0.0000000000
    2.34834977    0.0000000000
    2.37178327    0.0000000000
    2.39521677    0.0000000000
    2.41865027    0.0000000000
    2.44208376    0.0000000000
    2.46551726    0.0000000000
    2.48895076    0.0000000000
    2.51238426    0.0000000000
    2.53581776    0.0000000000
    2.55925126    0.0000000000
    2.58268476    0.0000000000
    2.60611826    0.0000000000
    2.62955176    0.0000000000
    2.65298526    0.0000000000
    2.67641876    0.0000000000
    2.69985226    0.0000000000
    2.72328575    0.0000000000
    2.74671925    0.0000000000
    2.77015275    0.0000000000
    2.79358625    0.0000000000
    2.81701975    0.0000000000
    2.84045325    0.0000000000
    2.86388675    0.0000000000
    2.88732025    0.0000000000
    2.91075375    0.0000000000
    2.93418725    0.0000000000
    2.95762075    0.0000000000
    2.98105425    0.0000000000
    3.00448774    0.0000000000
    3.02792124    0.0000000000
    3.05135474    0.0000000000
    3.07478824    0.0000000000
    3.09822174    0.0000000000
    3.12165524    0.0000000000
    3.14508874    0.0000000000
    3.16852224    0.0000000000
    3.19195574    0.0000000000
    3.21538924    0.0000000000
    3.23882274    0.0000000000
    3.26225624    0.0000000000
    3.28568973    0.0000000000
    3.30912323    0.0000000000
    3.33255673    0.0000000000
    3.35599023    0.0000000000
    3.37942373    0.0000000000
    3.40285723    0.0000000002
    3.42629073    0.0000000013
    3.44972423    0.0000000079
    3.47315773    0.0000000439
    3.49659123    0.0000002264
    3.52002473    0.0000010811
    3.54345823    0.0000047844
    3.56689172    0.0000196223
    3.59032522    0.0000745779
    3.61375872    0.0002626685
    3.63719222    0.0008573227
    3.66062572    0.0025931002
    3.68405922    0.0072682994
    3.70749272    0.0188792560
    3.73092622    0.0454438891
    3.75435972    0.1013688829
    3.77779322    0.2095426264
    3.80122672    0.4014011925
    3.82466022    0.7125633589
    3.84809371    1.1722139017
    3.87152721    1.7870174831
    3.89496071    2.5245808765
    3.91839421    3.3051283377
    3.94182771    4.0098296259
    3.96526121    4.5081884868
    3.98869471    4.6969589409
    4.01212821    4.5349240170
    4.03556171    4.0575307400
    4.05899521    3.3642803233
    4.08242871    2.5850032008
    4.10586221    1.8406386947
    4.12929570    1.2145476641
    4.15272920    0.7426755582
    4.17616270    0.4208450782
    4.19959620    0.2209957524
    4.22302970    0.1075434967
    4.24646320    0.0484978999
    4.26989670    0.0202675039
    4.29333020    0.0078490329
    4.31676370    0.0028168945
    4.34019720    0.0009368360
    4.36363070    0.0002887321
    4.38706420    0.0000824642
    4.41049769    0.0000218260
    4.43393119    0.0000053533
    4.45736469    0.0000012168
    4.48079819    0.0000002563
    4.50423169    0.0000000500
    4.52766519    0.0000000090
    4.55109869    0.0000000015
    4.57453219    0.0000000002
    4.59796569    0.0000000000
    4.62139919    0.0000000000
    4.64483269    0.0000000000
    4.66826619    0.0000000000
    4.69169968    0.0000000000
    4.71513318    0.0000000000
    4.73856668    0.0000000000
    4.76200018    0.0000000000
    4.78543368    0.0000000000
    4.80886718    0.0000000000
    4.83230068    0.0000000000
    4.85573418    0.0000000000
    4.87916768    0.0000000000
    4.90260118    0.0000000000
    4.92603468    0.0000000000
    4.94946818    0.0000000000
    4.97290167    0.0000000000
    4.99633517    0.0000000000
    5.01976867    0.0000000000
    5.04320217    0.0000000000
    5.06663567    0.0000000000
    5.09006917    0.0000000000
    5.11350267    0.0000000000
    5.13693617    0.0000000000
    5.16036967    0.0000000000
    5.18380317    0.0000000000
    5.20723667    0.0000000000
    5.23067017    0.0000000000
    5.25410366    0.0000000000
    5.27753716    0.0000000000
    5.30097066    0.0000000000
    5.32440416    0.0000000000
    5.34783766    0.0000000000
    5.37127116    0.0000000000
    5.39470466    0.0000000000
    5.41813816    0.0000000000
    5.44157166    0.0000000000
    5.46500516    0.0000000000
    5.48843866    0.0000000000
    5.51187216    0.0000000000
    5.53530565    0.0000000000
    5.55873915    0.0000000000
    5.58217265    0.0000000000
    5.60560615    0.0000000000
    5.62903965    0.0000000000
    5.65247315    0.0000000000
    5.67590665    0.0000000000
    5.69934015    0.0000000000
    5.72277365    0.0000000000
    5.74620715    0.0000000000
    5.76964065    0.0000000000
    5.79307415    0.0000000000
    5.81650764    0.0000000000
    5.83994114    0.0000000000
    5.86337464    0.0000000000
    5.88680814    0.0000000000
    5.91024164    0.0000000000
    5.93367514    0.0000000000
    5.95710864    0.0000000000
    5.98054214    0.0000000000
    6.00397564    0.0000000000
    6.02740914    0.0000000000
    6.05084264    0.0000000000
    6.07427614    0.0000000000
    6.09770963    0.0000000000
    6.12114313    0.0000000000
    6.14457663    0.0000000000
    6.16801013    0.0000000000
    6.19144363    0.0000000000
    6.21487713    0.0000000000
    6.23831063    0.0000000000
    6.26174413    0.0000000000
    6.28517763    0.0000000000
    6.30861113    0.0000000000
    6.33204463    0.0000000000
    6.35547813    0.0000000000
    6.37891162    0.0000000000
    6.40234512    0.0000000000
    6.42577862    0.0000000000
    6.44921212    0.0000000000
    6.47264562    0.0000000000
    6.49607912    0.0000000000
    6.51951262    0.0000000000
    6.54294612    0.0000000000
    6.56637962    0.0000000000
    6.58981312    0.0000000000
    6.61324662    0.0000000000
    6.63668012    0.0000000000
    6.66011362    0.0000000000
    6.68354711    0.0000000000
    6.70698061    0.0000000000
    6.73041411    0.0000000000
    6.75384761    0.0000000000
    6.77728111    0.0000000000
    6.80071461    0.0000000000
    6.82414811    0.0000000002
    6.84758161    0.0000000015
    6.87101511    0.0000000088
    6.89444861    0.0000000486
    6.91788211    0.0000002494
    6.94131561    0.0000011858
    6.96474910    0.0000052236
    6.98818260    0.0000213248
    7.01161610    0.0000806747
    7.03504960    0.0002828321
    7.05848310    0.0009188797
    7.08191660    0.0027664775
    7.10535010    0.0077185223
    7.12878360    0.0199562871
    7.15221710    0.0478149685
    7.17565060    0.1061662697
    7.19908410    0.2184478599
    7.22251760    0.4165312442
    7.24595109    0.7360137467
    7.26938459    1.2052102619
    7.29281809    1.8288507669
    7.31625159    2.5717708504
    7.33968509    3.3513888710
    7.36311859    4.0472117724
    7.38655209    4.5292426582
    7.40998559    4.6971432075
    7.43341909    4.5141976083
    7.45685259    4.0203687101
    7.48028609    3.3181021742
    7.50371959    2.5377695306
    7.52715308    1.7986768925
    7.55058658    1.1813883524
    7.57402008    0.7190693326
    7.59745358    0.4055901526
    7.62088708    0.2120032849
    7.64432058    0.1026919335
    7.66775408    0.0460965714
    7.69118758    0.0191751810
    7.71462108    0.0073917772
    7.73805458    0.0026405648
    7.76148808    0.0008741447
    7.78492158    0.0002681689
    7.80835507    0.0000762381
    7.83178857    0.0000200851
    7.85522207    0.0000049036
    7.87865557    0.0000011094
    7.90208907    0.0000002326
    7.92552257    0.0000000452
    7.94895607    0.0000000081
    7.97238957    0.0000000014
    7.99582307    0.0000000002
    8.01925657    0.0000000000
    8.04269007    0.0000000000
    8.06612357    0.0000000000
    8.08955706    0.0000000000
    8.11299056    0.0000000000
    8.13642406    0.0000000000
    8.15985756    0.0000000000
    8.18329106    0.0000000000
    8.20672456    0.0000000000
    8.23015806    0.0000000000
    8.25359156    0.0000000000
    8.27702506    0.0000000000
    8.30045856    0.0000000000
    8.32389206    0.0000000000
    8.34732556    0.0000000000
    8.37075905    0.0000000000
    8.39419255    0.0000000000
    8.41762605    0.0000000000
    8.44105955    0.0000000000
    8.46449305    0.0000000000
    8.48792655    0.0000000000
    8.51136005    0.0000000000
    8.53479355    0.0000000000
    8.55822705    0.0000000000
    8.58166055    0.0000000000
    8.60509405    0.0000000000
    8.62852755    0.0000000000
    8.65196104    0.0000000000
    8.67539454    0.0000000000
    8.69882804    0.0000000000
    8.72226154    0.0000000000
    8.74569504    0.0000000000
    8.76912854    0.0000000000
    8.79256204    0.0000000000
    8.81599554    0.0000000000
    8.83942904    0.0000000000
    8.86286254    0.0000000000
    8.88629604    0.0000000000
    8.90972954    0.0000000000
    8.93316303    0.0000000000
    8.95659653    0.0000000000
    8.98003003    0.0000000000
    9.00346353    0.0000000000
    9.02689703    0.0000000000
    9.05033053    0.0000000000
    9.07376403    0.0000000000
    9.09719753    0.0000000000
    9.12063103    0.0000000000
    9.14406453    0.0000000000
    9.16749803    0.0000000000
    9.19093153    0.0000000000
    9.21436502    0.0000000000
    9.23779852    0.0000000000
    9.26123202    0.0000000000
    9.28466552    0.0000000000
    9.30809902    0.0000000000
    9.33153252    0.0000000000
    9.35496602    0.0000000000
    9.37839952    0.0000000000
    9.40183302    0.0000000000
    9.42526652    0.0000000000
    9.44870002    0.0000000000
    9.47213352    0.0000000000
    9.49556701    0.0000000000
    9.51900051    0.0000000000
    9.54243401    0.0000000000
    9.56586751    0.0000000000
    9.58930101    0.0000000000
    9.61273451    0.0000000000
    9.63616801    0.0000000000
    9.65960151    0.0000000000
    9.68303501    0.0000000000
    9.70646851    0.0000000000
    9.72990201    0.0000000000
    9.75333551    0.0000000000
    9.77676900    0.0000000000
    9.80020250    0.0000000000
    9.82363600    0.0000000000
    9.84706950    0.0000000000
    9.87050300    0.0000000000
    9.89393650    0.0000000000
    9.91737000    0.0000000000
    9.94080350    0.0000000000
    9.96423700    0.0000000000
    9.98767050    0.0000000000
   10.01110400    0.0000000000
   10.03453750    0.0000000000
   10.05797099    0.0000000000
   10.08140449    0.0000000000
   10.10483799    0.0000000000
   10.12827149    0.0000000000
   10.15170499    0.0000000000
   10.17513849    0.0000000000
   10.19857199    0.0000000000
   10.22200549    0.0000000000
   10.24543899    0.0000000000
   10.26887249    0.0000000000
   10.29230599    0.0000000000
   10.31573949    0.0000000000
   10.33917298    0.0000000000
   10.36260648    0.0000000000
   10.38603998    0.0000000000
   10.40947348    0.0000000000
