#  Energy (eV) |  DOS (states/eV)
  -26.73076123    0.0000000000
  -26.70947283    0.0000000000
  -26.68818443    0.0000000000
  -26.66689603    0.0000000000
  -26.64560763    0.0000000000
  -26.62431923    0.0000000000
  -26.60303083    0.0000000000
  -26.58174243    0.0000000000
  -26.56045404    0.0000000000
  -26.53916564    0.0000000000
  -26.51787724    0.0000000000
  -26.49658884    0.0000000000
  -26.47530044    0.0000000000
  -26.45401204    0.0000000000
  -26.43272364    0.0000000000
  -26.41143524    0.0000000000
  -26.39014684    0.0000000000
  -26.36885844    0.0000000000
  -26.34757004    0.0000000000
  -26.32628164    0.0000000000
  -26.30499324    0.0000000000
  -26.28370484    0.0000000000
  -26.26241644    0.0000000000
  -26.24112804    0.0000000000
  -26.21983964    0.0000000000
  -26.19855124    0.0000000000
  -26.17726285    0.0000000000
  -26.15597445    0.0000000000
  -26.13468605    0.0000000000
  -26.11339765    0.0000000000
  -26.09210925    0.0000000000
  -26.07082085    0.0000000000
  -26.04953245    0.0000000000
  -26.02824405    0.0000000000
  -26.00695565    0.0000000000
  -25.98566725    0.0000000000
  -25.96437885    0.0000000000
  -25.94309045    0.0000000000
  -25.92180205    0.0000000000
  -25.90051365    0.0000000000
  -25.87922525    0.0000000000
  -25.85793685    0.0000000000
  -25.83664845    0.0000000000
  -25.81536006    0.0000000000
  -25.79407166    0.0000000000
  -25.77278326    0.0000000000
  -25.75149486    0.0000000000
  -25.73020646    0.0000000000
  -25.70891806    0.0000000000
  -25.68762966    0.0000000000
  -25.66634126    0.0000000000
  -25.64505286    0.0000000000
  -25.62376446    0.0000000000
  -25.60247606    0.0000000000
  -25.58118766    0.0000000000
  -25.55989926    0.0000000000
  -25.53861086    0.0000000000
  -25.51732246    0.0000000000
  -25.49603406    0.0000000000
  -25.47474566    0.0000000000
  -25.45345726    0.0000000000
  -25.43216887    0.0000000000
  -25.41088047    0.0000000000
  -25.38959207    0.0000000000
  -25.36830367    0.0000000000
  -25.34701527    0.0000000000
  -25.32572687    0.0000000000
  -25.30443847    0.0000000000
  -25.28315007    0.0000000000
  -25.26186167    0.0000000000
  -25.24057327    0.0000000000
  -25.21928487    0.0000000000
  -25.19799647    0.0000000000
  -25.17670807    0.0000000000
  -25.15541967    0.0000000000
  -25.13413127    0.0000000000
  -25.11284287    0.0000000000
  -25.09155447    0.0000000000
  -25.07026608    0.0000000000
  -25.04897768    0.0000000000
  -25.02768928    0.0000000000
  -25.00640088    0.0000000000
  -24.98511248    0.0000000000
  -24.96382408    0.0000000000
  -24.94253568    0.0000000000
  -24.92124728    0.0000000000
  -24.89995888    0.0000000000
  -24.87867048    0.0000000000
  -24.85738208    0.0000000000
  -24.83609368    0.0000000000
  -24.81480528    0.0000000000
  -24.79351688    0.0000000000
  -24.77222848    0.0000000000
  -24.75094008    0.0000000000
  -24.72965168    0.0000000000
  -24.70836328    0.0000000000
  -24.68707489    0.0000000000
  -24.66578649    0.0000000000
  -24.64449809    0.0000000000
  -24.62320969    0.0000000000
  -24.60192129    0.0000000000
  -24.58063289    0.0000000000
  -24.55934449    0.0000000000
  -24.53805609    0.0000000000
  -24.51676769    0.0000000000
  -24.49547929    0.0000000000
  -24.47419089    0.0000000000
  -24.45290249    0.0000000000
  -24.43161409    0.0000000000
  -24.41032569    0.0000000000
  -24.38903729    0.0000000000
  -24.36774889    0.0000000000
  -24.34646049    0.0000000000
  -24.32517210    0.0000000001
  -24.30388370    0.0000000006
  -24.28259530    0.0000000032
  -24.26130690    0.0000000158
  -24.24001850    0.0000000732
  -24.21873010    0.0000003190
  -24.19744170    0.0000013049
  -24.17615330    0.0000050128
  -24.15486490    0.0000180843
  -24.13357650    0.0000612685
  -24.11228810    0.0001949339
  -24.09099970    0.0005824416
  -24.06971130    0.0016342997
  -24.04842290    0.0043065095
  -24.02713450    0.0106569641
  -24.00584610    0.0247660072
  -23.98455770    0.0540496494
  -23.96326930    0.1107756131
  -23.94198091    0.2132111137
  -23.92069251    0.3853806541
  -23.89940411    0.6541605880
  -23.87811571    1.0427813025
  -23.85682731    1.5610488388
  -23.83553891    2.1945937617
  -23.81425051    2.8973848498
  -23.79296211    3.5923002140
  -23.77167371    4.1826686204
  -23.75038531    4.5735000367
  -23.72909691    4.6963268015
  -23.70780851    4.5287915189
  -23.68652011    4.1012924781
  -23.66523171    3.4879764914
  -23.64394331    2.7857410993
  -23.62265491    2.0894036484
  -23.60136651    1.4716967831
  -23.58007811    0.9734837965
  -23.55878972    0.6047188529
  -23.53750132    0.3527708443
  -23.51621292    0.1932619047
  -23.49492452    0.0994292631
  -23.47363612    0.0480392901
  -23.45234772    0.0217968300
  -23.43105932    0.0092876210
  -23.40977092    0.0037164649
  -23.38848252    0.0013965933
  -23.36719412    0.0004928608
  -23.34590572    0.0001633402
  -23.32461732    0.0000508366
  -23.30332892    0.0000148585
  -23.28204052    0.0000040784
  -23.26075212    0.0000010513
  -23.23946372    0.0000002545
  -23.21817532    0.0000000579
  -23.19688693    0.0000000124
  -23.17559853    0.0000000025
  -23.15431013    0.0000000005
  -23.13302173    0.0000000001
  -23.11173333    0.0000000000
  -23.09044493    0.0000000000
  -23.06915653    0.0000000000
  -23.04786813    0.0000000000
  -23.02657973    0.0000000000
  -23.00529133    0.0000000000
  -22.98400293    0.0000000000
  -22.96271453    0.0000000000
  -22.94142613    0.0000000000
  -22.92013773    0.0000000000
  -22.89884933    0.0000000000
  -22.87756093    0.0000000000
  -22.85627253    0.0000000000
  -22.83498413    0.0000000000
  -22.81369574    0.0000000000
  -22.79240734    0.0000000000
  -22.77111894    0.0000000000
  -22.74983054    0.0000000000
  -22.72854214    0.0000000000
  -22.70725374    0.0000000000
  -22.68596534    0.0000000000
  -22.66467694    0.0000000000
  -22.64338854    0.0000000000
  -22.62210014    0.0000000000
  -22.60081174    0.0000000000
  -22.57952334    0.0000000000
  -22.55823494    0.0000000000
  -22.53694654    0.0000000000
  -22.51565814    0.0000000000
  -22.49436974    0.0000000000
  -22.47308134    0.0000000000
  -22.45179295    0.0000000000
  -22.43050455    0.0000000000
  -22.40921615    0.0000000000
  -22.38792775    0.0000000000
  -22.36663935    0.0000000000
  -22.34535095    0.0000000000
  -22.32406255    0.0000000000
  -22.30277415    0.0000000000
  -22.28148575    0.0000000000
  -22.26019735    0.0000000000
  -22.23890895    0.0000000000
  -22.21762055    0.0000000000
  -22.19633215    0.0000000000
  -22.17504375    0.0000000000
  -22.15375535    0.0000000000
  -22.13246695    0.0000000000
  -22.11117855    0.0000000000
  -22.08989015    0.0000000000
  -22.06860176    0.0000000000
  -22.04731336    0.0000000000
  -22.02602496    0.0000000000
  -22.00473656    0.0000000000
  -21.98344816    0.0000000000
  -21.96215976    0.0000000000
  -21.94087136    0.0000000000
  -21.91958296    0.0000000000
  -21.89829456    0.0000000000
  -21.87700616    0.0000000000
  -21.85571776    0.0000000000
  -21.83442936    0.0000000000
  -21.81314096    0.0000000000
  -21.79185256    0.0000000000
  -21.77056416    0.0000000000
  -21.74927576    0.0000000000
  -21.72798736    0.0000000000
  -21.70669897    0.0000000000
  -21.68541057    0.0000000000
  -21.66412217    0.0000000000
  -21.64283377    0.0000000000
  -21.62154537    0.0000000000
  -21.60025697    0.0000000000
  -21.57896857    0.0000000000
  -21.55768017    0.0000000000
  -21.53639177    0.0000000000
  -21.51510337    0.0000000000
  -21.49381497    0.0000000000
  -21.47252657    0.0000000000
  -21.45123817    0.0000000000
  -21.42994977    0.0000000000
  -21.40866137    0.0000000000
  -21.38737297    0.0000000000
  -21.36608457    0.0000000000
  -21.34479617    0.0000000000
  -21.32350778    0.0000000000
  -21.30221938    0.0000000000
  -21.28093098    0.0000000000
  -21.25964258    0.0000000000
  -21.23835418    0.0000000000
  -21.21706578    0.0000000000
  -21.19577738    0.0000000000
  -21.17448898    0.0000000000
  -21.15320058    0.0000000000
  -21.13191218    0.0000000000
  -21.11062378    0.0000000000
  -21.08933538    0.0000000000
  -21.06804698    0.0000000000
  -21.04675858    0.0000000000
  -21.02547018    0.0000000000
  -21.00418178    0.0000000000
  -20.98289338    0.0000000000
  -20.96160499    0.0000000000
  -20.94031659    0.0000000000
  -20.91902819    0.0000000000
  -20.89773979    0.0000000000
  -20.87645139    0.0000000000
  -20.85516299    0.0000000000
  -20.83387459    0.0000000000
  -20.81258619    0.0000000000
  -20.79129779    0.0000000000
  -20.77000939    0.0000000000
  -20.74872099    0.0000000000
  -20.72743259    0.0000000000
  -20.70614419    0.0000000000
  -20.68485579    0.0000000000
  -20.66356739    0.0000000000
  -20.64227899    0.0000000000
  -20.62099059    0.0000000000
  -20.59970219    0.0000000000
  -20.57841380    0.0000000000
  -20.55712540    0.0000000000
  -20.53583700    0.0000000000
  -20.51454860    0.0000000000
  -20.49326020    0.0000000000
  -20.47197180    0.0000000000
  -20.45068340    0.0000000000
  -20.42939500    0.0000000000
  -20.40810660    0.0000000000
  -20.38681820    0.0000000000
  -20.36552980    0.0000000000
  -20.34424140    0.0000000000
  -20.32295300    0.0000000000
  -20.30166460    0.0000000000
  -20.28037620    0.0000000000
  -20.25908780    0.0000000000
  -20.23779940    0.0000000000
  -20.21651100    0.0000000000
  -20.19522261    0.0000000000
  -20.17393421    0.0000000000
  -20.15264581    0.0000000000
  -20.13135741    0.0000000000
  -20.11006901    0.0000000000
  -20.08878061    0.0000000000
  -20.06749221    0.0000000000
  -20.04620381    0.0000000000
  -20.02491541    0.0000000000
  -20.00362701    0.0000000000
  -19.98233861    0.0000000000
  -19.96105021    0.0000000000
  -19.93976181    0.0000000000
  -19.91847341    0.0000000000
  -19.89718501    0.0000000000
  -19.87589661    0.0000000000
  -19.85460821    0.0000000000
  -19.83331982    0.0000000000
  -19.81203142    0.0000000000
  -19.79074302    0.0000000000
  -19.76945462    0.0000000000
  -19.74816622    0.0000000000
  -19.72687782    0.0000000000
  -19.70558942    0.0000000000
  -19.68430102    0.0000000000
  -19.66301262    0.0000000000
  -19.64172422    0.0000000000
  -19.62043582    0.0000000000
  -19.59914742    0.0000000000
  -19.57785902    0.0000000000
  -19.55657062    0.0000000000
  -19.53528222    0.0000000000
  -19.51399382    0.0000000000
  -19.49270542    0.0000000000
  -19.47141702    0.0000000000
  -19.45012863    0.0000000000
  -19.42884023    0.0000000000
  -19.40755183    0.0000000000
  -19.38626343    0.0000000000
  -19.36497503    0.0000000000
  -19.34368663    0.0000000000
  -19.32239823    0.0000000000
  -19.30110983    0.0000000000
  -19.27982143    0.0000000000
  -19.25853303    0.0000000000
  -19.23724463    0.0000000000
  -19.21595623    0.0000000000
  -19.19466783    0.0000000000
  -19.17337943    0.0000000000
  -19.15209103    0.0000000000
  -19.13080263    0.0000000000
  -19.10951423    0.0000000000
  -19.08822584    0.0000000000
  -19.06693744    0.0000000000
  -19.04564904    0.0000000000
  -19.02436064    0.0000000000
  -19.00307224    0.0000000000
  -18.98178384    0.0000000000
  -18.96049544    0.0000000000
  -18.93920704    0.0000000000
  -18.91791864    0.0000000000
  -18.89663024    0.0000000000
  -18.87534184    0.0000000000
  -18.85405344    0.0000000000
  -18.83276504    0.0000000000
  -18.81147664    0.0000000000
  -18.79018824    0.0000000000
  -18.76889984    0.0000000000
  -18.74761144    0.0000000000
  -18.72632304    0.0000000000
  -18.70503465    0.0000000000
  -18.68374625    0.0000000000
  -18.66245785    0.0000000000
  -18.64116945    0.0000000000
  -18.61988105    0.0000000000
  -18.59859265    0.0000000000
  -18.57730425    0.0000000000
  -18.55601585    0.0000000000
  -18.53472745    0.0000000000
  -18.51343905    0.0000000000
  -18.49215065    0.0000000000
  -18.47086225    0.0000000000
  -18.44957385    0.0000000000
  -18.42828545    0.0000000000
  -18.40699705    0.0000000000
  -18.38570865    0.0000000000
  -18.36442025    0.0000000000
  -18.34313186    0.0000000000
  -18.32184346    0.0000000000
  -18.30055506    0.0000000000
  -18.27926666    0.0000000000
  -18.25797826    0.0000000000
  -18.23668986    0.0000000000
  -18.21540146    0.0000000000
  -18.19411306    0.0000000000
  -18.17282466    0.0000000000
  -18.15153626    0.0000000000
  -18.13024786    0.0000000000
  -18.10895946    0.0000000000
  -18.08767106    0.0000000000
  -18.06638266    0.0000000000
  -18.04509426    0.0000000000
  -18.02380586    0.0000000000
  -18.00251746    0.0000000000
  -17.98122906    0.0000000000
  -17.95994067    0.0000000000
  -17.93865227    0.0000000000
  -17.91736387    0.0000000000
  -17.89607547    0.0000000000
  -17.87478707    0.0000000000
  -17.85349867    0.0000000000
  -17.83221027    0.0000000000
  -17.81092187    0.0000000000
  -17.78963347    0.0000000000
  -17.76834507    0.0000000000
  -17.74705667    0.0000000000
  -17.72576827    0.0000000000
  -17.70447987    0.0000000000
  -17.68319147    0.0000000000
  -17.66190307    0.0000000000
  -17.64061467    0.0000000000
  -17.61932627    0.0000000000
  -17.59803788    0.0000000000
  -17.57674948    0.0000000000
  -17.55546108    0.0000000000
  -17.53417268    0.0000000000
  -17.51288428    0.0000000000
  -17.49159588    0.0000000000
  -17.47030748    0.0000000000
  -17.44901908    0.0000000000
  -17.42773068    0.0000000000
  -17.40644228    0.0000000000
  -17.38515388    0.0000000000
  -17.36386548    0.0000000000
  -17.34257708    0.0000000000
  -17.32128868    0.0000000000
  -17.30000028    0.0000000000
  -17.27871188    0.0000000000
  -17.25742348    0.0000000000
  -17.23613508    0.0000000000
  -17.21484669    0.0000000000
  -17.19355829    0.0000000000
  -17.17226989    0.0000000000
  -17.15098149    0.0000000000
  -17.12969309    0.0000000000
  -17.10840469    0.0000000000
  -17.08711629    0.0000000000
  -17.06582789    0.0000000000
  -17.04453949    0.0000000000
  -17.02325109    0.0000000000
  -17.00196269    0.0000000000
  -16.98067429    0.0000000000
  -16.95938589    0.0000000000
  -16.93809749    0.0000000000
  -16.91680909    0.0000000000
  -16.89552069    0.0000000000
  -16.87423229    0.0000000000
  -16.85294389    0.0000000000
  -16.83165550    0.0000000000
  -16.81036710    0.0000000000
  -16.78907870    0.0000000000
  -16.76779030    0.0000000000
  -16.74650190    0.0000000000
  -16.72521350    0.0000000000
  -16.70392510    0.0000000000
  -16.68263670    0.0000000000
  -16.66134830    0.0000000000
  -16.64005990    0.0000000000
  -16.61877150    0.0000000000
  -16.59748310    0.0000000000
  -16.57619470    0.0000000000
  -16.55490630    0.0000000000
  -16.53361790    0.0000000000
  -16.51232950    0.0000000000
  -16.49104110    0.0000000000
  -16.46975271    0.0000000000
  -16.44846431    0.0000000000
  -16.42717591    0.0000000000
  -16.40588751    0.0000000000
  -16.38459911    0.0000000000
  -16.36331071    0.0000000000
  -16.34202231    0.0000000000
  -16.32073391    0.0000000000
  -16.29944551    0.0000000000
  -16.27815711    0.0000000000
  -16.25686871    0.0000000000
  -16.23558031    0.0000000000
  -16.21429191    0.0000000000
  -16.19300351    0.0000000000
  -16.17171511    0.0000000000
  -16.15042671    0.0000000000
  -16.12913831    0.0000000000
  -16.10784991    0.0000000000
  -16.08656152    0.0000000000
  -16.06527312    0.0000000000
  -16.04398472    0.0000000000
  -16.02269632    0.0000000000
  -16.00140792    0.0000000000
  -15.98011952    0.0000000000
  -15.95883112    0.0000000000
  -15.93754272    0.0000000000
  -15.91625432    0.0000000000
  -15.89496592    0.0000000000
  -15.87367752    0.0000000000
  -15.85238912    0.0000000000
  -15.83110072    0.0000000000
  -15.80981232    0.0000000000
  -15.78852392    0.0000000000
  -15.76723552    0.0000000000
  -15.74594712    0.0000000000
  -15.72465873    0.0000000000
  -15.70337033    0.0000000000
  -15.68208193    0.0000000000
  -15.66079353    0.0000000000
  -15.63950513    0.0000000000
  -15.61821673    0.0000000000
  -15.59692833    0.0000000000
  -15.57563993    0.0000000000
  -15.55435153    0.0000000000
  -15.53306313    0.0000000000
  -15.51177473    0.0000000000
  -15.49048633    0.0000000000
  -15.46919793    0.0000000000
  -15.44790953    0.0000000000
  -15.42662113    0.0000000000
  -15.40533273    0.0000000000
  -15.38404433    0.0000000000
  -15.36275593    0.0000000000
  -15.34146754    0.0000000000
  -15.32017914    0.0000000000
  -15.29889074    0.0000000000
  -15.27760234    0.0000000000
  -15.25631394    0.0000000000
  -15.23502554    0.0000000000
  -15.21373714    0.0000000000
  -15.19244874    0.0000000000
  -15.17116034    0.0000000000
  -15.14987194    0.0000000000
  -15.12858354    0.0000000000
  -15.10729514    0.0000000000
  -15.08600674    0.0000000000
  -15.06471834    0.0000000000
  -15.04342994    0.0000000000
  -15.02214154    0.0000000000
  -15.00085314    0.0000000000
  -14.97956475    0.0000000000
  -14.95827635    0.0000000000
  -14.93698795    0.0000000000
  -14.91569955    0.0000000000
  -14.89441115    0.0000000000
  -14.87312275    0.0000000000
  -14.85183435    0.0000000000
  -14.83054595    0.0000000000
  -14.80925755    0.0000000000
  -14.78796915    0.0000000000
  -14.76668075    0.0000000000
  -14.74539235    0.0000000000
  -14.72410395    0.0000000000
  -14.70281555    0.0000000000
  -14.68152715    0.0000000000
  -14.66023875    0.0000000000
  -14.63895035    0.0000000000
  -14.61766195    0.0000000000
  -14.59637356    0.0000000000
  -14.57508516    0.0000000000
  -14.55379676    0.0000000000
  -14.53250836    0.0000000000
  -14.51121996    0.0000000000
  -14.48993156    0.0000000000
  -14.46864316    0.0000000000
  -14.44735476    0.0000000000
  -14.42606636    0.0000000000
  -14.40477796    0.0000000000
  -14.38348956    0.0000000000
  -14.36220116    0.0000000000
  -14.34091276    0.0000000000
  -14.31962436    0.0000000000
  -14.29833596    0.0000000000
  -14.27704756    0.0000000000
  -14.25575916    0.0000000000
  -14.23447077    0.0000000000
  -14.21318237    0.0000000000
  -14.19189397    0.0000000000
  -14.17060557    0.0000000000
  -14.14931717    0.0000000000
  -14.12802877    0.0000000000
  -14.10674037    0.0000000000
  -14.08545197    0.0000000000
  -14.06416357    0.0000000000
  -14.04287517    0.0000000000
  -14.02158677    0.0000000000
  -14.00029837    0.0000000000
  -13.97900997    0.0000000000
  -13.95772157    0.0000000000
  -13.93643317    0.0000000000
  -13.91514477    0.0000000000
  -13.89385637    0.0000000000
  -13.87256797    0.0000000000
  -13.85127958    0.0000000000
  -13.82999118    0.0000000000
  -13.80870278    0.0000000000
  -13.78741438    0.0000000000
  -13.76612598    0.0000000000
  -13.74483758    0.0000000000
  -13.72354918    0.0000000000
  -13.70226078    0.0000000000
  -13.68097238    0.0000000000
  -13.65968398    0.0000000000
  -13.63839558    0.0000000000
  -13.61710718    0.0000000000
  -13.59581878    0.0000000000
  -13.57453038    0.0000000000
  -13.55324198    0.0000000000
  -13.53195358    0.0000000000
  -13.51066518    0.0000000000
  -13.48937678    0.0000000000
  -13.46808839    0.0000000000
  -13.44679999    0.0000000000
  -13.42551159    0.0000000000
  -13.40422319    0.0000000000
  -13.38293479    0.0000000000
  -13.36164639    0.0000000000
  -13.34035799    0.0000000000
  -13.31906959    0.0000000000
  -13.29778119    0.0000000000
  -13.27649279    0.0000000000
  -13.25520439    0.0000000000
  -13.23391599    0.0000000000
  -13.21262759    0.0000000000
  -13.19133919    0.0000000000
  -13.17005079    0.0000000000
  -13.14876239    0.0000000000
  -13.12747399    0.0000000000
  -13.10618560    0.0000000000
  -13.08489720    0.0000000000
  -13.06360880    0.0000000000
  -13.04232040    0.0000000000
  -13.02103200    0.0000000000
  -12.99974360    0.0000000000
  -12.97845520    0.0000000000
  -12.95716680    0.0000000000
  -12.93587840    0.0000000000
  -12.91459000    0.0000000000
  -12.89330160    0.0000000000
  -12.87201320    0.0000000000
  -12.85072480    0.0000000000
  -12.82943640    0.0000000000
  -12.80814800    0.0000000000
  -12.78685960    0.0000000000
  -12.76557120    0.0000000000
  -12.74428280    0.0000000000
  -12.72299441    0.0000000000
  -12.70170601    0.0000000000
  -12.68041761    0.0000000000
  -12.65912921    0.0000000000
  -12.63784081    0.0000000000
  -12.61655241    0.0000000000
  -12.59526401    0.0000000000
  -12.57397561    0.0000000000
  -12.55268721    0.0000000000
  -12.53139881    0.0000000000
  -12.51011041    0.0000000000
  -12.48882201    0.0000000000
  -12.46753361    0.0000000000
  -12.44624521    0.0000000000
  -12.42495681    0.0000000000
  -12.40366841    0.0000000000
  -12.38238001    0.0000000000
  -12.36109162    0.0000000000
  -12.33980322    0.0000000000
  -12.31851482    0.0000000000
  -12.29722642    0.0000000000
  -12.27593802    0.0000000000
  -12.25464962    0.0000000000
  -12.23336122    0.0000000000
  -12.21207282    0.0000000000
  -12.19078442    0.0000000000
  -12.16949602    0.0000000000
  -12.14820762    0.0000000000
  -12.12691922    0.0000000000
  -12.10563082    0.0000000000
  -12.08434242    0.0000000000
  -12.06305402    0.0000000000
  -12.04176562    0.0000000000
  -12.02047722    0.0000000000
  -11.99918882    0.0000000000
  -11.97790043    0.0000000000
  -11.95661203    0.0000000000
  -11.93532363    0.0000000000
  -11.91403523    0.0000000000
  -11.89274683    0.0000000000
  -11.87145843    0.0000000000
  -11.85017003    0.0000000000
  -11.82888163    0.0000000000
  -11.80759323    0.0000000000
  -11.78630483    0.0000000000
  -11.76501643    0.0000000000
  -11.74372803    0.0000000000
  -11.72243963    0.0000000000
  -11.70115123    0.0000000000
  -11.67986283    0.0000000000
  -11.65857443    0.0000000000
  -11.63728603    0.0000000000
  -11.61599764    0.0000000000
  -11.59470924    0.0000000000
  -11.57342084    0.0000000000
  -11.55213244    0.0000000000
  -11.53084404    0.0000000000
  -11.50955564    0.0000000000
  -11.48826724    0.0000000000
  -11.46697884    0.0000000000
  -11.44569044    0.0000000000
  -11.42440204    0.0000000000
  -11.40311364    0.0000000000
  -11.38182524    0.0000000000
  -11.36053684    0.0000000000
  -11.33924844    0.0000000000
  -11.31796004    0.0000000000
  -11.29667164    0.0000000000
  -11.27538324    0.0000000000
  -11.25409484    0.0000000000
  -11.23280645    0.0000000000
  -11.21151805    0.0000000000
  -11.19022965    0.0000000000
  -11.16894125    0.0000000000
  -11.14765285    0.0000000000
  -11.12636445    0.0000000000
  -11.10507605    0.0000000000
  -11.08378765    0.0000000000
  -11.06249925    0.0000000000
  -11.04121085    0.0000000000
  -11.01992245    0.0000000000
  -10.99863405    0.0000000000
  -10.97734565    0.0000000000
  -10.95605725    0.0000000000
  -10.93476885    0.0000000000
  -10.91348045    0.0000000000
  -10.89219205    0.0000000000
  -10.87090366    0.0000000000
  -10.84961526    0.0000000000
  -10.82832686    0.0000000000
  -10.80703846    0.0000000000
  -10.78575006    0.0000000003
  -10.76446166    0.0000000014
  -10.74317326    0.0000000070
  -10.72188486    0.0000000333
  -10.70059646    0.0000001500
  -10.67930806    0.0000006341
  -10.65801966    0.0000025164
  -10.63673126    0.0000093784
  -10.61544286    0.0000328243
  -10.59415446    0.0001078891
  -10.57286606    0.0003330223
  -10.55157766    0.0009653470
  -10.53028926    0.0026278951
  -10.50900086    0.0067181081
  -10.48771247    0.0161287365
  -10.46642407    0.0363637030
  -10.44513567    0.0769928246
  -10.42384727    0.1530899910
  -10.40255887    0.2858628619
  -10.38127047    0.5012831098
  -10.35998207    0.8255108790
  -10.33869367    1.2766649195
  -10.31740527    1.8541524681
  -10.29611687    2.5288807874
  -10.27482847    3.2391097632
  -10.25354007    3.8961652450
  -10.23225167    4.4011225891
  -10.21096327    4.6687858926
  -10.18967487    4.6511339273
  -10.16838647    4.3513911769
  -10.14709807    3.8230660683
  -10.12580967    3.1543499604
  -10.10452128    2.4441189632
  -10.08323288    1.7784808832
  -10.06194448    1.2153194735
  -10.04065608    0.7799129058
  -10.01936768    0.4700197984
   -9.99807928    0.2660116099
   -9.97679088    0.1413837270
   -9.95550248    0.0705687874
   -9.93421408    0.0330780789
   -9.91292568    0.0145607015
   -9.89163728    0.0060191991
   -9.87034888    0.0023367353
   -9.84906048    0.0008519120
   -9.82777208    0.0002916717
   -9.80648368    0.0000937796
   -9.78519528    0.0000283163
   -9.76390688    0.0000080293
   -9.74261849    0.0000021381
   -9.72133009    0.0000005347
   -9.70004169    0.0000001256
   -9.67875329    0.0000000277
   -9.65746489    0.0000000057
   -9.63617649    0.0000000011
   -9.61488809    0.0000000002
   -9.59359969    0.0000000000
   -9.57231129    0.0000000000
   -9.55102289    0.0000000000
   -9.52973449    0.0000000000
   -9.50844609    0.0000000000
   -9.48715769    0.0000000000
   -9.46586929    0.0000000000
   -9.44458089    0.0000000000
   -9.42329249    0.0000000000
   -9.40200409    0.0000000000
   -9.38071569    0.0000000000
   -9.35942730    0.0000000000
   -9.33813890    0.0000000000
   -9.31685050    0.0000000000
   -9.29556210    0.0000000000
   -9.27427370    0.0000000000
   -9.25298530    0.0000000000
   -9.23169690    0.0000000000
   -9.21040850    0.0000000000
   -9.18912010    0.0000000000
   -9.16783170    0.0000000000
   -9.14654330    0.0000000000
   -9.12525490    0.0000000000
   -9.10396650    0.0000000000
   -9.08267810    0.0000000000
   -9.06138970    0.0000000000
   -9.04010130    0.0000000000
   -9.01881290    0.0000000000
   -8.99752451    0.0000000000
   -8.97623611    0.0000000000
   -8.95494771    0.0000000000
   -8.93365931    0.0000000000
   -8.91237091    0.0000000000
   -8.89108251    0.0000000000
   -8.86979411    0.0000000000
   -8.84850571    0.0000000000
   -8.82721731    0.0000000000
   -8.80592891    0.0000000000
   -8.78464051    0.0000000000
   -8.76335211    0.0000000000
   -8.74206371    0.0000000000
   -8.72077531    0.0000000000
   -8.69948691    0.0000000000
   -8.67819851    0.0000000000
   -8.65691011    0.0000000000
   -8.63562171    0.0000000000
   -8.61433332    0.0000000000
   -8.59304492    0.0000000000
   -8.57175652    0.0000000000
   -8.55046812    0.0000000000
   -8.52917972    0.0000000000
   -8.50789132    0.0000000000
   -8.48660292    0.0000000000
   -8.46531452    0.0000000000
   -8.44402612    0.0000000000
   -8.42273772    0.0000000000
   -8.40144932    0.0000000000
   -8.38016092    0.0000000000
   -8.35887252    0.0000000000
   -8.33758412    0.0000000000
   -8.31629572    0.0000000000
   -8.29500732    0.0000000000
   -8.27371892    0.0000000000
   -8.25243053    0.0000000000
   -8.23114213    0.0000000000
   -8.20985373    0.0000000000
   -8.18856533    0.0000000000
   -8.16727693    0.0000000000
   -8.14598853    0.0000000000
   -8.12470013    0.0000000000
   -8.10341173    0.0000000000
   -8.08212333    0.0000000000
   -8.06083493    0.0000000000
   -8.03954653    0.0000000000
   -8.01825813    0.0000000000
   -7.99696973    0.0000000000
   -7.97568133    0.0000000000
   -7.95439293    0.0000000000
   -7.93310453    0.0000000000
   -7.91181613    0.0000000000
   -7.89052773    0.0000000000
   -7.86923934    0.0000000000
   -7.84795094    0.0000000000
   -7.82666254    0.0000000000
   -7.80537414    0.0000000000
   -7.78408574    0.0000000000
   -7.76279734    0.0000000000
   -7.74150894    0.0000000000
   -7.72022054    0.0000000001
   -7.69893214    0.0000000006
   -7.67764374    0.0000000032
   -7.65635534    0.0000000158
   -7.63506694    0.0000000735
   -7.61377854    0.0000003201
   -7.59249014    0.0000013092
   -7.57120174    0.0000050285
   -7.54991334    0.0000181382
   -7.52862494    0.0000614421
   -7.50733655    0.0001954573
   -7.48604815    0.0005839179
   -7.46475975    0.0016381969
   -7.44347135    0.0043161331
   -7.42218295    0.0106791812
   -7.40089455    0.0248139256
   -7.37960615    0.0541461260
   -7.35831775    0.1109567428
   -7.33702935    0.2135277890
   -7.31574095    0.3858953114
   -7.29445255    0.6549361996
   -7.27316415    1.0438615083
   -7.25187575    1.5624321490
   -7.23058735    2.1962098963
   -7.20929895    2.8990847844
   -7.18801055    3.5938701677
   -7.16672215    4.1838706146
   -7.14543375    4.5741299872
   -7.12414536    4.6962710372
   -7.10285696    4.5280602779
   -7.08156856    4.1000168389
   -7.06028016    3.4863700006
   -7.03899176    2.7840415091
   -7.01770336    2.0878165273
   -6.99641496    1.4703588873
   -6.97512656    0.9724533245
   -6.95383816    0.6039883677
   -6.93254976    0.3522919978
   -6.91126136    0.1929707022
   -6.88997296    0.0992645940
   -6.86868456    0.0479525557
   -6.84739616    0.0217542213
   -6.82610776    0.0092680788
   -6.80481936    0.0037080902
   -6.78353096    0.0013932378
   -6.76224256    0.0004916031
   -6.74095417    0.0001628990
   -6.71966577    0.0000506917
   -6.69837737    0.0000148139
   -6.67708897    0.0000040655
   -6.65580057    0.0000010478
   -6.63451217    0.0000002536
   -6.61322377    0.0000000576
   -6.59193537    0.0000000123
   -6.57064697    0.0000000025
   -6.54935857    0.0000000005
   -6.52807017    0.0000000001
   -6.50678177    0.0000000000
   -6.48549337    0.0000000000
   -6.46420497    0.0000000000
   -6.44291657    0.0000000000
   -6.42162817    0.0000000000
   -6.40033977    0.0000000000
   -6.37905138    0.0000000000
   -6.35776298    0.0000000000
   -6.33647458    0.0000000000
   -6.31518618    0.0000000000
   -6.29389778    0.0000000000
   -6.27260938    0.0000000000
   -6.25132098    0.0000000000
   -6.23003258    0.0000000000
   -6.20874418    0.0000000000
   -6.18745578    0.0000000000
   -6.16616738    0.0000000000
   -6.14487898    0.0000000000
   -6.12359058    0.0000000000
   -6.10230218    0.0000000000
   -6.08101378    0.0000000000
   -6.05972538    0.0000000000
   -6.03843698    0.0000000000
   -6.01714858    0.0000000000
   -5.99586019    0.0000000000
   -5.97457179    0.0000000000
   -5.95328339    0.0000000000
   -5.93199499    0.0000000000
   -5.91070659    0.0000000000
   -5.88941819    0.0000000000
   -5.86812979    0.0000000000
   -5.84684139    0.0000000000
   -5.82555299    0.0000000000
   -5.80426459    0.0000000000
   -5.78297619    0.0000000000
   -5.76168779    0.0000000000
   -5.74039939    0.0000000000
   -5.71911099    0.0000000000
   -5.69782259    0.0000000000
   -5.67653419    0.0000000000
   -5.65524579    0.0000000000
   -5.63395740    0.0000000000
   -5.61266900    0.0000000000
   -5.59138060    0.0000000000
   -5.57009220    0.0000000000
   -5.54880380    0.0000000000
   -5.52751540    0.0000000000
   -5.50622700    0.0000000000
   -5.48493860    0.0000000000
   -5.46365020    0.0000000000
   -5.44236180    0.0000000000
   -5.42107340    0.0000000000
   -5.39978500    0.0000000000
   -5.37849660    0.0000000000
   -5.35720820    0.0000000000
   -5.33591980    0.0000000000
   -5.31463140    0.0000000000
   -5.29334300    0.0000000000
   -5.27205460    0.0000000000
   -5.25076621    0.0000000000
   -5.22947781    0.0000000000
   -5.20818941    0.0000000000
   -5.18690101    0.0000000000
   -5.16561261    0.0000000000
   -5.14432421    0.0000000000
   -5.12303581    0.0000000000
   -5.10174741    0.0000000000
   -5.08045901    0.0000000000
   -5.05917061    0.0000000000
   -5.03788221    0.0000000001
   -5.01659381    0.0000000006
   -4.99530541    0.0000000032
   -4.97401701    0.0000000157
   -4.95272861    0.0000000727
   -4.93144021    0.0000003170
   -4.91015181    0.0000012969
   -4.88886342    0.0000049837
   -4.86757502    0.0000179842
   -4.84628662    0.0000609464
   -4.82499822    0.0001939632
   -4.80370982    0.0005797025
   -4.78242142    0.0016270672
   -4.76113302    0.0042886455
   -4.73984462    0.0106157139
   -4.71855622    0.0246770171
   -4.69726782    0.0538704386
   -4.67597942    0.1104390739
   -4.65469102    0.2126225859
   -4.63340262    0.3844239437
   -4.61211422    0.6527184044
   -4.59082582    1.0407721968
   -4.56953742    1.5584752161
   -4.54824902    2.1915859785
   -4.52696062    2.8942198708
   -4.50567223    3.5893757417
   -4.48438383    4.1804277364
   -4.46309543    4.5723231057
   -4.44180703    4.6964261666
   -4.42051863    4.5301489370
   -4.39923023    4.1036645879
   -4.37794183    3.4909660674
   -4.35665343    2.7889054630
   -4.33536503    2.0923597320
   -4.31407663    1.4741894823
   -4.29278823    0.9754042827
   -4.27149983    0.6060806275
   -4.25021143    0.3536637454
   -4.22892303    0.1938050440
   -4.20763463    0.0997364726
   -4.18634623    0.0482011420
   -4.16505783    0.0218763592
   -4.14376944    0.0093241051
   -4.12248104    0.0037321034
   -4.10119264    0.0014028608
   -4.07990424    0.0004952105
   -4.05861584    0.0001641646
   -4.03732744    0.0000511074
   -4.01603904    0.0000149418
   -3.99475064    0.0000041024
   -3.97346224    0.0000010577
   -3.95217384    0.0000002561
   -3.93088544    0.0000000582
   -3.90959704    0.0000000124
   -3.88830864    0.0000000025
   -3.86702024    0.0000000005
   -3.84573184    0.0000000001
   -3.82444344    0.0000000000
   -3.80315504    0.0000000000
   -3.78186664    0.0000000000
   -3.76057825    0.0000000000
   -3.73928985    0.0000000000
   -3.71800145    0.0000000000
   -3.69671305    0.0000000000
   -3.67542465    0.0000000000
   -3.65413625    0.0000000000
   -3.63284785    0.0000000000
   -3.61155945    0.0000000000
   -3.59027105    0.0000000000
   -3.56898265    0.0000000000
   -3.54769425    0.0000000000
   -3.52640585    0.0000000000
   -3.50511745    0.0000000000
   -3.48382905    0.0000000000
   -3.46254065    0.0000000000
   -3.44125225    0.0000000000
   -3.41996385    0.0000000000
   -3.39867545    0.0000000000
   -3.37738706    0.0000000000
   -3.35609866    0.0000000000
   -3.33481026    0.0000000000
   -3.31352186    0.0000000000
   -3.29223346    0.0000000000
   -3.27094506    0.0000000000
   -3.24965666    0.0000000000
   -3.22836826    0.0000000000
   -3.20707986    0.0000000000
   -3.18579146    0.0000000000
   -3.16450306    0.0000000000
   -3.14321466    0.0000000000
   -3.12192626    0.0000000000
   -3.10063786    0.0000000000
   -3.07934946    0.0000000000
   -3.05806106    0.0000000000
   -3.03677266    0.0000000000
   -3.01548427    0.0000000000
   -2.99419587    0.0000000000
   -2.97290747    0.0000000000
   -2.95161907    0.0000000000
   -2.93033067    0.0000000000
   -2.90904227    0.0000000000
   -2.88775387    0.0000000000
   -2.86646547    0.0000000000
   -2.84517707    0.0000000000
   -2.82388867    0.0000000000
   -2.80260027    0.0000000000
   -2.78131187    0.0000000000
   -2.76002347    0.0000000000
   -2.73873507    0.0000000000
   -2.71744667    0.0000000000
   -2.69615827    0.0000000000
   -2.67486987    0.0000000000
   -2.65358147    0.0000000000
   -2.63229308    0.0000000000
   -2.61100468    0.0000000000
   -2.58971628    0.0000000000
   -2.56842788    0.0000000000
   -2.54713948    0.0000000000
   -2.52585108    0.0000000000
   -2.50456268    0.0000000000
   -2.48327428    0.0000000000
   -2.46198588    0.0000000000
   -2.44069748    0.0000000000
   -2.41940908    0.0000000000
   -2.39812068    0.0000000000
   -2.37683228    0.0000000000
   -2.35554388    0.0000000000
   -2.33425548    0.0000000000
   -2.31296708    0.0000000000
   -2.29167868    0.0000000000
   -2.27039029    0.0000000000
   -2.24910189    0.0000000000
   -2.22781349    0.0000000000
   -2.20652509    0.0000000000
   -2.18523669    0.0000000000
   -2.16394829    0.0000000000
   -2.14265989    0.0000000000
   -2.12137149    0.0000000000
   -2.10008309    0.0000000000
   -2.07879469    0.0000000000
   -2.05750629    0.0000000000
   -2.03621789    0.0000000000
   -2.01492949    0.0000000000
   -1.99364109    0.0000000000
   -1.97235269    0.0000000000
   -1.95106429    0.0000000000
   -1.92977589    0.0000000000
   -1.90848749    0.0000000000
   -1.88719910    0.0000000000
   -1.86591070    0.0000000000
   -1.84462230    0.0000000000
   -1.82333390    0.0000000000
   -1.80204550    0.0000000000
   -1.78075710    0.0000000000
   -1.75946870    0.0000000000
   -1.73818030    0.0000000000
   -1.71689190    0.0000000000
   -1.69560350    0.0000000000
   -1.67431510    0.0000000000
   -1.65302670    0.0000000000
   -1.63173830    0.0000000000
   -1.61044990    0.0000000000
   -1.58916150    0.0000000000
   -1.56787310    0.0000000000
   -1.54658470    0.0000000000
   -1.52529631    0.0000000000
   -1.50400791    0.0000000000
   -1.48271951    0.0000000000
   -1.46143111    0.0000000000
   -1.44014271    0.0000000000
   -1.41885431    0.0000000000
   -1.39756591    0.0000000000
   -1.37627751    0.0000000000
   -1.35498911    0.0000000000
   -1.33370071    0.0000000000
   -1.31241231    0.0000000000
   -1.29112391    0.0000000000
   -1.26983551    0.0000000000
   -1.24854711    0.0000000000
   -1.22725871    0.0000000000
   -1.20597031    0.0000000000
   -1.18468191    0.0000000000
   -1.16339351    0.0000000000
   -1.14210512    0.0000000000
   -1.12081672    0.0000000000
   -1.09952832    0.0000000000
   -1.07823992    0.0000000000
   -1.05695152    0.0000000000
   -1.03566312    0.0000000000
   -1.01437472    0.0000000000
   -0.99308632    0.0000000000
   -0.97179792    0.0000000000
   -0.95050952    0.0000000000
   -0.92922112    0.0000000000
   -0.90793272    0.0000000000
   -0.88664432    0.0000000000
   -0.86535592    0.0000000000
   -0.84406752    0.0000000000
   -0.82277912    0.0000000000
   -0.80149072    0.0000000000
   -0.78020232    0.0000000000
   -0.75891393    0.0000000000
   -0.73762553    0.0000000000
   -0.71633713    0.0000000000
   -0.69504873    0.0000000000
   -0.67376033    0.0000000000
   -0.65247193    0.0000000000
   -0.63118353    0.0000000000
   -0.60989513    0.0000000000
   -0.58860673    0.0000000000
   -0.56731833    0.0000000000
   -0.54602993    0.0000000000
   -0.52474153    0.0000000000
   -0.50345313    0.0000000000
   -0.48216473    0.0000000000
   -0.46087633    0.0000000000
   -0.43958793    0.0000000000
   -0.41829953    0.0000000000
   -0.39701114    0.0000000000
   -0.37572274    0.0000000000
   -0.35443434    0.0000000000
   -0.33314594    0.0000000000
   -0.31185754    0.0000000000
   -0.29056914    0.0000000000
   -0.26928074    0.0000000000
   -0.24799234    0.0000000000
   -0.22670394    0.0000000000
   -0.20541554    0.0000000000
   -0.18412714    0.0000000000
   -0.16283874    0.0000000000
   -0.14155034    0.0000000000
   -0.12026194    0.0000000000
   -0.09897354    0.0000000000
   -0.07768514    0.0000000000
   -0.05639674    0.0000000000
   -0.03510834    0.0000000000
   -0.01381995    0.0000000000
    0.00746845    0.0000000000
    0.02875685    0.0000000000
    0.05004525    0.0000000000
    0.07133365    0.0000000000
    0.09262205    0.0000000000
    0.11391045    0.0000000000
    0.13519885    0.0000000000
    0.15648725    0.0000000000
    0.17777565    0.0000000000
    0.19906405    0.0000000000
    0.22035245    0.0000000000
    0.24164085    0.0000000000
    0.26292925    0.0000000000
    0.28421765    0.0000000000
    0.30550605    0.0000000000
    0.32679445    0.0000000000
    0.34808284    0.0000000000
    0.36937124    0.0000000000
    0.39065964    0.0000000000
    0.41194804    0.0000000000
    0.43323644    0.0000000000
    0.45452484    0.0000000000
    0.47581324    0.0000000000
    0.49710164    0.0000000000
    0.51839004    0.0000000000
    0.53967844    0.0000000000
    0.56096684    0.0000000000
    0.58225524    0.0000000000
    0.60354364    0.0000000000
    0.62483204    0.0000000000
    0.64612044    0.0000000000
    0.66740884    0.0000000000
    0.68869724    0.0000000000
    0.70998564    0.0000000000
    0.73127403    0.0000000000
    0.75256243    0.0000000000
    0.77385083    0.0000000000
    0.79513923    0.0000000000
    0.81642763    0.0000000000
    0.83771603    0.0000000000
    0.85900443    0.0000000000
    0.88029283    0.0000000000
    0.90158123    0.0000000000
    0.92286963    0.0000000000
    0.94415803    0.0000000000
    0.96544643    0.0000000000
    0.98673483    0.0000000000
    1.00802323    0.0000000000
    1.02931163    0.0000000000
    1.05060003    0.0000000000
    1.07188843    0.0000000000
    1.09317682    0.0000000000
    1.11446522    0.0000000000
    1.13575362    0.0000000000
    1.15704202    0.0000000000
    1.17833042    0.0000000000
    1.19961882    0.0000000000
    1.22090722    0.0000000000
    1.24219562    0.0000000000
    1.26348402    0.0000000000
    1.28477242    0.0000000000
    1.30606082    0.0000000000
    1.32734922    0.0000000000
    1.34863762    0.0000000000
    1.36992602    0.0000000000
    1.39121442    0.0000000000
    1.41250282    0.0000000000
    1.43379122    0.0000000000
    1.45507962    0.0000000000
    1.47636801    0.0000000000
    1.49765641    0.0000000000
    1.51894481    0.0000000000
    1.54023321    0.0000000000
    1.56152161    0.0000000000
    1.58281001    0.0000000000
    1.60409841    0.0000000000
    1.62538681    0.0000000000
    1.64667521    0.0000000000
    1.66796361    0.0000000000
    1.68925201    0.0000000000
    1.71054041    0.0000000000
    1.73182881    0.0000000000
    1.75311721    0.0000000000
    1.77440561    0.0000000000
    1.79569401    0.0000000000
    1.81698241    0.0000000000
    1.83827080    0.0000000000
    1.85955920    0.0000000000
    1.88084760    0.0000000000
    1.90213600    0.0000000000
    1.92342440    0.0000000000
    1.94471280    0.0000000000
    1.96600120    0.0000000000
    1.98728960    0.0000000000
    2.00857800    0.0000000000
    2.02986640    0.0000000000
    2.05115480    0.0000000000
    2.07244320    0.0000000000
    2.09373160    0.0000000000
    2.11502000    0.0000000000
    2.13630840    0.0000000000
    2.15759680    0.0000000000
    2.17888520    0.0000000000
    2.20017360    0.0000000000
    2.22146199    0.0000000000
    2.24275039    0.0000000000
    2.26403879    0.0000000000
    2.28532719    0.0000000000
    2.30661559    0.0000000000
    2.32790399    0.0000000000
    2.34919239    0.0000000000
    2.37048079    0.0000000000
    2.39176919    0.0000000000
    2.41305759    0.0000000000
    2.43434599    0.0000000000
    2.45563439    0.0000000000
    2.47692279    0.0000000000
    2.49821119    0.0000000000
    2.51949959    0.0000000000
    2.54078799    0.0000000000
    2.56207639    0.0000000000
    2.58336479    0.0000000000
    2.60465318    0.0000000000
    2.62594158    0.0000000000
    2.64722998    0.0000000000
    2.66851838    0.0000000000
    2.68980678    0.0000000000
    2.71109518    0.0000000000
    2.73238358    0.0000000000
    2.75367198    0.0000000000
    2.77496038    0.0000000000
    2.79624878    0.0000000000
    2.81753718    0.0000000000
    2.83882558    0.0000000000
    2.86011398    0.0000000000
    2.88140238    0.0000000000
    2.90269078    0.0000000000
    2.92397918    0.0000000000
    2.94526758    0.0000000000
    2.96655597    0.0000000000
    2.98784437    0.0000000000
    3.00913277    0.0000000000
    3.03042117    0.0000000000
    3.05170957    0.0000000000
    3.07299797    0.0000000000
    3.09428637    0.0000000000
    3.11557477    0.0000000000
    3.13686317    0.0000000000
    3.15815157    0.0000000000
    3.17943997    0.0000000000
    3.20072837    0.0000000000
    3.22201677    0.0000000000
    3.24330517    0.0000000000
    3.26459357    0.0000000000
    3.28588197    0.0000000000
    3.30717037    0.0000000000
    3.32845877    0.0000000000
    3.34974716    0.0000000000
    3.37103556    0.0000000000
    3.39232396    0.0000000000
    3.41361236    0.0000000000
    3.43490076    0.0000000000
    3.45618916    0.0000000000
    3.47747756    0.0000000000
    3.49876596    0.0000000000
    3.52005436    0.0000000000
    3.54134276    0.0000000000
    3.56263116    0.0000000000
    3.58391956    0.0000000000
    3.60520796    0.0000000000
    3.62649636    0.0000000000
    3.64778476    0.0000000000
    3.66907316    0.0000000000
    3.69036156    0.0000000000
    3.71164995    0.0000000000
    3.73293835    0.0000000000
    3.75422675    0.0000000000
    3.77551515    0.0000000000
    3.79680355    0.0000000000
    3.81809195    0.0000000000
    3.83938035    0.0000000000
    3.86066875    0.0000000003
    3.88195715    0.0000000015
    3.90324555    0.0000000078
    3.92453395    0.0000000370
    3.94582235    0.0000001657
    3.96711075    0.0000006974
    3.98839915    0.0000027559
    4.00968755    0.0000102276
    4.03097595    0.0000356446
    4.05226435    0.0001166623
    4.07355275    0.0003585764
    4.09484114    0.0010350164
    4.11612954    0.0028056088
    4.13741794    0.0071420254
    4.15870634    0.0170737949
    4.17999474    0.0383312629
    4.20128314    0.0808147420
    4.22257154    0.1600082765
    4.24385994    0.2975148850
    4.26514834    0.5195045373
    4.28643674    0.8518916981
    4.30772514    1.3118791253
    4.32901354    1.8972198155
    4.35030194    2.5766526524
    4.37159034    3.2863097625
    4.39287874    3.9361850865
    4.41416714    4.4274831890
    4.43545554    4.6768422879
    4.45674393    4.6394118101
    4.47803233    4.3220274139
    4.49932073    3.7811726288
    4.52060913    3.1065610190
    4.54189753    2.3968875863
    4.56318593    1.7367201318
    4.58447433    1.1817521627
    4.60576273    0.7551572003
    4.62705113    0.4531716410
    4.64833953    0.2553891694
    4.66962793    0.1351626263
    4.69091633    0.0671777050
    4.71220473    0.0313550934
    4.73349313    0.0137437558
    4.75478153    0.0056574035
    4.77606993    0.0021869723
    4.79735833    0.0007939329
    4.81864673    0.0002706691
    4.83993512    0.0000866579
    4.86122352    0.0000260550
    4.88251192    0.0000073568
    4.90380032    0.0000019508
    4.92508872    0.0000004858
    4.94637712    0.0000001136
    4.96766552    0.0000000249
    4.98895392    0.0000000051
    5.01024232    0.0000000010
    5.03153072    0.0000000002
    5.05281912    0.0000000000
    5.07410752    0.0000000000
    5.09539592    0.0000000000
    5.11668432    0.0000000000
    5.13797272    0.0000000000
    5.15926112    0.0000000000
    5.18054952    0.0000000000
    5.20183791    0.0000000000
    5.22312631    0.0000000000
    5.24441471    0.0000000000
    5.26570311    0.0000000000
    5.28699151    0.0000000000
    5.30827991    0.0000000000
    5.32956831    0.0000000000
    5.35085671    0.0000000000
    5.37214511    0.0000000000
    5.39343351    0.0000000000
    5.41472191    0.0000000000
    5.43601031    0.0000000000
    5.45729871    0.0000000000
    5.47858711    0.0000000000
    5.49987551    0.0000000000
    5.52116391    0.0000000000
    5.54245231    0.0000000000
    5.56374071    0.0000000000
    5.58502910    0.0000000000
    5.60631750    0.0000000000
    5.62760590    0.0000000000
    5.64889430    0.0000000000
    5.67018270    0.0000000000
    5.69147110    0.0000000000
    5.71275950    0.0000000000
    5.73404790    0.0000000000
    5.75533630    0.0000000000
    5.77662470    0.0000000000
    5.79791310    0.0000000000
    5.81920150    0.0000000000
    5.84048990    0.0000000000
    5.86177830    0.0000000000
    5.88306670    0.0000000000
    5.90435510    0.0000000000
    5.92564350    0.0000000000
    5.94693190    0.0000000000
    5.96822029    0.0000000000
    5.98950869    0.0000000000
    6.01079709    0.0000000000
    6.03208549    0.0000000000
    6.05337389    0.0000000000
    6.07466229    0.0000000000
    6.09595069    0.0000000000
    6.11723909    0.0000000000
    6.13852749    0.0000000000
    6.15981589    0.0000000000
    6.18110429    0.0000000000
    6.20239269    0.0000000000
    6.22368109    0.0000000000
    6.24496949    0.0000000000
    6.26625789    0.0000000000
    6.28754629    0.0000000000
    6.30883469    0.0000000001
    6.33012308    0.0000000003
    6.35141148    0.0000000018
    6.37269988    0.0000000093
    6.39398828    0.0000000439
    6.41527668    0.0000001952
    6.43656508    0.0000008155
    6.45785348    0.0000032000
    6.47914188    0.0000117929
    6.50043028    0.0000408129
    6.52171868    0.0001326446
    6.54300708    0.0004048522
    6.56429548    0.0011604268
    6.58558388    0.0031235857
    6.60687228    0.0078959334
    6.62816068    0.0187442437
    6.64944908    0.0417875361
    6.67073748    0.0874862905
    6.69202588    0.1720075992
    6.71331427    0.3175920780
    6.73460267    0.5506885952
    6.75589107    0.8967200872
    6.77717947    1.3712672669
    6.79846787    1.9692539026
    6.81975627    2.6558021314
    6.84104467    3.3635981903
    6.86233307    4.0006162984
    6.88362147    4.4685238929
    6.90490987    4.6872235136
    6.92619827    4.6172313698
    6.94748667    4.2713189878
    6.96877507    3.7107079078
    6.99006347    3.0273729626
    7.01135187    2.3194738512
    7.03264027    1.6688889090
    7.05392867    1.1276641422
    7.07521706    0.7155607456
    7.09650546    0.4264102540
    7.11779386    0.2386289698
    7.13908226    0.1254102656
    7.16037066    0.0618952617
    7.18165906    0.0286877253
    7.20294746    0.0124867443
    7.22423586    0.0051040712
    7.24552426    0.0019592895
    7.26681266    0.0007063093
    7.28810106    0.0002391143
    7.30938946    0.0000760205
    7.33067786    0.0000226971
    7.35196626    0.0000063639
    7.37325466    0.0000016757
    7.39454306    0.0000004144
    7.41583146    0.0000000962
    7.43711986    0.0000000210
    7.45840825    0.0000000043
    7.47969665    0.0000000008
    7.50098505    0.0000000001
    7.52227345    0.0000000000
    7.54356185    0.0000000000
    7.56485025    0.0000000000
    7.58613865    0.0000000000
    7.60742705    0.0000000000
    7.62871545    0.0000000000
    7.65000385    0.0000000000
    7.67129225    0.0000000000
    7.69258065    0.0000000000
    7.71386905    0.0000000000
    7.73515745    0.0000000000
    7.75644585    0.0000000000
    7.77773425    0.0000000000
    7.79902265    0.0000000000
    7.82031104    0.0000000000
    7.84159944    0.0000000000
    7.86288784    0.0000000000
    7.88417624    0.0000000000
    7.90546464    0.0000000000
    7.92675304    0.0000000000
    7.94804144    0.0000000000
    7.96932984    0.0000000000
    7.99061824    0.0000000000
    8.01190664    0.0000000000
    8.03319504    0.0000000000
    8.05448344    0.0000000000
    8.07577184    0.0000000000
    8.09706024    0.0000000000
    8.11834864    0.0000000000
    8.13963704    0.0000000000
    8.16092544    0.0000000000
    8.18221384    0.0000000000
    8.20350223    0.0000000000
    8.22479063    0.0000000000
    8.24607903    0.0000000000
    8.26736743    0.0000000000
    8.28865583    0.0000000000
    8.30994423    0.0000000000
    8.33123263    0.0000000000
    8.35252103    0.0000000000
    8.37380943    0.0000000000
    8.39509783    0.0000000000
    8.41638623    0.0000000000
    8.43767463    0.0000000000
    8.45896303    0.0000000000
    8.48025143    0.0000000000
    8.50153983    0.0000000000
    8.52282823    0.0000000000
    8.54411663    0.0000000000
    8.56540502    0.0000000000
    8.58669342    0.0000000000
    8.60798182    0.0000000000
    8.62927022    0.0000000000
    8.65055862    0.0000000000
    8.67184702    0.0000000000
    8.69313542    0.0000000000
    8.71442382    0.0000000000
    8.73571222    0.0000000000
    8.75700062    0.0000000000
    8.77828902    0.0000000000
    8.79957742    0.0000000000
    8.82086582    0.0000000000
    8.84215422    0.0000000000
    8.86344262    0.0000000000
    8.88473102    0.0000000000
    8.90601942    0.0000000000
    8.92730782    0.0000000000
    8.94859621    0.0000000000
    8.96988461    0.0000000000
    8.99117301    0.0000000000
    9.01246141    0.0000000000
    9.03374981    0.0000000000
    9.05503821    0.0000000000
    9.07632661    0.0000000000
    9.09761501    0.0000000000
    9.11890341    0.0000000000
    9.14019181    0.0000000000
    9.16148021    0.0000000000
    9.18276861    0.0000000000
    9.20405701    0.0000000000
    9.22534541    0.0000000000
    9.24663381    0.0000000000
    9.26792221    0.0000000000
    9.28921061    0.0000000000
    9.31049901    0.0000000000
    9.33178740    0.0000000000
    9.35307580    0.0000000000
    9.37436420    0.0000000000
    9.39565260    0.0000000000
    9.41694100    0.0000000000
    9.43822940    0.0000000000
    9.45951780    0.0000000000
    9.48080620    0.0000000000
    9.50209460    0.0000000000
    9.52338300    0.0000000000
    9.54467140    0.0000000000
    9.56595980    0.0000000000
    9.58724820    0.0000000000
    9.60853660    0.0000000000
    9.62982500    0.0000000000
    9.65111340    0.0000000000
    9.67240180    0.0000000000
    9.69369019    0.0000000000
    9.71497859    0.0000000000
    9.73626699    0.0000000000
    9.75755539    0.0000000000
    9.77884379    0.0000000000
    9.80013219    0.0000000000
    9.82142059    0.0000000000
    9.84270899    0.0000000000
    9.86399739    0.0000000000
    9.88528579    0.0000000000
    9.90657419    0.0000000000
    9.92786259    0.0000000000
    9.94915099    0.0000000000
    9.97043939    0.0000000000
    9.99172779    0.0000000000
   10.01301619    0.0000000000
   10.03430459    0.0000000000
   10.05559299    0.0000000000
   10.07688138    0.0000000000
   10.09816978    0.0000000000
   10.11945818    0.0000000000
   10.14074658    0.0000000000
   10.16203498    0.0000000000
   10.18332338    0.0000000000
   10.20461178    0.0000000000
   10.22590018    0.0000000000
   10.24718858    0.0000000000
   10.26847698    0.0000000000
   10.28976538    0.0000000000
   10.31105378    0.0000000000
   10.33234218    0.0000000000
   10.35363058    0.0000000000
   10.37491898    0.0000000000
   10.39620738    0.0000000000
   10.41749578    0.0000000000
   10.43878417    0.0000000000
   10.46007257    0.0000000000
   10.48136097    0.0000000000
   10.50264937    0.0000000000
   10.52393777    0.0000000000
   10.54522617    0.0000000000
   10.56651457    0.0000000000
   10.58780297    0.0000000000
   10.60909137    0.0000000000
   10.63037977    0.0000000000
   10.65166817    0.0000000000
   10.67295657    0.0000000000
   10.69424497    0.0000000000
   10.71553337    0.0000000000
   10.73682177    0.0000000000
   10.75811017    0.0000000000
   10.77939857    0.0000000000
   10.80068697    0.0000000000
   10.82197536    0.0000000000
   10.84326376    0.0000000000
   10.86455216    0.0000000000
   10.88584056    0.0000000000
   10.90712896    0.0000000000
   10.92841736    0.0000000000
   10.94970576    0.0000000000
   10.97099416    0.0000000000
   10.99228256    0.0000000000
   11.01357096    0.0000000000
   11.03485936    0.0000000000
   11.05614776    0.0000000000
   11.07743616    0.0000000000
   11.09872456    0.0000000000
   11.12001296    0.0000000000
   11.14130136    0.0000000000
   11.16258976    0.0000000000
   11.18387815    0.0000000000
   11.20516655    0.0000000000
   11.22645495    0.0000000000
   11.24774335    0.0000000000
   11.26903175    0.0000000000
   11.29032015    0.0000000000
   11.31160855    0.0000000000
   11.33289695    0.0000000001
   11.35418535    0.0000000006
   11.37547375    0.0000000033
   11.39676215    0.0000000165
   11.41805055    0.0000000763
   11.43933895    0.0000003318
   11.46062735    0.0000013551
   11.48191575    0.0000051967
   11.50320415    0.0000187153
   11.52449255    0.0000632973
   11.54578095    0.0002010424
   11.56706934    0.0005996589
   11.58835774    0.0016797140
   11.60964614    0.0044185602
   11.63093454    0.0109154237
   11.65222294    0.0253229801
   11.67351134    0.0551700561
   11.69479974    0.1128772529
   11.71608814    0.2168821612
   11.73737654    0.3913412503
   11.75866494    0.6631348006
   11.77995334    1.0552671256
   11.80124174    1.5770207273
   11.82253014    2.2132313628
   11.84381854    2.9169615815
   11.86510694    3.6103496151
   11.88639534    4.1964593584
   11.90768374    4.5807197172
   11.92897213    4.6957689569
   11.95026053    4.5208357476
   11.97154893    4.0881018929
   11.99283733    3.4735796157
   12.01412573    2.7764304852
   12.03541413    2.0950623669
   12.05670253    1.5086523715
   12.07799093    1.0691877866
   12.09927933    0.8038679433
   12.12056773    0.7234062814
   12.14185613    0.8301082125
   12.16314453    1.1208182631
   12.18443293    1.5830632805
   12.20572133    2.1865917787
   12.22700973    2.8755365416
   12.24829813    3.5672742082
   12.26958653    4.1619739457
   12.29087493    4.5622565233
   12.31216332    4.6972073677
   12.33345172    4.5418746907
   12.35474012    4.1243139479
   12.37602852    3.5171017198
   12.39731692    2.8166548216
   12.41860532    2.1183555921
   12.43989372    1.4961938273
   12.46118212    0.9925131826
   12.48247052    0.6186101766
   12.50375892    0.3629657797
   12.52504732    0.2023379887
   12.54633572    0.1117526346
   12.56762412    0.0714376891
   12.58891252    0.0706241485
   12.61020092    0.1090788751
   12.63148932    0.1971337386
   12.65277772    0.3542297862
   12.67406612    0.6052351190
   12.69535451    0.9736553596
   12.71664291    1.4717503243
   12.73793131    2.0894193400
   12.75921971    2.7857454180
   12.78050811    3.4879776077
   12.80179651    4.1012927490
   12.82308491    4.5287915807
   12.84437331    4.6963268147
   12.86566171    4.5735000394
   12.88695011    4.1826686209
   12.90823851    3.5923002141
   12.92952691    2.8973848498
   12.95081531    2.1945937618
   12.97210371    1.5610488388
   12.99339211    1.0427813025
   13.01468051    0.6541605880
   13.03596891    0.3853806541
   13.05725730    0.2132111137
   13.07854570    0.1107756131
   13.09983410    0.0540496494
   13.12112250    0.0247660072
   13.14241090    0.0106569641
   13.16369930    0.0043065095
   13.18498770    0.0016342997
   13.20627610    0.0005824416
   13.22756450    0.0001949339
   13.24885290    0.0000612685
   13.27014130    0.0000180843
   13.29142970    0.0000050128
   13.31271810    0.0000013049
   13.33400650    0.0000003190
   13.35529490    0.0000000732
   13.37658330    0.0000000158
   13.39787170    0.0000000032
   13.41916010    0.0000000006
   13.44044849    0.0000000001
   13.46173689    0.0000000000
   13.48302529    0.0000000000
   13.50431369    0.0000000000
   13.52560209    0.0000000000
   13.54689049    0.0000000000
   13.56817889    0.0000000000
   13.58946729    0.0000000000
   13.61075569    0.0000000000
   13.63204409    0.0000000000
   13.65333249    0.0000000000
   13.67462089    0.0000000000
   13.69590929    0.0000000000
   13.71719769    0.0000000000
   13.73848609    0.0000000000
   13.75977449    0.0000000000
   13.78106289    0.0000000000
   13.80235128    0.0000000000
   13.82363968    0.0000000000
   13.84492808    0.0000000000
   13.86621648    0.0000000000
   13.88750488    0.0000000000
   13.90879328    0.0000000000
   13.93008168    0.0000000000
   13.95137008    0.0000000000
   13.97265848    0.0000000000
   13.99394688    0.0000000000
   14.01523528    0.0000000000
   14.03652368    0.0000000000
   14.05781208    0.0000000000
   14.07910048    0.0000000000
   14.10038888    0.0000000000
   14.12167728    0.0000000000
   14.14296568    0.0000000000
   14.16425408    0.0000000000
   14.18554247    0.0000000000
   14.20683087    0.0000000000
   14.22811927    0.0000000000
   14.24940767    0.0000000000
   14.27069607    0.0000000000
   14.29198447    0.0000000000
   14.31327287    0.0000000000
   14.33456127    0.0000000000
   14.35584967    0.0000000000
   14.37713807    0.0000000000
   14.39842647    0.0000000000
   14.41971487    0.0000000000
   14.44100327    0.0000000000
   14.46229167    0.0000000000
   14.48358007    0.0000000000
   14.50486847    0.0000000000
   14.52615687    0.0000000000
   14.54744526    0.0000000000
   14.56873366    0.0000000000
   14.59002206    0.0000000000
   14.61131046    0.0000000000
   14.63259886    0.0000000000
   14.65388726    0.0000000000
   14.67517566    0.0000000000
   14.69646406    0.0000000000
   14.71775246    0.0000000000
   14.73904086    0.0000000000
   14.76032926    0.0000000000
   14.78161766    0.0000000000
   14.80290606    0.0000000000
   14.82419446    0.0000000000
   14.84548286    0.0000000000
   14.86677126    0.0000000000
   14.88805966    0.0000000000
   14.90934806    0.0000000000
   14.93063645    0.0000000000
   14.95192485    0.0000000000
   14.97321325    0.0000000000
   14.99450165    0.0000000000
   15.01579005    0.0000000000
   15.03707845    0.0000000000
   15.05836685    0.0000000000
   15.07965525    0.0000000000
   15.10094365    0.0000000000
   15.12223205    0.0000000000
   15.14352045    0.0000000000
   15.16480885    0.0000000000
   15.18609725    0.0000000000
   15.20738565    0.0000000000
   15.22867405    0.0000000000
   15.24996245    0.0000000000
   15.27125085    0.0000000000
   15.29253924    0.0000000000
   15.31382764    0.0000000000
   15.33511604    0.0000000000
   15.35640444    0.0000000000
   15.37769284    0.0000000000
   15.39898124    0.0000000000
   15.42026964    0.0000000000
   15.44155804    0.0000000000
   15.46284644    0.0000000000
   15.48413484    0.0000000000
   15.50542324    0.0000000000
   15.52671164    0.0000000000
   15.54800004    0.0000000000
   15.56928844    0.0000000000
   15.59057684    0.0000000000
   15.61186524    0.0000000000
   15.63315364    0.0000000000
   15.65444204    0.0000000000
   15.67573043    0.0000000000
   15.69701883    0.0000000000
   15.71830723    0.0000000000
   15.73959563    0.0000000000
   15.76088403    0.0000000000
   15.78217243    0.0000000000
   15.80346083    0.0000000000
   15.82474923    0.0000000000
   15.84603763    0.0000000000
