#  Energy (eV) |  DOS (states/eV)
  -26.40411829    0.0000000000
  -26.38601985    0.0000000000
  -26.36792141    0.0000000000
  -26.34982297    0.0000000000
  -26.33172452    0.0000000000
  -26.31362608    0.0000000000
  -26.29552764    0.0000000000
  -26.27742920    0.0000000000
  -26.25933076    0.0000000000
  -26.24123232    0.0000000000
  -26.22313388    0.0000000000
  -26.20503543    0.0000000000
  -26.18693699    0.0000000000
  -26.16883855    0.0000000000
  -26.15074011    0.0000000000
  -26.13264167    0.0000000000
  -26.11454323    0.0000000000
  -26.09644479    0.0000000000
  -26.07834635    0.0000000000
  -26.06024790    0.0000000000
  -26.04214946    0.0000000000
  -26.02405102    0.0000000000
  -26.00595258    0.0000000000
  -25.98785414    0.0000000000
  -25.96975570    0.0000000000
  -25.95165726    0.0000000000
  -25.93355882    0.0000000000
  -25.91546037    0.0000000000
  -25.89736193    0.0000000000
  -25.87926349    0.0000000000
  -25.86116505    0.0000000000
  -25.84306661    0.0000000000
  -25.82496817    0.0000000000
  -25.80686973    0.0000000000
  -25.78877128    0.0000000000
  -25.77067284    0.0000000000
  -25.75257440    0.0000000000
  -25.73447596    0.0000000000
  -25.71637752    0.0000000000
  -25.69827908    0.0000000000
  -25.68018064    0.0000000000
  -25.66208220    0.0000000000
  -25.64398375    0.0000000000
  -25.62588531    0.0000000000
  -25.60778687    0.0000000000
  -25.58968843    0.0000000000
  -25.57158999    0.0000000000
  -25.55349155    0.0000000000
  -25.53539311    0.0000000000
  -25.51729466    0.0000000000
  -25.49919622    0.0000000000
  -25.48109778    0.0000000000
  -25.46299934    0.0000000000
  -25.44490090    0.0000000000
  -25.42680246    0.0000000000
  -25.40870402    0.0000000000
  -25.39060558    0.0000000000
  -25.37250713    0.0000000000
  -25.35440869    0.0000000000
  -25.33631025    0.0000000000
  -25.31821181    0.0000000000
  -25.30011337    0.0000000000
  -25.28201493    0.0000000000
  -25.26391649    0.0000000000
  -25.24581805    0.0000000000
  -25.22771960    0.0000000000
  -25.20962116    0.0000000000
  -25.19152272    0.0000000000
  -25.17342428    0.0000000000
  -25.15532584    0.0000000000
  -25.13722740    0.0000000000
  -25.11912896    0.0000000000
  -25.10103051    0.0000000000
  -25.08293207    0.0000000000
  -25.06483363    0.0000000000
  -25.04673519    0.0000000000
  -25.02863675    0.0000000000
  -25.01053831    0.0000000000
  -24.99243987    0.0000000000
  -24.97434143    0.0000000000
  -24.95624298    0.0000000000
  -24.93814454    0.0000000000
  -24.92004610    0.0000000000
  -24.90194766    0.0000000000
  -24.88384922    0.0000000000
  -24.86575078    0.0000000000
  -24.84765234    0.0000000000
  -24.82955390    0.0000000000
  -24.81145545    0.0000000000
  -24.79335701    0.0000000000
  -24.77525857    0.0000000000
  -24.75716013    0.0000000000
  -24.73906169    0.0000000000
  -24.72096325    0.0000000000
  -24.70286481    0.0000000000
  -24.68476636    0.0000000000
  -24.66666792    0.0000000000
  -24.64856948    0.0000000000
  -24.63047104    0.0000000000
  -24.61237260    0.0000000000
  -24.59427416    0.0000000000
  -24.57617572    0.0000000000
  -24.55807728    0.0000000000
  -24.53997883    0.0000000000
  -24.52188039    0.0000000000
  -24.50378195    0.0000000000
  -24.48568351    0.0000000000
  -24.46758507    0.0000000000
  -24.44948663    0.0000000000
  -24.43138819    0.0000000000
  -24.41328974    0.0000000000
  -24.39519130    0.0000000000
  -24.37709286    0.0000000000
  -24.35899442    0.0000000000
  -24.34089598    0.0000000000
  -24.32279754    0.0000000000
  -24.30469910    0.0000000000
  -24.28660066    0.0000000000
  -24.26850221    0.0000000000
  -24.25040377    0.0000000000
  -24.23230533    0.0000000000
  -24.21420689    0.0000000000
  -24.19610845    0.0000000000
  -24.17801001    0.0000000000
  -24.15991157    0.0000000000
  -24.14181313    0.0000000000
  -24.12371468    0.0000000000
  -24.10561624    0.0000000000
  -24.08751780    0.0000000000
  -24.06941936    0.0000000000
  -24.05132092    0.0000000000
  -24.03322248    0.0000000000
  -24.01512404    0.0000000000
  -23.99702559    0.0000000001
  -23.97892715    0.0000000005
  -23.96082871    0.0000000022
  -23.94273027    0.0000000087
  -23.92463183    0.0000000328
  -23.90653339    0.0000001183
  -23.88843495    0.0000004080
  -23.87033651    0.0000013445
  -23.85223806    0.0000042336
  -23.83413962    0.0000127393
  -23.81604118    0.0000366318
  -23.79794274    0.0001006588
  -23.77984430    0.0002643162
  -23.76174586    0.0006632463
  -23.74364742    0.0015903939
  -23.72554897    0.0036442953
  -23.70745053    0.0079799722
  -23.68935209    0.0166981418
  -23.67125365    0.0333898040
  -23.65315521    0.0638026252
  -23.63505677    0.1165043610
  -23.61695833    0.2032940985
  -23.59885989    0.3389895543
  -23.58076144    0.5401654664
  -23.56266300    0.8225196282
  -23.54456456    1.1968636593
  -23.52646612    1.6642633367
  -23.50836768    2.2114563234
  -23.49026924    2.8081069354
  -23.47217080    3.4074372992
  -23.45407236    3.9511276359
  -23.43597391    4.3781758450
  -23.41787547    4.6360092857
  -23.39977703    4.6910963066
  -23.38167859    4.5361076852
  -23.36358015    4.1915178327
  -23.34548171    3.7011632019
  -23.32738327    3.1230871850
  -23.30928482    2.5183085278
  -23.29118638    1.9404958542
  -23.27308794    1.4288790132
  -23.25498950    1.0054422966
  -23.23689106    0.6760795502
  -23.21879262    0.4344275947
  -23.20069418    0.2667570849
  -23.18259574    0.1565285194
  -23.16449729    0.0877707778
  -23.14639885    0.0470311255
  -23.12830041    0.0240823992
  -23.11020197    0.0117840096
  -23.09210353    0.0055101748
  -23.07400509    0.0024621620
  -23.05590665    0.0010513488
  -23.03780821    0.0004289987
  -23.01970976    0.0001672800
  -23.00161132    0.0000623320
  -22.98351288    0.0000221951
  -22.96541444    0.0000075524
  -22.94731600    0.0000024558
  -22.92921756    0.0000007631
  -22.91111912    0.0000002266
  -22.89302067    0.0000000643
  -22.87492223    0.0000000174
  -22.85682379    0.0000000045
  -22.83872535    0.0000000011
  -22.82062691    0.0000000003
  -22.80252847    0.0000000001
  -22.78443003    0.0000000000
  -22.76633159    0.0000000000
  -22.74823314    0.0000000000
  -22.73013470    0.0000000000
  -22.71203626    0.0000000000
  -22.69393782    0.0000000000
  -22.67583938    0.0000000000
  -22.65774094    0.0000000000
  -22.63964250    0.0000000000
  -22.62154405    0.0000000000
  -22.60344561    0.0000000000
  -22.58534717    0.0000000000
  -22.56724873    0.0000000000
  -22.54915029    0.0000000000
  -22.53105185    0.0000000000
  -22.51295341    0.0000000000
  -22.49485497    0.0000000000
  -22.47675652    0.0000000000
  -22.45865808    0.0000000000
  -22.44055964    0.0000000000
  -22.42246120    0.0000000000
  -22.40436276    0.0000000000
  -22.38626432    0.0000000000
  -22.36816588    0.0000000000
  -22.35006744    0.0000000000
  -22.33196899    0.0000000000
  -22.31387055    0.0000000000
  -22.29577211    0.0000000000
  -22.27767367    0.0000000000
  -22.25957523    0.0000000000
  -22.24147679    0.0000000000
  -22.22337835    0.0000000000
  -22.20527990    0.0000000000
  -22.18718146    0.0000000000
  -22.16908302    0.0000000000
  -22.15098458    0.0000000000
  -22.13288614    0.0000000000
  -22.11478770    0.0000000000
  -22.09668926    0.0000000000
  -22.07859082    0.0000000000
  -22.06049237    0.0000000000
  -22.04239393    0.0000000000
  -22.02429549    0.0000000000
  -22.00619705    0.0000000000
  -21.98809861    0.0000000000
  -21.97000017    0.0000000000
  -21.95190173    0.0000000000
  -21.93380328    0.0000000000
  -21.91570484    0.0000000000
  -21.89760640    0.0000000000
  -21.87950796    0.0000000000
  -21.86140952    0.0000000000
  -21.84331108    0.0000000000
  -21.82521264    0.0000000000
  -21.80711420    0.0000000000
  -21.78901575    0.0000000000
  -21.77091731    0.0000000000
  -21.75281887    0.0000000000
  -21.73472043    0.0000000000
  -21.71662199    0.0000000000
  -21.69852355    0.0000000000
  -21.68042511    0.0000000000
  -21.66232667    0.0000000000
  -21.64422822    0.0000000000
  -21.62612978    0.0000000000
  -21.60803134    0.0000000000
  -21.58993290    0.0000000000
  -21.57183446    0.0000000000
  -21.55373602    0.0000000000
  -21.53563758    0.0000000000
  -21.51753913    0.0000000000
  -21.49944069    0.0000000000
  -21.48134225    0.0000000000
  -21.46324381    0.0000000000
  -21.44514537    0.0000000000
  -21.42704693    0.0000000000
  -21.40894849    0.0000000000
  -21.39085005    0.0000000000
  -21.37275160    0.0000000000
  -21.35465316    0.0000000000
  -21.33655472    0.0000000000
  -21.31845628    0.0000000000
  -21.30035784    0.0000000000
  -21.28225940    0.0000000000
  -21.26416096    0.0000000000
  -21.24606251    0.0000000000
  -21.22796407    0.0000000000
  -21.20986563    0.0000000000
  -21.19176719    0.0000000000
  -21.17366875    0.0000000000
  -21.15557031    0.0000000000
  -21.13747187    0.0000000000
  -21.11937343    0.0000000000
  -21.10127498    0.0000000000
  -21.08317654    0.0000000000
  -21.06507810    0.0000000000
  -21.04697966    0.0000000000
  -21.02888122    0.0000000000
  -21.01078278    0.0000000000
  -20.99268434    0.0000000000
  -20.97458590    0.0000000000
  -20.95648745    0.0000000000
  -20.93838901    0.0000000000
  -20.92029057    0.0000000000
  -20.90219213    0.0000000000
  -20.88409369    0.0000000000
  -20.86599525    0.0000000000
  -20.84789681    0.0000000000
  -20.82979836    0.0000000000
  -20.81169992    0.0000000000
  -20.79360148    0.0000000000
  -20.77550304    0.0000000000
  -20.75740460    0.0000000000
  -20.73930616    0.0000000000
  -20.72120772    0.0000000000
  -20.70310928    0.0000000000
  -20.68501083    0.0000000000
  -20.66691239    0.0000000000
  -20.64881395    0.0000000000
  -20.63071551    0.0000000000
  -20.61261707    0.0000000000
  -20.59451863    0.0000000000
  -20.57642019    0.0000000000
  -20.55832175    0.0000000000
  -20.54022330    0.0000000000
  -20.52212486    0.0000000000
  -20.50402642    0.0000000000
  -20.48592798    0.0000000000
  -20.46782954    0.0000000000
  -20.44973110    0.0000000000
  -20.43163266    0.0000000000
  -20.41353421    0.0000000000
  -20.39543577    0.0000000000
  -20.37733733    0.0000000000
  -20.35923889    0.0000000000
  -20.34114045    0.0000000000
  -20.32304201    0.0000000000
  -20.30494357    0.0000000000
  -20.28684513    0.0000000000
  -20.26874668    0.0000000000
  -20.25064824    0.0000000000
  -20.23254980    0.0000000000
  -20.21445136    0.0000000000
  -20.19635292    0.0000000000
  -20.17825448    0.0000000000
  -20.16015604    0.0000000000
  -20.14205759    0.0000000000
  -20.12395915    0.0000000000
  -20.10586071    0.0000000000
  -20.08776227    0.0000000000
  -20.06966383    0.0000000000
  -20.05156539    0.0000000000
  -20.03346695    0.0000000000
  -20.01536851    0.0000000000
  -19.99727006    0.0000000000
  -19.97917162    0.0000000000
  -19.96107318    0.0000000000
  -19.94297474    0.0000000000
  -19.92487630    0.0000000000
  -19.90677786    0.0000000000
  -19.88867942    0.0000000000
  -19.87058098    0.0000000000
  -19.85248253    0.0000000000
  -19.83438409    0.0000000000
  -19.81628565    0.0000000000
  -19.79818721    0.0000000000
  -19.78008877    0.0000000000
  -19.76199033    0.0000000000
  -19.74389189    0.0000000000
  -19.72579344    0.0000000000
  -19.70769500    0.0000000000
  -19.68959656    0.0000000000
  -19.67149812    0.0000000000
  -19.65339968    0.0000000000
  -19.63530124    0.0000000000
  -19.61720280    0.0000000000
  -19.59910436    0.0000000000
  -19.58100591    0.0000000000
  -19.56290747    0.0000000000
  -19.54480903    0.0000000000
  -19.52671059    0.0000000000
  -19.50861215    0.0000000000
  -19.49051371    0.0000000000
  -19.47241527    0.0000000000
  -19.45431682    0.0000000000
  -19.43621838    0.0000000000
  -19.41811994    0.0000000000
  -19.40002150    0.0000000000
  -19.38192306    0.0000000000
  -19.36382462    0.0000000000
  -19.34572618    0.0000000000
  -19.32762774    0.0000000000
  -19.30952929    0.0000000000
  -19.29143085    0.0000000000
  -19.27333241    0.0000000000
  -19.25523397    0.0000000000
  -19.23713553    0.0000000000
  -19.21903709    0.0000000000
  -19.20093865    0.0000000000
  -19.18284021    0.0000000000
  -19.16474176    0.0000000000
  -19.14664332    0.0000000000
  -19.12854488    0.0000000000
  -19.11044644    0.0000000000
  -19.09234800    0.0000000000
  -19.07424956    0.0000000000
  -19.05615112    0.0000000000
  -19.03805267    0.0000000000
  -19.01995423    0.0000000000
  -19.00185579    0.0000000000
  -18.98375735    0.0000000000
  -18.96565891    0.0000000000
  -18.94756047    0.0000000000
  -18.92946203    0.0000000000
  -18.91136359    0.0000000000
  -18.89326514    0.0000000000
  -18.87516670    0.0000000000
  -18.85706826    0.0000000000
  -18.83896982    0.0000000000
  -18.82087138    0.0000000000
  -18.80277294    0.0000000000
  -18.78467450    0.0000000000
  -18.76657606    0.0000000000
  -18.74847761    0.0000000000
  -18.73037917    0.0000000000
  -18.71228073    0.0000000000
  -18.69418229    0.0000000000
  -18.67608385    0.0000000000
  -18.65798541    0.0000000000
  -18.63988697    0.0000000000
  -18.62178852    0.0000000000
  -18.60369008    0.0000000000
  -18.58559164    0.0000000000
  -18.56749320    0.0000000000
  -18.54939476    0.0000000000
  -18.53129632    0.0000000000
  -18.51319788    0.0000000000
  -18.49509944    0.0000000000
  -18.47700099    0.0000000000
  -18.45890255    0.0000000000
  -18.44080411    0.0000000000
  -18.42270567    0.0000000000
  -18.40460723    0.0000000000
  -18.38650879    0.0000000000
  -18.36841035    0.0000000000
  -18.35031190    0.0000000000
  -18.33221346    0.0000000000
  -18.31411502    0.0000000000
  -18.29601658    0.0000000000
  -18.27791814    0.0000000000
  -18.25981970    0.0000000000
  -18.24172126    0.0000000000
  -18.22362282    0.0000000000
  -18.20552437    0.0000000000
  -18.18742593    0.0000000000
  -18.16932749    0.0000000000
  -18.15122905    0.0000000000
  -18.13313061    0.0000000000
  -18.11503217    0.0000000000
  -18.09693373    0.0000000000
  -18.07883529    0.0000000000
  -18.06073684    0.0000000000
  -18.04263840    0.0000000000
  -18.02453996    0.0000000000
  -18.00644152    0.0000000000
  -17.98834308    0.0000000000
  -17.97024464    0.0000000000
  -17.95214620    0.0000000000
  -17.93404775    0.0000000000
  -17.91594931    0.0000000000
  -17.89785087    0.0000000000
  -17.87975243    0.0000000000
  -17.86165399    0.0000000000
  -17.84355555    0.0000000000
  -17.82545711    0.0000000000
  -17.80735867    0.0000000000
  -17.78926022    0.0000000000
  -17.77116178    0.0000000000
  -17.75306334    0.0000000000
  -17.73496490    0.0000000000
  -17.71686646    0.0000000000
  -17.69876802    0.0000000000
  -17.68066958    0.0000000000
  -17.66257113    0.0000000000
  -17.64447269    0.0000000000
  -17.62637425    0.0000000000
  -17.60827581    0.0000000000
  -17.59017737    0.0000000000
  -17.57207893    0.0000000000
  -17.55398049    0.0000000000
  -17.53588205    0.0000000000
  -17.51778360    0.0000000000
  -17.49968516    0.0000000000
  -17.48158672    0.0000000000
  -17.46348828    0.0000000000
  -17.44538984    0.0000000000
  -17.42729140    0.0000000000
  -17.40919296    0.0000000000
  -17.39109452    0.0000000000
  -17.37299607    0.0000000000
  -17.35489763    0.0000000000
  -17.33679919    0.0000000000
  -17.31870075    0.0000000000
  -17.30060231    0.0000000000
  -17.28250387    0.0000000000
  -17.26440543    0.0000000000
  -17.24630698    0.0000000000
  -17.22820854    0.0000000000
  -17.21011010    0.0000000000
  -17.19201166    0.0000000000
  -17.17391322    0.0000000000
  -17.15581478    0.0000000000
  -17.13771634    0.0000000000
  -17.11961790    0.0000000000
  -17.10151945    0.0000000000
  -17.08342101    0.0000000000
  -17.06532257    0.0000000000
  -17.04722413    0.0000000000
  -17.02912569    0.0000000000
  -17.01102725    0.0000000000
  -16.99292881    0.0000000000
  -16.97483036    0.0000000000
  -16.95673192    0.0000000000
  -16.93863348    0.0000000000
  -16.92053504    0.0000000000
  -16.90243660    0.0000000000
  -16.88433816    0.0000000000
  -16.86623972    0.0000000000
  -16.84814128    0.0000000000
  -16.83004283    0.0000000000
  -16.81194439    0.0000000000
  -16.79384595    0.0000000000
  -16.77574751    0.0000000000
  -16.75764907    0.0000000000
  -16.73955063    0.0000000000
  -16.72145219    0.0000000000
  -16.70335375    0.0000000000
  -16.68525530    0.0000000000
  -16.66715686    0.0000000000
  -16.64905842    0.0000000000
  -16.63095998    0.0000000000
  -16.61286154    0.0000000000
  -16.59476310    0.0000000000
  -16.57666466    0.0000000000
  -16.55856621    0.0000000000
  -16.54046777    0.0000000000
  -16.52236933    0.0000000000
  -16.50427089    0.0000000000
  -16.48617245    0.0000000000
  -16.46807401    0.0000000000
  -16.44997557    0.0000000000
  -16.43187713    0.0000000000
  -16.41377868    0.0000000000
  -16.39568024    0.0000000000
  -16.37758180    0.0000000000
  -16.35948336    0.0000000000
  -16.34138492    0.0000000000
  -16.32328648    0.0000000000
  -16.30518804    0.0000000000
  -16.28708960    0.0000000000
  -16.26899115    0.0000000000
  -16.25089271    0.0000000000
  -16.23279427    0.0000000000
  -16.21469583    0.0000000000
  -16.19659739    0.0000000000
  -16.17849895    0.0000000000
  -16.16040051    0.0000000000
  -16.14230206    0.0000000000
  -16.12420362    0.0000000000
  -16.10610518    0.0000000000
  -16.08800674    0.0000000000
  -16.06990830    0.0000000000
  -16.05180986    0.0000000000
  -16.03371142    0.0000000000
  -16.01561298    0.0000000000
  -15.99751453    0.0000000000
  -15.97941609    0.0000000000
  -15.96131765    0.0000000000
  -15.94321921    0.0000000000
  -15.92512077    0.0000000000
  -15.90702233    0.0000000000
  -15.88892389    0.0000000000
  -15.87082544    0.0000000000
  -15.85272700    0.0000000000
  -15.83462856    0.0000000000
  -15.81653012    0.0000000000
  -15.79843168    0.0000000000
  -15.78033324    0.0000000000
  -15.76223480    0.0000000000
  -15.74413636    0.0000000000
  -15.72603791    0.0000000000
  -15.70793947    0.0000000000
  -15.68984103    0.0000000000
  -15.67174259    0.0000000000
  -15.65364415    0.0000000000
  -15.63554571    0.0000000000
  -15.61744727    0.0000000000
  -15.59934883    0.0000000000
  -15.58125038    0.0000000000
  -15.56315194    0.0000000000
  -15.54505350    0.0000000000
  -15.52695506    0.0000000000
  -15.50885662    0.0000000000
  -15.49075818    0.0000000000
  -15.47265974    0.0000000000
  -15.45456129    0.0000000000
  -15.43646285    0.0000000000
  -15.41836441    0.0000000000
  -15.40026597    0.0000000000
  -15.38216753    0.0000000000
  -15.36406909    0.0000000000
  -15.34597065    0.0000000000
  -15.32787221    0.0000000000
  -15.30977376    0.0000000000
  -15.29167532    0.0000000000
  -15.27357688    0.0000000000
  -15.25547844    0.0000000000
  -15.23738000    0.0000000000
  -15.21928156    0.0000000000
  -15.20118312    0.0000000000
  -15.18308467    0.0000000000
  -15.16498623    0.0000000000
  -15.14688779    0.0000000000
  -15.12878935    0.0000000000
  -15.11069091    0.0000000000
  -15.09259247    0.0000000000
  -15.07449403    0.0000000000
  -15.05639559    0.0000000000
  -15.03829714    0.0000000000
  -15.02019870    0.0000000000
  -15.00210026    0.0000000000
  -14.98400182    0.0000000000
  -14.96590338    0.0000000000
  -14.94780494    0.0000000000
  -14.92970650    0.0000000000
  -14.91160806    0.0000000000
  -14.89350961    0.0000000000
  -14.87541117    0.0000000000
  -14.85731273    0.0000000000
  -14.83921429    0.0000000000
  -14.82111585    0.0000000000
  -14.80301741    0.0000000000
  -14.78491897    0.0000000000
  -14.76682052    0.0000000000
  -14.74872208    0.0000000000
  -14.73062364    0.0000000000
  -14.71252520    0.0000000000
  -14.69442676    0.0000000000
  -14.67632832    0.0000000000
  -14.65822988    0.0000000000
  -14.64013144    0.0000000000
  -14.62203299    0.0000000000
  -14.60393455    0.0000000000
  -14.58583611    0.0000000000
  -14.56773767    0.0000000000
  -14.54963923    0.0000000000
  -14.53154079    0.0000000000
  -14.51344235    0.0000000000
  -14.49534391    0.0000000000
  -14.47724546    0.0000000000
  -14.45914702    0.0000000000
  -14.44104858    0.0000000000
  -14.42295014    0.0000000000
  -14.40485170    0.0000000000
  -14.38675326    0.0000000000
  -14.36865482    0.0000000000
  -14.35055637    0.0000000000
  -14.33245793    0.0000000000
  -14.31435949    0.0000000000
  -14.29626105    0.0000000000
  -14.27816261    0.0000000000
  -14.26006417    0.0000000000
  -14.24196573    0.0000000000
  -14.22386729    0.0000000000
  -14.20576884    0.0000000000
  -14.18767040    0.0000000000
  -14.16957196    0.0000000000
  -14.15147352    0.0000000000
  -14.13337508    0.0000000000
  -14.11527664    0.0000000000
  -14.09717820    0.0000000000
  -14.07907975    0.0000000000
  -14.06098131    0.0000000000
  -14.04288287    0.0000000000
  -14.02478443    0.0000000000
  -14.00668599    0.0000000000
  -13.98858755    0.0000000000
  -13.97048911    0.0000000000
  -13.95239067    0.0000000000
  -13.93429222    0.0000000000
  -13.91619378    0.0000000000
  -13.89809534    0.0000000000
  -13.87999690    0.0000000000
  -13.86189846    0.0000000000
  -13.84380002    0.0000000000
  -13.82570158    0.0000000000
  -13.80760314    0.0000000000
  -13.78950469    0.0000000000
  -13.77140625    0.0000000000
  -13.75330781    0.0000000000
  -13.73520937    0.0000000000
  -13.71711093    0.0000000000
  -13.69901249    0.0000000000
  -13.68091405    0.0000000000
  -13.66281560    0.0000000000
  -13.64471716    0.0000000000
  -13.62661872    0.0000000000
  -13.60852028    0.0000000000
  -13.59042184    0.0000000000
  -13.57232340    0.0000000000
  -13.55422496    0.0000000000
  -13.53612652    0.0000000000
  -13.51802807    0.0000000000
  -13.49992963    0.0000000000
  -13.48183119    0.0000000000
  -13.46373275    0.0000000000
  -13.44563431    0.0000000000
  -13.42753587    0.0000000000
  -13.40943743    0.0000000000
  -13.39133898    0.0000000000
  -13.37324054    0.0000000000
  -13.35514210    0.0000000000
  -13.33704366    0.0000000000
  -13.31894522    0.0000000000
  -13.30084678    0.0000000000
  -13.28274834    0.0000000000
  -13.26464990    0.0000000000
  -13.24655145    0.0000000000
  -13.22845301    0.0000000000
  -13.21035457    0.0000000000
  -13.19225613    0.0000000000
  -13.17415769    0.0000000000
  -13.15605925    0.0000000000
  -13.13796081    0.0000000000
  -13.11986237    0.0000000000
  -13.10176392    0.0000000000
  -13.08366548    0.0000000000
  -13.06556704    0.0000000000
  -13.04746860    0.0000000000
  -13.02937016    0.0000000000
  -13.01127172    0.0000000000
  -12.99317328    0.0000000000
  -12.97507483    0.0000000000
  -12.95697639    0.0000000000
  -12.93887795    0.0000000000
  -12.92077951    0.0000000000
  -12.90268107    0.0000000000
  -12.88458263    0.0000000000
  -12.86648419    0.0000000000
  -12.84838575    0.0000000000
  -12.83028730    0.0000000000
  -12.81218886    0.0000000000
  -12.79409042    0.0000000000
  -12.77599198    0.0000000000
  -12.75789354    0.0000000000
  -12.73979510    0.0000000000
  -12.72169666    0.0000000000
  -12.70359821    0.0000000000
  -12.68549977    0.0000000000
  -12.66740133    0.0000000000
  -12.64930289    0.0000000000
  -12.63120445    0.0000000000
  -12.61310601    0.0000000000
  -12.59500757    0.0000000000
  -12.57690913    0.0000000000
  -12.55881068    0.0000000000
  -12.54071224    0.0000000000
  -12.52261380    0.0000000000
  -12.50451536    0.0000000000
  -12.48641692    0.0000000000
  -12.46831848    0.0000000000
  -12.45022004    0.0000000000
  -12.43212160    0.0000000000
  -12.41402315    0.0000000000
  -12.39592471    0.0000000000
  -12.37782627    0.0000000000
  -12.35972783    0.0000000000
  -12.34162939    0.0000000000
  -12.32353095    0.0000000000
  -12.30543251    0.0000000000
  -12.28733406    0.0000000000
  -12.26923562    0.0000000000
  -12.25113718    0.0000000000
  -12.23303874    0.0000000000
  -12.21494030    0.0000000000
  -12.19684186    0.0000000000
  -12.17874342    0.0000000000
  -12.16064498    0.0000000000
  -12.14254653    0.0000000000
  -12.12444809    0.0000000000
  -12.10634965    0.0000000000
  -12.08825121    0.0000000000
  -12.07015277    0.0000000000
  -12.05205433    0.0000000000
  -12.03395589    0.0000000000
  -12.01585745    0.0000000000
  -11.99775900    0.0000000000
  -11.97966056    0.0000000000
  -11.96156212    0.0000000000
  -11.94346368    0.0000000000
  -11.92536524    0.0000000000
  -11.90726680    0.0000000000
  -11.88916836    0.0000000000
  -11.87106991    0.0000000000
  -11.85297147    0.0000000000
  -11.83487303    0.0000000000
  -11.81677459    0.0000000000
  -11.79867615    0.0000000000
  -11.78057771    0.0000000000
  -11.76247927    0.0000000000
  -11.74438083    0.0000000000
  -11.72628238    0.0000000000
  -11.70818394    0.0000000000
  -11.69008550    0.0000000000
  -11.67198706    0.0000000000
  -11.65388862    0.0000000000
  -11.63579018    0.0000000000
  -11.61769174    0.0000000000
  -11.59959329    0.0000000000
  -11.58149485    0.0000000000
  -11.56339641    0.0000000000
  -11.54529797    0.0000000000
  -11.52719953    0.0000000000
  -11.50910109    0.0000000000
  -11.49100265    0.0000000000
  -11.47290421    0.0000000000
  -11.45480576    0.0000000000
  -11.43670732    0.0000000000
  -11.41860888    0.0000000000
  -11.40051044    0.0000000000
  -11.38241200    0.0000000000
  -11.36431356    0.0000000000
  -11.34621512    0.0000000000
  -11.32811668    0.0000000000
  -11.31001823    0.0000000000
  -11.29191979    0.0000000000
  -11.27382135    0.0000000000
  -11.25572291    0.0000000000
  -11.23762447    0.0000000000
  -11.21952603    0.0000000000
  -11.20142759    0.0000000000
  -11.18332914    0.0000000000
  -11.16523070    0.0000000000
  -11.14713226    0.0000000000
  -11.12903382    0.0000000000
  -11.11093538    0.0000000000
  -11.09283694    0.0000000000
  -11.07473850    0.0000000000
  -11.05664006    0.0000000000
  -11.03854161    0.0000000000
  -11.02044317    0.0000000000
  -11.00234473    0.0000000000
  -10.98424629    0.0000000000
  -10.96614785    0.0000000000
  -10.94804941    0.0000000000
  -10.92995097    0.0000000000
  -10.91185252    0.0000000000
  -10.89375408    0.0000000000
  -10.87565564    0.0000000000
  -10.85755720    0.0000000000
  -10.83945876    0.0000000000
  -10.82136032    0.0000000000
  -10.80326188    0.0000000000
  -10.78516344    0.0000000000
  -10.76706499    0.0000000000
  -10.74896655    0.0000000000
  -10.73086811    0.0000000000
  -10.71276967    0.0000000000
  -10.69467123    0.0000000000
  -10.67657279    0.0000000000
  -10.65847435    0.0000000000
  -10.64037591    0.0000000000
  -10.62227746    0.0000000000
  -10.60417902    0.0000000000
  -10.58608058    0.0000000000
  -10.56798214    0.0000000000
  -10.54988370    0.0000000000
  -10.53178526    0.0000000000
  -10.51368682    0.0000000000
  -10.49558837    0.0000000000
  -10.47748993    0.0000000001
  -10.45939149    0.0000000005
  -10.44129305    0.0000000019
  -10.42319461    0.0000000077
  -10.40509617    0.0000000293
  -10.38699773    0.0000001061
  -10.36889929    0.0000003671
  -10.35080084    0.0000012146
  -10.33270240    0.0000038396
  -10.31460396    0.0000115994
  -10.29650552    0.0000334857
  -10.27840708    0.0000923769
  -10.26030864    0.0002435260
  -10.24221020    0.0006134887
  -10.22411175    0.0014768850
  -10.20601331    0.0033975492
  -10.18791487    0.0074690227
  -10.16981643    0.0156906439
  -10.15171799    0.0314989956
  -10.13361955    0.0604270788
  -10.11552111    0.1107759415
  -10.09742267    0.1940609955
  -10.07932422    0.3248703043
  -10.06122578    0.5197095898
  -10.04312734    0.7944935966
  -10.02502890    1.1606439906
  -10.00693046    1.6202670798
   -9.98883202    2.1614895712
   -9.97073358    2.7554887103
   -9.95263514    3.3567815749
   -9.93453669    3.9077474166
   -9.91643825    4.3471921996
   -9.89833981    4.6213637580
   -9.88024137    4.6947278516
   -9.86214293    4.5575311381
   -9.84404449    4.2279303336
   -9.82594605    3.7480463745
   -9.80784760    3.1751265843
   -9.78974916    2.5703726286
   -9.77165072    1.9884289922
   -9.75355228    1.4699516186
   -9.73545384    1.0384245574
   -9.71735540    0.7010125847
   -9.69925696    0.4522261109
   -9.68115852    0.2787817945
   -9.66306007    0.1642298663
   -9.64496163    0.0924525352
   -9.62686319    0.0497352683
   -9.60876475    0.0255675469
   -9.59066631    0.0125600860
   -9.57256787    0.0058962395
   -9.55446943    0.0026450664
   -9.53637099    0.0011339059
   -9.51827254    0.0004645114
   -9.50017410    0.0001818422
   -9.48207566    0.0000680255
   -9.46397722    0.0000243180
   -9.44587878    0.0000083074
   -9.42778034    0.0000027119
   -9.40968190    0.0000008460
   -9.39158345    0.0000002522
   -9.37348501    0.0000000718
   -9.35538657    0.0000000196
   -9.33728813    0.0000000051
   -9.31918969    0.0000000013
   -9.30109125    0.0000000003
   -9.28299281    0.0000000001
   -9.26489437    0.0000000000
   -9.24679592    0.0000000000
   -9.22869748    0.0000000000
   -9.21059904    0.0000000000
   -9.19250060    0.0000000000
   -9.17440216    0.0000000000
   -9.15630372    0.0000000000
   -9.13820528    0.0000000000
   -9.12010683    0.0000000000
   -9.10200839    0.0000000000
   -9.08390995    0.0000000000
   -9.06581151    0.0000000000
   -9.04771307    0.0000000000
   -9.02961463    0.0000000000
   -9.01151619    0.0000000000
   -8.99341775    0.0000000000
   -8.97531930    0.0000000000
   -8.95722086    0.0000000000
   -8.93912242    0.0000000000
   -8.92102398    0.0000000000
   -8.90292554    0.0000000000
   -8.88482710    0.0000000000
   -8.86672866    0.0000000000
   -8.84863022    0.0000000000
   -8.83053177    0.0000000000
   -8.81243333    0.0000000000
   -8.79433489    0.0000000000
   -8.77623645    0.0000000000
   -8.75813801    0.0000000000
   -8.74003957    0.0000000000
   -8.72194113    0.0000000000
   -8.70384268    0.0000000000
   -8.68574424    0.0000000000
   -8.66764580    0.0000000000
   -8.64954736    0.0000000000
   -8.63144892    0.0000000000
   -8.61335048    0.0000000000
   -8.59525204    0.0000000000
   -8.57715360    0.0000000000
   -8.55905515    0.0000000000
   -8.54095671    0.0000000000
   -8.52285827    0.0000000000
   -8.50475983    0.0000000000
   -8.48666139    0.0000000000
   -8.46856295    0.0000000000
   -8.45046451    0.0000000000
   -8.43236606    0.0000000000
   -8.41426762    0.0000000000
   -8.39616918    0.0000000000
   -8.37807074    0.0000000000
   -8.35997230    0.0000000000
   -8.34187386    0.0000000000
   -8.32377542    0.0000000000
   -8.30567698    0.0000000000
   -8.28757853    0.0000000000
   -8.26948009    0.0000000000
   -8.25138165    0.0000000000
   -8.23328321    0.0000000000
   -8.21518477    0.0000000000
   -8.19708633    0.0000000000
   -8.17898789    0.0000000000
   -8.16088945    0.0000000000
   -8.14279100    0.0000000000
   -8.12469256    0.0000000000
   -8.10659412    0.0000000000
   -8.08849568    0.0000000000
   -8.07039724    0.0000000000
   -8.05229880    0.0000000000
   -8.03420036    0.0000000000
   -8.01610191    0.0000000000
   -7.99800347    0.0000000000
   -7.97990503    0.0000000000
   -7.96180659    0.0000000000
   -7.94370815    0.0000000000
   -7.92560971    0.0000000000
   -7.90751127    0.0000000000
   -7.88941283    0.0000000000
   -7.87131438    0.0000000000
   -7.85321594    0.0000000000
   -7.83511750    0.0000000000
   -7.81701906    0.0000000000
   -7.79892062    0.0000000000
   -7.78082218    0.0000000000
   -7.76272374    0.0000000000
   -7.74462530    0.0000000000
   -7.72652685    0.0000000000
   -7.70842841    0.0000000000
   -7.69032997    0.0000000000
   -7.67223153    0.0000000000
   -7.65413309    0.0000000000
   -7.63603465    0.0000000000
   -7.61793621    0.0000000000
   -7.59983776    0.0000000000
   -7.58173932    0.0000000000
   -7.56364088    0.0000000000
   -7.54554244    0.0000000000
   -7.52744400    0.0000000000
   -7.50934556    0.0000000000
   -7.49124712    0.0000000000
   -7.47314868    0.0000000000
   -7.45505023    0.0000000000
   -7.43695179    0.0000000000
   -7.41885335    0.0000000000
   -7.40075491    0.0000000001
   -7.38265647    0.0000000005
   -7.36455803    0.0000000020
   -7.34645959    0.0000000080
   -7.32836114    0.0000000304
   -7.31026270    0.0000001100
   -7.29216426    0.0000003802
   -7.27406582    0.0000012560
   -7.25596738    0.0000039656
   -7.23786894    0.0000119642
   -7.21977050    0.0000344941
   -7.20167206    0.0000950351
   -7.18357361    0.0002502084
   -7.16547517    0.0006295042
   -7.14737673    0.0015134722
   -7.12927829    0.0034771961
   -7.11117985    0.0076341887
   -7.09308141    0.0160167922
   -7.07498297    0.0321119850
   -7.05688453    0.0615230300
   -7.03878608    0.1126385981
   -7.02068764    0.1970678197
   -7.00258920    0.3294755125
   -6.98449076    0.5263923000
   -6.96639232    0.8036646552
   -6.94829388    1.1725170448
   -6.93019544    1.6347163864
   -6.91209699    2.1779335372
   -6.89399855    2.7728462176
   -6.87590011    3.3735402889
   -6.85780167    3.9221569930
   -6.83970323    4.3575562367
   -6.82160479    4.6263659531
   -6.80350635    4.6937064085
   -6.78540791    4.5506225437
   -6.76730946    4.2160394132
   -6.74921102    3.7326516874
   -6.73111258    3.1579789021
   -6.71301414    2.5531712070
   -6.69491570    1.9725572067
   -6.67681726    1.4563247537
   -6.65871882    1.0274620998
   -6.64062037    0.6927114171
   -6.62252193    0.4462906986
   -6.60442349    0.2747655504
   -6.58632505    0.1616537118
   -6.56822661    0.0908841263
   -6.55012817    0.0488280463
   -6.53202973    0.0250685730
   -6.51393129    0.0122989726
   -6.49583284    0.0057661643
   -6.47773440    0.0025833553
   -6.45963596    0.0011060130
   -6.44153752    0.0004524965
   -6.42343908    0.0001769087
   -6.40534064    0.0000660940
   -6.38724220    0.0000235969
   -6.36914376    0.0000080505
   -6.35104531    0.0000026247
   -6.33294687    0.0000008177
   -6.31484843    0.0000002435
   -6.29674999    0.0000000693
   -6.27865155    0.0000000188
   -6.26055311    0.0000000049
   -6.24245467    0.0000000012
   -6.22435622    0.0000000003
   -6.20625778    0.0000000001
   -6.18815934    0.0000000000
   -6.17006090    0.0000000000
   -6.15196246    0.0000000000
   -6.13386402    0.0000000000
   -6.11576558    0.0000000000
   -6.09766714    0.0000000000
   -6.07956869    0.0000000000
   -6.06147025    0.0000000000
   -6.04337181    0.0000000000
   -6.02527337    0.0000000000
   -6.00717493    0.0000000000
   -5.98907649    0.0000000000
   -5.97097805    0.0000000000
   -5.95287960    0.0000000000
   -5.93478116    0.0000000000
   -5.91668272    0.0000000000
   -5.89858428    0.0000000000
   -5.88048584    0.0000000000
   -5.86238740    0.0000000000
   -5.84428896    0.0000000000
   -5.82619052    0.0000000000
   -5.80809207    0.0000000000
   -5.78999363    0.0000000000
   -5.77189519    0.0000000000
   -5.75379675    0.0000000000
   -5.73569831    0.0000000000
   -5.71759987    0.0000000000
   -5.69950143    0.0000000000
   -5.68140299    0.0000000000
   -5.66330454    0.0000000000
   -5.64520610    0.0000000000
   -5.62710766    0.0000000000
   -5.60900922    0.0000000000
   -5.59091078    0.0000000000
   -5.57281234    0.0000000000
   -5.55471390    0.0000000000
   -5.53661545    0.0000000000
   -5.51851701    0.0000000000
   -5.50041857    0.0000000000
   -5.48232013    0.0000000000
   -5.46422169    0.0000000000
   -5.44612325    0.0000000000
   -5.42802481    0.0000000000
   -5.40992637    0.0000000000
   -5.39182792    0.0000000000
   -5.37372948    0.0000000000
   -5.35563104    0.0000000000
   -5.33753260    0.0000000000
   -5.31943416    0.0000000000
   -5.30133572    0.0000000000
   -5.28323728    0.0000000000
   -5.26513884    0.0000000000
   -5.24704039    0.0000000000
   -5.22894195    0.0000000000
   -5.21084351    0.0000000000
   -5.19274507    0.0000000000
   -5.17464663    0.0000000000
   -5.15654819    0.0000000000
   -5.13844975    0.0000000000
   -5.12035130    0.0000000000
   -5.10225286    0.0000000000
   -5.08415442    0.0000000000
   -5.06605598    0.0000000000
   -5.04795754    0.0000000000
   -5.02985910    0.0000000000
   -5.01176066    0.0000000000
   -4.99366222    0.0000000000
   -4.97556377    0.0000000000
   -4.95746533    0.0000000000
   -4.93936689    0.0000000000
   -4.92126845    0.0000000000
   -4.90317001    0.0000000000
   -4.88507157    0.0000000000
   -4.86697313    0.0000000000
   -4.84887468    0.0000000000
   -4.83077624    0.0000000000
   -4.81267780    0.0000000000
   -4.79457936    0.0000000000
   -4.77648092    0.0000000000
   -4.75838248    0.0000000000
   -4.74028404    0.0000000000
   -4.72218560    0.0000000000
   -4.70408715    0.0000000001
   -4.68598871    0.0000000005
   -4.66789027    0.0000000021
   -4.64979183    0.0000000083
   -4.63169339    0.0000000314
   -4.61359495    0.0000001135
   -4.59549651    0.0000003918
   -4.57739807    0.0000012930
   -4.55929962    0.0000040777
   -4.54120118    0.0000122888
   -4.52310274    0.0000353902
   -4.50500430    0.0000973942
   -4.48690586    0.0002561314
   -4.46880742    0.0006436818
   -4.45070898    0.0015458190
   -4.43261053    0.0035475213
   -4.41451209    0.0077798342
   -4.39641365    0.0163040172
   -4.37831521    0.0326511037
   -4.36021677    0.0624856169
   -4.34211833    0.1142723644
   -4.32401989    0.1997014967
   -4.30592145    0.3335034890
   -4.28782300    0.5322288335
   -4.26972456    0.8116622937
   -4.25162612    1.1828544239
   -4.23352768    1.6472752799
   -4.21542924    2.1921992210
   -4.19733080    2.7878718854
   -4.17923236    3.3880090405
   -4.16113391    3.9345517703
   -4.14303547    4.3664141209
   -4.12493703    4.6305602229
   -4.10683859    4.6926817924
   -4.08874015    4.5445159331
   -4.07064171    4.2056498329
   -4.05254327    3.7192686108
   -4.03444483    3.1431198031
   -4.01634638    2.5383019310
   -3.99824794    1.9588653341
   -3.98014950    1.4445907721
   -3.96205106    1.0180381363
   -3.94395262    0.6855864307
   -3.92585418    0.4412038918
   -3.90775574    0.2713284983
   -3.88965730    0.1594521733
   -3.87155885    0.0895456369
   -3.85346041    0.0480548662
   -3.83536197    0.0246438905
   -3.81726353    0.0120770294
   -3.79916509    0.0056557464
   -3.78106665    0.0025310382
   -3.76296821    0.0010823966
   -3.74486976    0.0004423368
   -3.72677132    0.0001727423
   -3.70867288    0.0000644649
   -3.69057444    0.0000229894
   -3.67247600    0.0000078345
   -3.65437756    0.0000025514
   -3.63627912    0.0000007940
   -3.61818068    0.0000002361
   -3.60008223    0.0000000671
   -3.58198379    0.0000000182
   -3.56388535    0.0000000047
   -3.54578691    0.0000000012
   -3.52768847    0.0000000003
   -3.50959003    0.0000000001
   -3.49149159    0.0000000000
   -3.47339315    0.0000000000
   -3.45529470    0.0000000000
   -3.43719626    0.0000000000
   -3.41909782    0.0000000000
   -3.40099938    0.0000000000
   -3.38290094    0.0000000000
   -3.36480250    0.0000000000
   -3.34670406    0.0000000000
   -3.32860561    0.0000000000
   -3.31050717    0.0000000000
   -3.29240873    0.0000000000
   -3.27431029    0.0000000000
   -3.25621185    0.0000000000
   -3.23811341    0.0000000000
   -3.22001497    0.0000000000
   -3.20191653    0.0000000000
   -3.18381808    0.0000000000
   -3.16571964    0.0000000000
   -3.14762120    0.0000000000
   -3.12952276    0.0000000000
   -3.11142432    0.0000000000
   -3.09332588    0.0000000000
   -3.07522744    0.0000000000
   -3.05712899    0.0000000000
   -3.03903055    0.0000000000
   -3.02093211    0.0000000000
   -3.00283367    0.0000000000
   -2.98473523    0.0000000000
   -2.96663679    0.0000000000
   -2.94853835    0.0000000000
   -2.93043991    0.0000000000
   -2.91234146    0.0000000000
   -2.89424302    0.0000000000
   -2.87614458    0.0000000000
   -2.85804614    0.0000000000
   -2.83994770    0.0000000000
   -2.82184926    0.0000000000
   -2.80375082    0.0000000000
   -2.78565238    0.0000000000
   -2.76755393    0.0000000000
   -2.74945549    0.0000000000
   -2.73135705    0.0000000000
   -2.71325861    0.0000000000
   -2.69516017    0.0000000000
   -2.67706173    0.0000000000
   -2.65896329    0.0000000000
   -2.64086484    0.0000000000
   -2.62276640    0.0000000000
   -2.60466796    0.0000000000
   -2.58656952    0.0000000000
   -2.56847108    0.0000000000
   -2.55037264    0.0000000000
   -2.53227420    0.0000000000
   -2.51417576    0.0000000000
   -2.49607731    0.0000000000
   -2.47797887    0.0000000000
   -2.45988043    0.0000000000
   -2.44178199    0.0000000000
   -2.42368355    0.0000000000
   -2.40558511    0.0000000000
   -2.38748667    0.0000000000
   -2.36938822    0.0000000000
   -2.35128978    0.0000000000
   -2.33319134    0.0000000000
   -2.31509290    0.0000000000
   -2.29699446    0.0000000000
   -2.27889602    0.0000000000
   -2.26079758    0.0000000000
   -2.24269914    0.0000000000
   -2.22460069    0.0000000000
   -2.20650225    0.0000000000
   -2.18840381    0.0000000000
   -2.17030537    0.0000000000
   -2.15220693    0.0000000000
   -2.13410849    0.0000000000
   -2.11601005    0.0000000000
   -2.09791161    0.0000000000
   -2.07981316    0.0000000000
   -2.06171472    0.0000000000
   -2.04361628    0.0000000000
   -2.02551784    0.0000000000
   -2.00741940    0.0000000000
   -1.98932096    0.0000000000
   -1.97122252    0.0000000000
   -1.95312407    0.0000000000
   -1.93502563    0.0000000000
   -1.91692719    0.0000000000
   -1.89882875    0.0000000000
   -1.88073031    0.0000000000
   -1.86263187    0.0000000000
   -1.84453343    0.0000000000
   -1.82643499    0.0000000000
   -1.80833654    0.0000000000
   -1.79023810    0.0000000000
   -1.77213966    0.0000000000
   -1.75404122    0.0000000000
   -1.73594278    0.0000000000
   -1.71784434    0.0000000000
   -1.69974590    0.0000000000
   -1.68164745    0.0000000000
   -1.66354901    0.0000000000
   -1.64545057    0.0000000000
   -1.62735213    0.0000000000
   -1.60925369    0.0000000000
   -1.59115525    0.0000000000
   -1.57305681    0.0000000000
   -1.55495837    0.0000000000
   -1.53685992    0.0000000000
   -1.51876148    0.0000000000
   -1.50066304    0.0000000000
   -1.48256460    0.0000000000
   -1.46446616    0.0000000000
   -1.44636772    0.0000000000
   -1.42826928    0.0000000000
   -1.41017084    0.0000000000
   -1.39207239    0.0000000000
   -1.37397395    0.0000000000
   -1.35587551    0.0000000000
   -1.33777707    0.0000000000
   -1.31967863    0.0000000000
   -1.30158019    0.0000000000
   -1.28348175    0.0000000000
   -1.26538330    0.0000000000
   -1.24728486    0.0000000000
   -1.22918642    0.0000000000
   -1.21108798    0.0000000000
   -1.19298954    0.0000000000
   -1.17489110    0.0000000000
   -1.15679266    0.0000000000
   -1.13869422    0.0000000000
   -1.12059577    0.0000000000
   -1.10249733    0.0000000000
   -1.08439889    0.0000000000
   -1.06630045    0.0000000000
   -1.04820201    0.0000000000
   -1.03010357    0.0000000000
   -1.01200513    0.0000000000
   -0.99390669    0.0000000000
   -0.97580824    0.0000000000
   -0.95770980    0.0000000000
   -0.93961136    0.0000000000
   -0.92151292    0.0000000000
   -0.90341448    0.0000000000
   -0.88531604    0.0000000000
   -0.86721760    0.0000000000
   -0.84911915    0.0000000000
   -0.83102071    0.0000000000
   -0.81292227    0.0000000000
   -0.79482383    0.0000000000
   -0.77672539    0.0000000000
   -0.75862695    0.0000000000
   -0.74052851    0.0000000000
   -0.72243007    0.0000000000
   -0.70433162    0.0000000000
   -0.68623318    0.0000000000
   -0.66813474    0.0000000000
   -0.65003630    0.0000000000
   -0.63193786    0.0000000000
   -0.61383942    0.0000000000
   -0.59574098    0.0000000000
   -0.57764253    0.0000000000
   -0.55954409    0.0000000000
   -0.54144565    0.0000000000
   -0.52334721    0.0000000000
   -0.50524877    0.0000000000
   -0.48715033    0.0000000000
   -0.46905189    0.0000000000
   -0.45095345    0.0000000000
   -0.43285500    0.0000000000
   -0.41475656    0.0000000000
   -0.39665812    0.0000000000
   -0.37855968    0.0000000000
   -0.36046124    0.0000000000
   -0.34236280    0.0000000000
   -0.32426436    0.0000000000
   -0.30616592    0.0000000000
   -0.28806747    0.0000000000
   -0.26996903    0.0000000000
   -0.25187059    0.0000000000
   -0.23377215    0.0000000000
   -0.21567371    0.0000000000
   -0.19757527    0.0000000000
   -0.17947683    0.0000000000
   -0.16137838    0.0000000000
   -0.14327994    0.0000000000
   -0.12518150    0.0000000000
   -0.10708306    0.0000000000
   -0.08898462    0.0000000000
   -0.07088618    0.0000000000
   -0.05278774    0.0000000000
   -0.03468930    0.0000000000
   -0.01659085    0.0000000000
    0.00150759    0.0000000000
    0.01960603    0.0000000000
    0.03770447    0.0000000000
    0.05580291    0.0000000000
    0.07390135    0.0000000000
    0.09199979    0.0000000000
    0.11009824    0.0000000000
    0.12819668    0.0000000000
    0.14629512    0.0000000000
    0.16439356    0.0000000000
    0.18249200    0.0000000000
    0.20059044    0.0000000000
    0.21868888    0.0000000000
    0.23678732    0.0000000000
    0.25488577    0.0000000000
    0.27298421    0.0000000000
    0.29108265    0.0000000000
    0.30918109    0.0000000000
    0.32727953    0.0000000000
    0.34537797    0.0000000000
    0.36347641    0.0000000000
    0.38157485    0.0000000000
    0.39967330    0.0000000000
    0.41777174    0.0000000000
    0.43587018    0.0000000000
    0.45396862    0.0000000000
    0.47206706    0.0000000000
    0.49016550    0.0000000000
    0.50826394    0.0000000000
    0.52636239    0.0000000000
    0.54446083    0.0000000000
    0.56255927    0.0000000000
    0.58065771    0.0000000000
    0.59875615    0.0000000000
    0.61685459    0.0000000000
    0.63495303    0.0000000000
    0.65305147    0.0000000000
    0.67114992    0.0000000000
    0.68924836    0.0000000000
    0.70734680    0.0000000000
    0.72544524    0.0000000000
    0.74354368    0.0000000000
    0.76164212    0.0000000000
    0.77974056    0.0000000000
    0.79783900    0.0000000000
    0.81593745    0.0000000000
    0.83403589    0.0000000000
    0.85213433    0.0000000000
    0.87023277    0.0000000000
    0.88833121    0.0000000000
    0.90642965    0.0000000000
    0.92452809    0.0000000000
    0.94262654    0.0000000000
    0.96072498    0.0000000000
    0.97882342    0.0000000000
    0.99692186    0.0000000000
    1.01502030    0.0000000000
    1.03311874    0.0000000000
    1.05121718    0.0000000000
    1.06931562    0.0000000000
    1.08741407    0.0000000000
    1.10551251    0.0000000000
    1.12361095    0.0000000000
    1.14170939    0.0000000000
    1.15980783    0.0000000000
    1.17790627    0.0000000000
    1.19600471    0.0000000000
    1.21410316    0.0000000000
    1.23220160    0.0000000000
    1.25030004    0.0000000000
    1.26839848    0.0000000000
    1.28649692    0.0000000000
    1.30459536    0.0000000000
    1.32269380    0.0000000000
    1.34079224    0.0000000000
    1.35889069    0.0000000000
    1.37698913    0.0000000000
    1.39508757    0.0000000000
    1.41318601    0.0000000000
    1.43128445    0.0000000000
    1.44938289    0.0000000000
    1.46748133    0.0000000000
    1.48557977    0.0000000000
    1.50367822    0.0000000000
    1.52177666    0.0000000000
    1.53987510    0.0000000000
    1.55797354    0.0000000000
    1.57607198    0.0000000000
    1.59417042    0.0000000000
    1.61226886    0.0000000000
    1.63036731    0.0000000000
    1.64846575    0.0000000000
    1.66656419    0.0000000000
    1.68466263    0.0000000000
    1.70276107    0.0000000000
    1.72085951    0.0000000000
    1.73895795    0.0000000000
    1.75705639    0.0000000000
    1.77515484    0.0000000000
    1.79325328    0.0000000000
    1.81135172    0.0000000000
    1.82945016    0.0000000000
    1.84754860    0.0000000000
    1.86564704    0.0000000000
    1.88374548    0.0000000000
    1.90184393    0.0000000000
    1.91994237    0.0000000000
    1.93804081    0.0000000000
    1.95613925    0.0000000000
    1.97423769    0.0000000000
    1.99233613    0.0000000000
    2.01043457    0.0000000000
    2.02853301    0.0000000000
    2.04663146    0.0000000000
    2.06472990    0.0000000000
    2.08282834    0.0000000000
    2.10092678    0.0000000000
    2.11902522    0.0000000000
    2.13712366    0.0000000000
    2.15522210    0.0000000000
    2.17332054    0.0000000000
    2.19141899    0.0000000000
    2.20951743    0.0000000000
    2.22761587    0.0000000000
    2.24571431    0.0000000000
    2.26381275    0.0000000000
    2.28191119    0.0000000000
    2.30000963    0.0000000000
    2.31810808    0.0000000000
    2.33620652    0.0000000000
    2.35430496    0.0000000000
    2.37240340    0.0000000000
    2.39050184    0.0000000000
    2.40860028    0.0000000000
    2.42669872    0.0000000000
    2.44479716    0.0000000000
    2.46289561    0.0000000000
    2.48099405    0.0000000000
    2.49909249    0.0000000000
    2.51719093    0.0000000000
    2.53528937    0.0000000000
    2.55338781    0.0000000000
    2.57148625    0.0000000000
    2.58958470    0.0000000000
    2.60768314    0.0000000000
    2.62578158    0.0000000000
    2.64388002    0.0000000000
    2.66197846    0.0000000000
    2.68007690    0.0000000000
    2.69817534    0.0000000000
    2.71627378    0.0000000000
    2.73437223    0.0000000000
    2.75247067    0.0000000000
    2.77056911    0.0000000000
    2.78866755    0.0000000000
    2.80676599    0.0000000000
    2.82486443    0.0000000000
    2.84296287    0.0000000000
    2.86106131    0.0000000000
    2.87915976    0.0000000000
    2.89725820    0.0000000000
    2.91535664    0.0000000000
    2.93345508    0.0000000000
    2.95155352    0.0000000000
    2.96965196    0.0000000000
    2.98775040    0.0000000000
    3.00584885    0.0000000000
    3.02394729    0.0000000000
    3.04204573    0.0000000000
    3.06014417    0.0000000000
    3.07824261    0.0000000000
    3.09634105    0.0000000000
    3.11443949    0.0000000000
    3.13253793    0.0000000000
    3.15063638    0.0000000000
    3.16873482    0.0000000000
    3.18683326    0.0000000000
    3.20493170    0.0000000000
    3.22303014    0.0000000000
    3.24112858    0.0000000000
    3.25922702    0.0000000000
    3.27732546    0.0000000000
    3.29542391    0.0000000000
    3.31352235    0.0000000000
    3.33162079    0.0000000000
    3.34971923    0.0000000000
    3.36781767    0.0000000000
    3.38591611    0.0000000000
    3.40401455    0.0000000000
    3.42211300    0.0000000000
    3.44021144    0.0000000000
    3.45830988    0.0000000000
    3.47640832    0.0000000000
    3.49450676    0.0000000000
    3.51260520    0.0000000001
    3.53070364    0.0000000004
    3.54880208    0.0000000015
    3.56690053    0.0000000059
    3.58499897    0.0000000227
    3.60309741    0.0000000830
    3.62119585    0.0000002899
    3.63929429    0.0000009675
    3.65739273    0.0000030854
    3.67549117    0.0000094030
    3.69358962    0.0000273841
    3.71168806    0.0000762095
    3.72978650    0.0002026745
    3.74788494    0.0005150720
    3.76598338    0.0012508803
    3.78408182    0.0029029698
    3.80218026    0.0064379598
    3.82027870    0.0136437249
    3.83837715    0.0276310001
    3.85647559    0.0534735737
    3.87457403    0.0988919110
    3.89267247    0.1747677457
    3.91077091    0.2951486186
    3.92886935    0.4763203985
    3.94696779    0.7345757067
    3.96506623    1.0825622973
    3.98316468    1.5245728768
    4.00126312    2.0517405209
    4.01936156    2.6386126332
    4.03746000    3.2427076373
    4.05555844    3.8081926162
    4.07365688    4.2737486248
    4.09175532    4.5832969581
    4.10985377    4.6970585580
    4.12795221    4.5999478451
    4.14605065    4.3048576580
    4.16414909    3.8498484999
    4.18224753    3.2900874236
    4.20034597    2.6868918872
    4.21844441    2.0968719066
    4.23654285    1.5637688777
    4.25464130    1.1144284359
    4.27273974    0.7589457964
    4.29083818    0.4939105352
    4.30893662    0.3071600821
    4.32703506    0.1825409118
    4.34513350    0.1036655870
    4.36323194    0.0562584758
    4.38133039    0.0291756317
    4.39942883    0.0144587760
    4.41752727    0.0068473377
    4.43562571    0.0030987812
    4.45372415    0.0013401057
    4.47182259    0.0005538168
    4.48992103    0.0002187118
    4.50801947    0.0000825386
    4.52611792    0.0000297660
    4.54421636    0.0000102580
    4.56231480    0.0000033782
    4.58041324    0.0000010631
    4.59851168    0.0000003197
    4.61661012    0.0000000919
    4.63470856    0.0000000252
    4.65280700    0.0000000066
    4.67090545    0.0000000017
    4.68900389    0.0000000004
    4.70710233    0.0000000001
    4.72520077    0.0000000000
    4.74329921    0.0000000000
    4.76139765    0.0000000000
    4.77949609    0.0000000000
    4.79759454    0.0000000000
    4.81569298    0.0000000000
    4.83379142    0.0000000000
    4.85188986    0.0000000000
    4.86998830    0.0000000000
    4.88808674    0.0000000000
    4.90618518    0.0000000000
    4.92428362    0.0000000000
    4.94238207    0.0000000000
    4.96048051    0.0000000000
    4.97857895    0.0000000000
    4.99667739    0.0000000000
    5.01477583    0.0000000000
    5.03287427    0.0000000000
    5.05097271    0.0000000000
    5.06907115    0.0000000000
    5.08716960    0.0000000000
    5.10526804    0.0000000000
    5.12336648    0.0000000000
    5.14146492    0.0000000000
    5.15956336    0.0000000000
    5.17766180    0.0000000000
    5.19576024    0.0000000000
    5.21385869    0.0000000000
    5.23195713    0.0000000000
    5.25005557    0.0000000000
    5.26815401    0.0000000000
    5.28625245    0.0000000000
    5.30435089    0.0000000000
    5.32244933    0.0000000000
    5.34054777    0.0000000000
    5.35864622    0.0000000000
    5.37674466    0.0000000000
    5.39484310    0.0000000000
    5.41294154    0.0000000000
    5.43103998    0.0000000000
    5.44913842    0.0000000000
    5.46723686    0.0000000000
    5.48533531    0.0000000000
    5.50343375    0.0000000000
    5.52153219    0.0000000000
    5.53963063    0.0000000000
    5.55772907    0.0000000000
    5.57582751    0.0000000000
    5.59392595    0.0000000000
    5.61202439    0.0000000000
    5.63012284    0.0000000000
    5.64822128    0.0000000000
    5.66631972    0.0000000000
    5.68441816    0.0000000000
    5.70251660    0.0000000000
    5.72061504    0.0000000000
    5.73871348    0.0000000000
    5.75681192    0.0000000000
    5.77491037    0.0000000000
    5.79300881    0.0000000000
    5.81110725    0.0000000000
    5.82920569    0.0000000000
    5.84730413    0.0000000000
    5.86540257    0.0000000000
    5.88350101    0.0000000000
    5.90159946    0.0000000000
    5.91969790    0.0000000000
    5.93779634    0.0000000000
    5.95589478    0.0000000000
    5.97399322    0.0000000000
    5.99209166    0.0000000000
    6.01019010    0.0000000000
    6.02828854    0.0000000000
    6.04638699    0.0000000000
    6.06448543    0.0000000000
    6.08258387    0.0000000000
    6.10068231    0.0000000000
    6.11878075    0.0000000000
    6.13687919    0.0000000000
    6.15497763    0.0000000000
    6.17307608    0.0000000000
    6.19117452    0.0000000001
    6.20927296    0.0000000003
    6.22737140    0.0000000011
    6.24546984    0.0000000045
    6.26356828    0.0000000174
    6.28166672    0.0000000643
    6.29976516    0.0000002266
    6.31786361    0.0000007631
    6.33596205    0.0000024558
    6.35406049    0.0000075524
    6.37215893    0.0000221951
    6.39025737    0.0000623320
    6.40835581    0.0001672800
    6.42645425    0.0004289987
    6.44455269    0.0010513488
    6.46265114    0.0024621620
    6.48074958    0.0055101748
    6.49884802    0.0117840096
    6.51694646    0.0240823992
    6.53504490    0.0470311255
    6.55314334    0.0877707778
    6.57124178    0.1565285194
    6.58934023    0.2667570849
    6.60743867    0.4344275947
    6.62553711    0.6760795502
    6.64363555    1.0054422966
    6.66173399    1.4288790132
    6.67983243    1.9404958543
    6.69793087    2.5183085279
    6.71602931    3.1230871850
    6.73412776    3.7011632019
    6.75222620    4.1915178327
    6.77032464    4.5361076852
    6.78842308    4.6910963066
    6.80652152    4.6360092857
    6.82461996    4.3781758450
    6.84271840    3.9511276359
    6.86081685    3.4074372992
    6.87891529    2.8081069354
    6.89701373    2.2114563233
    6.91511217    1.6642633367
    6.93321061    1.1968636593
    6.95130905    0.8225196282
    6.96940749    0.5401654664
    6.98750593    0.3389895543
    7.00560438    0.2032940985
    7.02370282    0.1165043610
    7.04180126    0.0638026252
    7.05989970    0.0333898040
    7.07799814    0.0166981418
    7.09609658    0.0079799722
    7.11419502    0.0036442953
    7.13229346    0.0015903939
    7.15039191    0.0006632463
    7.16849035    0.0002643162
    7.18658879    0.0001006588
    7.20468723    0.0000366318
    7.22278567    0.0000127393
    7.24088411    0.0000042336
    7.25898255    0.0000013445
    7.27708100    0.0000004080
    7.29517944    0.0000001183
    7.31327788    0.0000000328
    7.33137632    0.0000000087
    7.34947476    0.0000000022
    7.36757320    0.0000000005
    7.38567164    0.0000000001
    7.40377008    0.0000000000
    7.42186853    0.0000000000
    7.43996697    0.0000000000
    7.45806541    0.0000000000
    7.47616385    0.0000000000
    7.49426229    0.0000000000
    7.51236073    0.0000000000
    7.53045917    0.0000000000
    7.54855761    0.0000000000
    7.56665606    0.0000000000
    7.58475450    0.0000000000
    7.60285294    0.0000000000
    7.62095138    0.0000000000
    7.63904982    0.0000000000
    7.65714826    0.0000000000
    7.67524670    0.0000000000
    7.69334515    0.0000000000
    7.71144359    0.0000000000
    7.72954203    0.0000000000
    7.74764047    0.0000000000
    7.76573891    0.0000000000
    7.78383735    0.0000000000
    7.80193579    0.0000000000
    7.82003423    0.0000000000
    7.83813268    0.0000000000
    7.85623112    0.0000000000
    7.87432956    0.0000000000
    7.89242800    0.0000000000
    7.91052644    0.0000000000
    7.92862488    0.0000000000
    7.94672332    0.0000000000
    7.96482177    0.0000000000
    7.98292021    0.0000000000
    8.00101865    0.0000000000
    8.01911709    0.0000000000
    8.03721553    0.0000000000
    8.05531397    0.0000000000
    8.07341241    0.0000000000
    8.09151085    0.0000000000
    8.10960930    0.0000000000
    8.12770774    0.0000000000
    8.14580618    0.0000000000
    8.16390462    0.0000000000
    8.18200306    0.0000000000
    8.20010150    0.0000000000
    8.21819994    0.0000000000
    8.23629838    0.0000000000
    8.25439683    0.0000000000
    8.27249527    0.0000000000
    8.29059371    0.0000000000
    8.30869215    0.0000000000
    8.32679059    0.0000000000
    8.34488903    0.0000000000
    8.36298747    0.0000000000
    8.38108592    0.0000000000
    8.39918436    0.0000000000
    8.41728280    0.0000000000
    8.43538124    0.0000000000
    8.45347968    0.0000000000
    8.47157812    0.0000000000
    8.48967656    0.0000000000
    8.50777500    0.0000000000
    8.52587345    0.0000000000
    8.54397189    0.0000000000
    8.56207033    0.0000000000
    8.58016877    0.0000000000
    8.59826721    0.0000000000
    8.61636565    0.0000000000
    8.63446409    0.0000000000
    8.65256254    0.0000000000
    8.67066098    0.0000000000
    8.68875942    0.0000000000
    8.70685786    0.0000000000
    8.72495630    0.0000000000
    8.74305474    0.0000000000
    8.76115318    0.0000000000
    8.77925162    0.0000000000
    8.79735007    0.0000000000
    8.81544851    0.0000000000
    8.83354695    0.0000000000
    8.85164539    0.0000000000
    8.86974383    0.0000000000
    8.88784227    0.0000000000
    8.90594071    0.0000000000
    8.92403915    0.0000000000
    8.94213760    0.0000000000
    8.96023604    0.0000000000
    8.97833448    0.0000000000
    8.99643292    0.0000000000
    9.01453136    0.0000000000
    9.03262980    0.0000000000
    9.05072824    0.0000000000
    9.06882669    0.0000000000
    9.08692513    0.0000000000
    9.10502357    0.0000000000
    9.12312201    0.0000000000
    9.14122045    0.0000000000
    9.15931889    0.0000000000
    9.17741733    0.0000000000
    9.19551577    0.0000000000
    9.21361422    0.0000000000
    9.23171266    0.0000000000
    9.24981110    0.0000000000
    9.26790954    0.0000000000
    9.28600798    0.0000000000
    9.30410642    0.0000000000
    9.32220486    0.0000000000
    9.34030330    0.0000000000
    9.35840175    0.0000000000
    9.37650019    0.0000000000
    9.39459863    0.0000000000
    9.41269707    0.0000000000
    9.43079551    0.0000000000
    9.44889395    0.0000000000
    9.46699239    0.0000000000
    9.48509084    0.0000000000
    9.50318928    0.0000000000
    9.52128772    0.0000000000
    9.53938616    0.0000000000
    9.55748460    0.0000000000
    9.57558304    0.0000000000
    9.59368148    0.0000000000
    9.61177992    0.0000000000
    9.62987837    0.0000000000
    9.64797681    0.0000000000
    9.66607525    0.0000000000
    9.68417369    0.0000000000
    9.70227213    0.0000000000
    9.72037057    0.0000000000
    9.73846901    0.0000000000
    9.75656746    0.0000000000
    9.77466590    0.0000000000
    9.79276434    0.0000000000
