#  Energy (eV) |  DOS (states/eV)
  -25.84219916    0.0000000000
  -25.81964553    0.0000000000
  -25.79709190    0.0000000000
  -25.77453827    0.0000000000
  -25.75198464    0.0000000000
  -25.72943101    0.0000000000
  -25.70687738    0.0000000000
  -25.68432376    0.0000000000
  -25.66177013    0.0000000000
  -25.63921650    0.0000000000
  -25.61666287    0.0000000000
  -25.59410924    0.0000000000
  -25.57155561    0.0000000000
  -25.54900198    0.0000000000
  -25.52644836    0.0000000000
  -25.50389473    0.0000000000
  -25.48134110    0.0000000000
  -25.45878747    0.0000000000
  -25.43623384    0.0000000000
  -25.41368021    0.0000000000
  -25.39112659    0.0000000000
  -25.36857296    0.0000000000
  -25.34601933    0.0000000000
  -25.32346570    0.0000000000
  -25.30091207    0.0000000000
  -25.27835844    0.0000000000
  -25.25580481    0.0000000000
  -25.23325119    0.0000000000
  -25.21069756    0.0000000000
  -25.18814393    0.0000000000
  -25.16559030    0.0000000000
  -25.14303667    0.0000000000
  -25.12048304    0.0000000000
  -25.09792942    0.0000000000
  -25.07537579    0.0000000000
  -25.05282216    0.0000000000
  -25.03026853    0.0000000000
  -25.00771490    0.0000000000
  -24.98516127    0.0000000000
  -24.96260764    0.0000000000
  -24.94005402    0.0000000000
  -24.91750039    0.0000000000
  -24.89494676    0.0000000000
  -24.87239313    0.0000000000
  -24.84983950    0.0000000000
  -24.82728587    0.0000000000
  -24.80473224    0.0000000000
  -24.78217862    0.0000000000
  -24.75962499    0.0000000000
  -24.73707136    0.0000000000
  -24.71451773    0.0000000000
  -24.69196410    0.0000000000
  -24.66941047    0.0000000000
  -24.64685685    0.0000000000
  -24.62430322    0.0000000000
  -24.60174959    0.0000000000
  -24.57919596    0.0000000000
  -24.55664233    0.0000000000
  -24.53408870    0.0000000000
  -24.51153507    0.0000000000
  -24.48898145    0.0000000000
  -24.46642782    0.0000000000
  -24.44387419    0.0000000000
  -24.42132056    0.0000000000
  -24.39876693    0.0000000000
  -24.37621330    0.0000000000
  -24.35365967    0.0000000000
  -24.33110605    0.0000000000
  -24.30855242    0.0000000000
  -24.28599879    0.0000000000
  -24.26344516    0.0000000000
  -24.24089153    0.0000000000
  -24.21833790    0.0000000000
  -24.19578428    0.0000000000
  -24.17323065    0.0000000000
  -24.15067702    0.0000000000
  -24.12812339    0.0000000000
  -24.10556976    0.0000000000
  -24.08301613    0.0000000000
  -24.06046250    0.0000000000
  -24.03790888    0.0000000000
  -24.01535525    0.0000000000
  -23.99280162    0.0000000000
  -23.97024799    0.0000000000
  -23.94769436    0.0000000000
  -23.92514073    0.0000000000
  -23.90258711    0.0000000000
  -23.88003348    0.0000000000
  -23.85747985    0.0000000000
  -23.83492622    0.0000000000
  -23.81237259    0.0000000000
  -23.78981896    0.0000000000
  -23.76726533    0.0000000000
  -23.74471171    0.0000000000
  -23.72215808    0.0000000000
  -23.69960445    0.0000000000
  -23.67705082    0.0000000000
  -23.65449719    0.0000000000
  -23.63194356    0.0000000000
  -23.60938993    0.0000000000
  -23.58683631    0.0000000000
  -23.56428268    0.0000000000
  -23.54172905    0.0000000000
  -23.51917542    0.0000000000
  -23.49662179    0.0000000000
  -23.47406816    0.0000000000
  -23.45151454    0.0000000000
  -23.42896091    0.0000000002
  -23.40640728    0.0000000012
  -23.38385365    0.0000000069
  -23.36130002    0.0000000363
  -23.33874639    0.0000001776
  -23.31619276    0.0000008100
  -23.29363914    0.0000034419
  -23.27108551    0.0000136298
  -23.24853188    0.0000502988
  -23.22597825    0.0001729815
  -23.20342462    0.0005543910
  -23.18087099    0.0016557979
  -23.15831737    0.0046086438
  -23.13576374    0.0119540112
  -23.11321011    0.0288954105
  -23.09065648    0.0650906747
  -23.06810285    0.1366417370
  -23.04554922    0.2673145945
  -23.02299559    0.4873451656
  -23.00044197    0.8279904915
  -22.97788834    1.3109578609
  -22.95533471    1.9343132652
  -22.93278108    2.6597424434
  -22.91022745    3.4082155427
  -22.88767382    4.0699513420
  -22.86512019    4.5292477469
  -22.84256657    4.6971846424
  -22.82001294    4.5396658083
  -22.79745931    4.0886960741
  -22.77490568    3.4317881550
  -22.75235205    2.6842984958
  -22.72979842    1.9566621345
  -22.70724480    1.3291548141
  -22.68469117    0.8414145003
  -22.66213754    0.4963855276
  -22.63958391    0.2728996164
  -22.61703028    0.1398174686
  -22.59447665    0.0667566662
  -22.57192302    0.0297031522
  -22.54936940    0.0123164383
  -22.52681577    0.0047592928
  -22.50426214    0.0017138563
  -22.48170851    0.0005751500
  -22.45915488    0.0001798715
  -22.43660125    0.0000524226
  -22.41404762    0.0000142380
  -22.39149400    0.0000036038
  -22.36894037    0.0000008500
  -22.34638674    0.0000001868
  -22.32383311    0.0000000383
  -22.30127948    0.0000000073
  -22.27872585    0.0000000013
  -22.25617223    0.0000000002
  -22.23361860    0.0000000000
  -22.21106497    0.0000000000
  -22.18851134    0.0000000000
  -22.16595771    0.0000000000
  -22.14340408    0.0000000000
  -22.12085045    0.0000000000
  -22.09829683    0.0000000000
  -22.07574320    0.0000000000
  -22.05318957    0.0000000000
  -22.03063594    0.0000000000
  -22.00808231    0.0000000000
  -21.98552868    0.0000000000
  -21.96297506    0.0000000000
  -21.94042143    0.0000000000
  -21.91786780    0.0000000000
  -21.89531417    0.0000000000
  -21.87276054    0.0000000000
  -21.85020691    0.0000000000
  -21.82765328    0.0000000000
  -21.80509966    0.0000000000
  -21.78254603    0.0000000000
  -21.75999240    0.0000000000
  -21.73743877    0.0000000000
  -21.71488514    0.0000000000
  -21.69233151    0.0000000000
  -21.66977788    0.0000000000
  -21.64722426    0.0000000000
  -21.62467063    0.0000000000
  -21.60211700    0.0000000000
  -21.57956337    0.0000000000
  -21.55700974    0.0000000000
  -21.53445611    0.0000000000
  -21.51190249    0.0000000000
  -21.48934886    0.0000000000
  -21.46679523    0.0000000000
  -21.44424160    0.0000000000
  -21.42168797    0.0000000000
  -21.39913434    0.0000000000
  -21.37658071    0.0000000000
  -21.35402709    0.0000000000
  -21.33147346    0.0000000000
  -21.30891983    0.0000000000
  -21.28636620    0.0000000000
  -21.26381257    0.0000000000
  -21.24125894    0.0000000000
  -21.21870532    0.0000000000
  -21.19615169    0.0000000000
  -21.17359806    0.0000000000
  -21.15104443    0.0000000000
  -21.12849080    0.0000000000
  -21.10593717    0.0000000000
  -21.08338354    0.0000000000
  -21.06082992    0.0000000000
  -21.03827629    0.0000000000
  -21.01572266    0.0000000000
  -20.99316903    0.0000000000
  -20.97061540    0.0000000000
  -20.94806177    0.0000000000
  -20.92550814    0.0000000000
  -20.90295452    0.0000000000
  -20.88040089    0.0000000000
  -20.85784726    0.0000000000
  -20.83529363    0.0000000000
  -20.81274000    0.0000000000
  -20.79018637    0.0000000000
  -20.76763275    0.0000000000
  -20.74507912    0.0000000000
  -20.72252549    0.0000000000
  -20.69997186    0.0000000000
  -20.67741823    0.0000000000
  -20.65486460    0.0000000000
  -20.63231097    0.0000000000
  -20.60975735    0.0000000000
  -20.58720372    0.0000000000
  -20.56465009    0.0000000000
  -20.54209646    0.0000000000
  -20.51954283    0.0000000000
  -20.49698920    0.0000000000
  -20.47443557    0.0000000000
  -20.45188195    0.0000000000
  -20.42932832    0.0000000000
  -20.40677469    0.0000000000
  -20.38422106    0.0000000000
  -20.36166743    0.0000000000
  -20.33911380    0.0000000000
  -20.31656018    0.0000000000
  -20.29400655    0.0000000000
  -20.27145292    0.0000000000
  -20.24889929    0.0000000000
  -20.22634566    0.0000000000
  -20.20379203    0.0000000000
  -20.18123840    0.0000000000
  -20.15868478    0.0000000000
  -20.13613115    0.0000000000
  -20.11357752    0.0000000000
  -20.09102389    0.0000000000
  -20.06847026    0.0000000000
  -20.04591663    0.0000000000
  -20.02336301    0.0000000000
  -20.00080938    0.0000000000
  -19.97825575    0.0000000000
  -19.95570212    0.0000000000
  -19.93314849    0.0000000000
  -19.91059486    0.0000000000
  -19.88804123    0.0000000000
  -19.86548761    0.0000000000
  -19.84293398    0.0000000000
  -19.82038035    0.0000000000
  -19.79782672    0.0000000000
  -19.77527309    0.0000000000
  -19.75271946    0.0000000000
  -19.73016583    0.0000000000
  -19.70761221    0.0000000000
  -19.68505858    0.0000000000
  -19.66250495    0.0000000000
  -19.63995132    0.0000000000
  -19.61739769    0.0000000000
  -19.59484406    0.0000000000
  -19.57229044    0.0000000000
  -19.54973681    0.0000000000
  -19.52718318    0.0000000000
  -19.50462955    0.0000000000
  -19.48207592    0.0000000000
  -19.45952229    0.0000000000
  -19.43696866    0.0000000000
  -19.41441504    0.0000000000
  -19.39186141    0.0000000000
  -19.36930778    0.0000000000
  -19.34675415    0.0000000000
  -19.32420052    0.0000000000
  -19.30164689    0.0000000000
  -19.27909327    0.0000000000
  -19.25653964    0.0000000000
  -19.23398601    0.0000000000
  -19.21143238    0.0000000000
  -19.18887875    0.0000000000
  -19.16632512    0.0000000000
  -19.14377149    0.0000000000
  -19.12121787    0.0000000000
  -19.09866424    0.0000000000
  -19.07611061    0.0000000000
  -19.05355698    0.0000000000
  -19.03100335    0.0000000000
  -19.00844972    0.0000000000
  -18.98589609    0.0000000000
  -18.96334247    0.0000000000
  -18.94078884    0.0000000000
  -18.91823521    0.0000000000
  -18.89568158    0.0000000000
  -18.87312795    0.0000000000
  -18.85057432    0.0000000000
  -18.82802070    0.0000000000
  -18.80546707    0.0000000000
  -18.78291344    0.0000000000
  -18.76035981    0.0000000000
  -18.73780618    0.0000000000
  -18.71525255    0.0000000000
  -18.69269892    0.0000000000
  -18.67014530    0.0000000000
  -18.64759167    0.0000000000
  -18.62503804    0.0000000000
  -18.60248441    0.0000000000
  -18.57993078    0.0000000000
  -18.55737715    0.0000000000
  -18.53482352    0.0000000000
  -18.51226990    0.0000000000
  -18.48971627    0.0000000000
  -18.46716264    0.0000000000
  -18.44460901    0.0000000000
  -18.42205538    0.0000000000
  -18.39950175    0.0000000000
  -18.37694813    0.0000000000
  -18.35439450    0.0000000000
  -18.33184087    0.0000000000
  -18.30928724    0.0000000000
  -18.28673361    0.0000000000
  -18.26417998    0.0000000000
  -18.24162635    0.0000000000
  -18.21907273    0.0000000000
  -18.19651910    0.0000000000
  -18.17396547    0.0000000000
  -18.15141184    0.0000000000
  -18.12885821    0.0000000000
  -18.10630458    0.0000000000
  -18.08375096    0.0000000000
  -18.06119733    0.0000000000
  -18.03864370    0.0000000000
  -18.01609007    0.0000000000
  -17.99353644    0.0000000000
  -17.97098281    0.0000000000
  -17.94842918    0.0000000000
  -17.92587556    0.0000000000
  -17.90332193    0.0000000000
  -17.88076830    0.0000000000
  -17.85821467    0.0000000000
  -17.83566104    0.0000000000
  -17.81310741    0.0000000000
  -17.79055378    0.0000000000
  -17.76800016    0.0000000000
  -17.74544653    0.0000000000
  -17.72289290    0.0000000000
  -17.70033927    0.0000000000
  -17.67778564    0.0000000000
  -17.65523201    0.0000000000
  -17.63267839    0.0000000000
  -17.61012476    0.0000000000
  -17.58757113    0.0000000000
  -17.56501750    0.0000000000
  -17.54246387    0.0000000000
  -17.51991024    0.0000000000
  -17.49735661    0.0000000000
  -17.47480299    0.0000000000
  -17.45224936    0.0000000000
  -17.42969573    0.0000000000
  -17.40714210    0.0000000000
  -17.38458847    0.0000000000
  -17.36203484    0.0000000000
  -17.33948121    0.0000000000
  -17.31692759    0.0000000000
  -17.29437396    0.0000000000
  -17.27182033    0.0000000000
  -17.24926670    0.0000000000
  -17.22671307    0.0000000000
  -17.20415944    0.0000000000
  -17.18160582    0.0000000000
  -17.15905219    0.0000000000
  -17.13649856    0.0000000000
  -17.11394493    0.0000000000
  -17.09139130    0.0000000000
  -17.06883767    0.0000000000
  -17.04628404    0.0000000000
  -17.02373042    0.0000000000
  -17.00117679    0.0000000000
  -16.97862316    0.0000000000
  -16.95606953    0.0000000000
  -16.93351590    0.0000000000
  -16.91096227    0.0000000000
  -16.88840865    0.0000000000
  -16.86585502    0.0000000000
  -16.84330139    0.0000000000
  -16.82074776    0.0000000000
  -16.79819413    0.0000000000
  -16.77564050    0.0000000000
  -16.75308687    0.0000000000
  -16.73053325    0.0000000000
  -16.70797962    0.0000000000
  -16.68542599    0.0000000000
  -16.66287236    0.0000000000
  -16.64031873    0.0000000000
  -16.61776510    0.0000000000
  -16.59521147    0.0000000000
  -16.57265785    0.0000000000
  -16.55010422    0.0000000000
  -16.52755059    0.0000000000
  -16.50499696    0.0000000000
  -16.48244333    0.0000000000
  -16.45988970    0.0000000000
  -16.43733608    0.0000000000
  -16.41478245    0.0000000000
  -16.39222882    0.0000000000
  -16.36967519    0.0000000000
  -16.34712156    0.0000000000
  -16.32456793    0.0000000000
  -16.30201430    0.0000000000
  -16.27946068    0.0000000000
  -16.25690705    0.0000000000
  -16.23435342    0.0000000000
  -16.21179979    0.0000000000
  -16.18924616    0.0000000000
  -16.16669253    0.0000000000
  -16.14413891    0.0000000000
  -16.12158528    0.0000000000
  -16.09903165    0.0000000000
  -16.07647802    0.0000000000
  -16.05392439    0.0000000000
  -16.03137076    0.0000000000
  -16.00881713    0.0000000000
  -15.98626351    0.0000000000
  -15.96370988    0.0000000000
  -15.94115625    0.0000000000
  -15.91860262    0.0000000000
  -15.89604899    0.0000000000
  -15.87349536    0.0000000000
  -15.85094173    0.0000000000
  -15.82838811    0.0000000000
  -15.80583448    0.0000000000
  -15.78328085    0.0000000000
  -15.76072722    0.0000000000
  -15.73817359    0.0000000000
  -15.71561996    0.0000000000
  -15.69306634    0.0000000000
  -15.67051271    0.0000000000
  -15.64795908    0.0000000000
  -15.62540545    0.0000000000
  -15.60285182    0.0000000000
  -15.58029819    0.0000000000
  -15.55774456    0.0000000000
  -15.53519094    0.0000000000
  -15.51263731    0.0000000000
  -15.49008368    0.0000000000
  -15.46753005    0.0000000000
  -15.44497642    0.0000000000
  -15.42242279    0.0000000000
  -15.39986916    0.0000000000
  -15.37731554    0.0000000000
  -15.35476191    0.0000000000
  -15.33220828    0.0000000000
  -15.30965465    0.0000000000
  -15.28710102    0.0000000000
  -15.26454739    0.0000000000
  -15.24199377    0.0000000000
  -15.21944014    0.0000000000
  -15.19688651    0.0000000000
  -15.17433288    0.0000000000
  -15.15177925    0.0000000000
  -15.12922562    0.0000000000
  -15.10667199    0.0000000000
  -15.08411837    0.0000000000
  -15.06156474    0.0000000000
  -15.03901111    0.0000000000
  -15.01645748    0.0000000000
  -14.99390385    0.0000000000
  -14.97135022    0.0000000000
  -14.94879660    0.0000000000
  -14.92624297    0.0000000000
  -14.90368934    0.0000000000
  -14.88113571    0.0000000000
  -14.85858208    0.0000000000
  -14.83602845    0.0000000000
  -14.81347482    0.0000000000
  -14.79092120    0.0000000000
  -14.76836757    0.0000000000
  -14.74581394    0.0000000000
  -14.72326031    0.0000000000
  -14.70070668    0.0000000000
  -14.67815305    0.0000000000
  -14.65559942    0.0000000000
  -14.63304580    0.0000000000
  -14.61049217    0.0000000000
  -14.58793854    0.0000000000
  -14.56538491    0.0000000000
  -14.54283128    0.0000000000
  -14.52027765    0.0000000000
  -14.49772403    0.0000000000
  -14.47517040    0.0000000000
  -14.45261677    0.0000000000
  -14.43006314    0.0000000000
  -14.40750951    0.0000000000
  -14.38495588    0.0000000000
  -14.36240225    0.0000000000
  -14.33984863    0.0000000000
  -14.31729500    0.0000000000
  -14.29474137    0.0000000000
  -14.27218774    0.0000000000
  -14.24963411    0.0000000000
  -14.22708048    0.0000000000
  -14.20452686    0.0000000000
  -14.18197323    0.0000000000
  -14.15941960    0.0000000000
  -14.13686597    0.0000000000
  -14.11431234    0.0000000000
  -14.09175871    0.0000000000
  -14.06920508    0.0000000000
  -14.04665146    0.0000000000
  -14.02409783    0.0000000000
  -14.00154420    0.0000000000
  -13.97899057    0.0000000000
  -13.95643694    0.0000000000
  -13.93388331    0.0000000000
  -13.91132968    0.0000000000
  -13.88877606    0.0000000000
  -13.86622243    0.0000000000
  -13.84366880    0.0000000000
  -13.82111517    0.0000000000
  -13.79856154    0.0000000000
  -13.77600791    0.0000000000
  -13.75345429    0.0000000000
  -13.73090066    0.0000000000
  -13.70834703    0.0000000000
  -13.68579340    0.0000000000
  -13.66323977    0.0000000000
  -13.64068614    0.0000000000
  -13.61813251    0.0000000000
  -13.59557889    0.0000000000
  -13.57302526    0.0000000000
  -13.55047163    0.0000000000
  -13.52791800    0.0000000000
  -13.50536437    0.0000000000
  -13.48281074    0.0000000000
  -13.46025711    0.0000000000
  -13.43770349    0.0000000000
  -13.41514986    0.0000000000
  -13.39259623    0.0000000000
  -13.37004260    0.0000000000
  -13.34748897    0.0000000000
  -13.32493534    0.0000000000
  -13.30238172    0.0000000000
  -13.27982809    0.0000000000
  -13.25727446    0.0000000000
  -13.23472083    0.0000000000
  -13.21216720    0.0000000000
  -13.18961357    0.0000000000
  -13.16705994    0.0000000000
  -13.14450632    0.0000000000
  -13.12195269    0.0000000000
  -13.09939906    0.0000000000
  -13.07684543    0.0000000000
  -13.05429180    0.0000000000
  -13.03173817    0.0000000000
  -13.00918455    0.0000000000
  -12.98663092    0.0000000000
  -12.96407729    0.0000000000
  -12.94152366    0.0000000000
  -12.91897003    0.0000000000
  -12.89641640    0.0000000000
  -12.87386277    0.0000000000
  -12.85130915    0.0000000000
  -12.82875552    0.0000000000
  -12.80620189    0.0000000000
  -12.78364826    0.0000000000
  -12.76109463    0.0000000000
  -12.73854100    0.0000000000
  -12.71598737    0.0000000000
  -12.69343375    0.0000000000
  -12.67088012    0.0000000000
  -12.64832649    0.0000000000
  -12.62577286    0.0000000000
  -12.60321923    0.0000000000
  -12.58066560    0.0000000000
  -12.55811198    0.0000000000
  -12.53555835    0.0000000000
  -12.51300472    0.0000000000
  -12.49045109    0.0000000000
  -12.46789746    0.0000000000
  -12.44534383    0.0000000000
  -12.42279020    0.0000000000
  -12.40023658    0.0000000000
  -12.37768295    0.0000000000
  -12.35512932    0.0000000000
  -12.33257569    0.0000000000
  -12.31002206    0.0000000000
  -12.28746843    0.0000000000
  -12.26491481    0.0000000000
  -12.24236118    0.0000000000
  -12.21980755    0.0000000000
  -12.19725392    0.0000000000
  -12.17470029    0.0000000000
  -12.15214666    0.0000000000
  -12.12959303    0.0000000000
  -12.10703941    0.0000000000
  -12.08448578    0.0000000000
  -12.06193215    0.0000000000
  -12.03937852    0.0000000000
  -12.01682489    0.0000000000
  -11.99427126    0.0000000000
  -11.97171763    0.0000000000
  -11.94916401    0.0000000000
  -11.92661038    0.0000000000
  -11.90405675    0.0000000000
  -11.88150312    0.0000000000
  -11.85894949    0.0000000000
  -11.83639586    0.0000000000
  -11.81384224    0.0000000000
  -11.79128861    0.0000000000
  -11.76873498    0.0000000000
  -11.74618135    0.0000000000
  -11.72362772    0.0000000000
  -11.70107409    0.0000000000
  -11.67852046    0.0000000000
  -11.65596684    0.0000000000
  -11.63341321    0.0000000000
  -11.61085958    0.0000000000
  -11.58830595    0.0000000000
  -11.56575232    0.0000000000
  -11.54319869    0.0000000000
  -11.52064506    0.0000000000
  -11.49809144    0.0000000000
  -11.47553781    0.0000000000
  -11.45298418    0.0000000000
  -11.43043055    0.0000000000
  -11.40787692    0.0000000000
  -11.38532329    0.0000000000
  -11.36276967    0.0000000000
  -11.34021604    0.0000000000
  -11.31766241    0.0000000000
  -11.29510878    0.0000000000
  -11.27255515    0.0000000000
  -11.25000152    0.0000000000
  -11.22744789    0.0000000000
  -11.20489427    0.0000000000
  -11.18234064    0.0000000000
  -11.15978701    0.0000000000
  -11.13723338    0.0000000000
  -11.11467975    0.0000000000
  -11.09212612    0.0000000000
  -11.06957250    0.0000000000
  -11.04701887    0.0000000000
  -11.02446524    0.0000000000
  -11.00191161    0.0000000000
  -10.97935798    0.0000000000
  -10.95680435    0.0000000000
  -10.93425072    0.0000000000
  -10.91169710    0.0000000000
  -10.88914347    0.0000000000
  -10.86658984    0.0000000000
  -10.84403621    0.0000000000
  -10.82148258    0.0000000000
  -10.79892895    0.0000000000
  -10.77637532    0.0000000000
  -10.75382170    0.0000000000
  -10.73126807    0.0000000000
  -10.70871444    0.0000000000
  -10.68616081    0.0000000000
  -10.66360718    0.0000000000
  -10.64105355    0.0000000000
  -10.61849993    0.0000000000
  -10.59594630    0.0000000000
  -10.57339267    0.0000000000
  -10.55083904    0.0000000000
  -10.52828541    0.0000000000
  -10.50573178    0.0000000000
  -10.48317815    0.0000000000
  -10.46062453    0.0000000000
  -10.43807090    0.0000000000
  -10.41551727    0.0000000000
  -10.39296364    0.0000000000
  -10.37041001    0.0000000000
  -10.34785638    0.0000000000
  -10.32530276    0.0000000000
  -10.30274913    0.0000000000
  -10.28019550    0.0000000000
  -10.25764187    0.0000000000
  -10.23508824    0.0000000000
  -10.21253461    0.0000000000
  -10.18998098    0.0000000000
  -10.16742736    0.0000000000
  -10.14487373    0.0000000000
  -10.12232010    0.0000000000
  -10.09976647    0.0000000000
  -10.07721284    0.0000000000
  -10.05465921    0.0000000000
  -10.03210558    0.0000000000
  -10.00955196    0.0000000000
   -9.98699833    0.0000000000
   -9.96444470    0.0000000000
   -9.94189107    0.0000000000
   -9.91933744    0.0000000000
   -9.89678381    0.0000000001
   -9.87423019    0.0000000006
   -9.85167656    0.0000000036
   -9.82912293    0.0000000195
   -9.80656930    0.0000000980
   -9.78401567    0.0000004590
   -9.76146204    0.0000020032
   -9.73890841    0.0000081482
   -9.71635479    0.0000308859
   -9.69380116    0.0001091025
   -9.67124753    0.0003591571
   -9.64869390    0.0011018155
   -9.62614027    0.0031499814
   -9.60358664    0.0083923154
   -9.58103301    0.0208367654
   -9.55847939    0.0482118174
   -9.53592576    0.1039564403
   -9.51337213    0.2088930503
   -9.49081850    0.3911751691
   -9.46826487    0.6826424036
   -9.44571124    1.1101711573
   -9.42315762    1.6825241776
   -9.40060399    2.3763334583
   -9.37805036    3.1277220182
   -9.35549673    3.8363975719
   -9.33294310    4.3852439991
   -9.31038947    4.6713091903
   -9.28783584    4.6372249111
   -9.26528222    4.2899516950
   -9.24272859    3.6984635195
   -9.22017496    2.9714263620
   -9.19762133    2.2247606795
   -9.17506770    1.5523023816
   -9.15251407    1.0093552421
   -9.12996045    0.6116267303
   -9.10740682    0.3453850756
   -9.08485319    0.1817587690
   -9.06229956    0.0891377923
   -9.03974593    0.0407383157
   -9.01719230    0.0173507783
   -8.99463867    0.0068866744
   -8.97208505    0.0025472691
   -8.94953142    0.0008780410
   -8.92697779    0.0002820522
   -8.90442416    0.0000844343
   -8.88187053    0.0000235550
   -8.85931690    0.0000061238
   -8.83676327    0.0000014837
   -8.81420965    0.0000003350
   -8.79165602    0.0000000705
   -8.76910239    0.0000000138
   -8.74654876    0.0000000025
   -8.72399513    0.0000000004
   -8.70144150    0.0000000001
   -8.67888788    0.0000000000
   -8.65633425    0.0000000000
   -8.63378062    0.0000000000
   -8.61122699    0.0000000000
   -8.58867336    0.0000000000
   -8.56611973    0.0000000000
   -8.54356610    0.0000000000
   -8.52101248    0.0000000000
   -8.49845885    0.0000000000
   -8.47590522    0.0000000000
   -8.45335159    0.0000000000
   -8.43079796    0.0000000000
   -8.40824433    0.0000000000
   -8.38569070    0.0000000000
   -8.36313708    0.0000000000
   -8.34058345    0.0000000000
   -8.31802982    0.0000000000
   -8.29547619    0.0000000000
   -8.27292256    0.0000000000
   -8.25036893    0.0000000000
   -8.22781531    0.0000000000
   -8.20526168    0.0000000000
   -8.18270805    0.0000000000
   -8.16015442    0.0000000000
   -8.13760079    0.0000000000
   -8.11504716    0.0000000000
   -8.09249353    0.0000000000
   -8.06993991    0.0000000000
   -8.04738628    0.0000000000
   -8.02483265    0.0000000000
   -8.00227902    0.0000000000
   -7.97972539    0.0000000000
   -7.95717176    0.0000000000
   -7.93461814    0.0000000000
   -7.91206451    0.0000000000
   -7.88951088    0.0000000000
   -7.86695725    0.0000000000
   -7.84440362    0.0000000000
   -7.82184999    0.0000000000
   -7.79929636    0.0000000000
   -7.77674274    0.0000000000
   -7.75418911    0.0000000000
   -7.73163548    0.0000000000
   -7.70908185    0.0000000000
   -7.68652822    0.0000000000
   -7.66397459    0.0000000000
   -7.64142096    0.0000000000
   -7.61886734    0.0000000000
   -7.59631371    0.0000000000
   -7.57376008    0.0000000000
   -7.55120645    0.0000000000
   -7.52865282    0.0000000000
   -7.50609919    0.0000000000
   -7.48354557    0.0000000000
   -7.46099194    0.0000000000
   -7.43843831    0.0000000000
   -7.41588468    0.0000000000
   -7.39333105    0.0000000000
   -7.37077742    0.0000000000
   -7.34822379    0.0000000000
   -7.32567017    0.0000000000
   -7.30311654    0.0000000000
   -7.28056291    0.0000000000
   -7.25800928    0.0000000000
   -7.23545565    0.0000000000
   -7.21290202    0.0000000000
   -7.19034840    0.0000000000
   -7.16779477    0.0000000000
   -7.14524114    0.0000000000
   -7.12268751    0.0000000000
   -7.10013388    0.0000000000
   -7.07758025    0.0000000000
   -7.05502662    0.0000000000
   -7.03247300    0.0000000000
   -7.00991937    0.0000000000
   -6.98736574    0.0000000000
   -6.96481211    0.0000000000
   -6.94225848    0.0000000000
   -6.91970485    0.0000000000
   -6.89715122    0.0000000000
   -6.87459760    0.0000000000
   -6.85204397    0.0000000000
   -6.82949034    0.0000000001
   -6.80693671    0.0000000005
   -6.78438308    0.0000000028
   -6.76182945    0.0000000153
   -6.73927583    0.0000000776
   -6.71672220    0.0000003670
   -6.69416857    0.0000016187
   -6.67161494    0.0000066529
   -6.64906131    0.0000254822
   -6.62650768    0.0000909564
   -6.60395405    0.0003025556
   -6.58140043    0.0009378898
   -6.55884680    0.0027093994
   -6.53629317    0.0072940538
   -6.51373954    0.0182995153
   -6.49118591    0.0427843468
   -6.46863228    0.0932191032
   -6.44607865    0.1892777785
   -6.42352503    0.3581533645
   -6.40097140    0.6315578475
   -6.37841777    1.0378436487
   -6.35586414    1.5893715081
   -6.33331051    2.2682640532
   -6.31075688    3.0167303503
   -6.28820326    3.7389879922
   -6.26564963    4.3186334440
   -6.24309600    4.6485051062
   -6.22054237    4.6628879187
   -6.19798874    4.3588440992
   -6.17543511    3.7971905477
   -6.15288148    3.0826778480
   -6.13032786    2.3322150176
   -6.10777423    1.6443101171
   -6.08522060    1.0803726112
   -6.06266697    0.6615125654
   -6.04011334    0.3774655540
   -6.01755971    0.2007202776
   -5.99500609    0.0994671942
   -5.97245246    0.0459349430
   -5.94989883    0.0197688402
   -5.92734520    0.0079285523
   -5.90479157    0.0029633387
   -5.88223794    0.0010321514
   -5.85968431    0.0003350273
   -5.83713069    0.0001013425
   -5.81457706    0.0000285679
   -5.79202343    0.0000075048
   -5.76946980    0.0000018373
   -5.74691617    0.0000004192
   -5.72436254    0.0000000891
   -5.70180891    0.0000000177
   -5.67925529    0.0000000033
   -5.65670166    0.0000000006
   -5.63414803    0.0000000001
   -5.61159440    0.0000000000
   -5.58904077    0.0000000000
   -5.56648714    0.0000000000
   -5.54393352    0.0000000000
   -5.52137989    0.0000000000
   -5.49882626    0.0000000000
   -5.47627263    0.0000000000
   -5.45371900    0.0000000000
   -5.43116537    0.0000000000
   -5.40861174    0.0000000000
   -5.38605812    0.0000000000
   -5.36350449    0.0000000000
   -5.34095086    0.0000000000
   -5.31839723    0.0000000000
   -5.29584360    0.0000000000
   -5.27328997    0.0000000000
   -5.25073635    0.0000000000
   -5.22818272    0.0000000000
   -5.20562909    0.0000000000
   -5.18307546    0.0000000000
   -5.16052183    0.0000000000
   -5.13796820    0.0000000000
   -5.11541457    0.0000000000
   -5.09286095    0.0000000000
   -5.07030732    0.0000000000
   -5.04775369    0.0000000000
   -5.02520006    0.0000000000
   -5.00264643    0.0000000000
   -4.98009280    0.0000000000
   -4.95753917    0.0000000000
   -4.93498555    0.0000000000
   -4.91243192    0.0000000000
   -4.88987829    0.0000000000
   -4.86732466    0.0000000000
   -4.84477103    0.0000000000
   -4.82221740    0.0000000000
   -4.79966378    0.0000000000
   -4.77711015    0.0000000000
   -4.75455652    0.0000000000
   -4.73200289    0.0000000000
   -4.70944926    0.0000000000
   -4.68689563    0.0000000000
   -4.66434200    0.0000000000
   -4.64178838    0.0000000000
   -4.61923475    0.0000000000
   -4.59668112    0.0000000000
   -4.57412749    0.0000000000
   -4.55157386    0.0000000000
   -4.52902023    0.0000000000
   -4.50646660    0.0000000000
   -4.48391298    0.0000000000
   -4.46135935    0.0000000000
   -4.43880572    0.0000000000
   -4.41625209    0.0000000000
   -4.39369846    0.0000000000
   -4.37114483    0.0000000000
   -4.34859121    0.0000000000
   -4.32603758    0.0000000000
   -4.30348395    0.0000000000
   -4.28093032    0.0000000000
   -4.25837669    0.0000000000
   -4.23582306    0.0000000000
   -4.21326943    0.0000000000
   -4.19071581    0.0000000000
   -4.16816218    0.0000000001
   -4.14560855    0.0000000004
   -4.12305492    0.0000000023
   -4.10050129    0.0000000125
   -4.07794766    0.0000000642
   -4.05539404    0.0000003063
   -4.03284041    0.0000013624
   -4.01028678    0.0000056465
   -3.98773315    0.0000218091
   -3.96517952    0.0000784997
   -3.94262589    0.0002633137
   -3.92007226    0.0008231022
   -3.89751864    0.0023977769
   -3.87496501    0.0065093625
   -3.85241138    0.0164680752
   -3.82985775    0.0388259345
   -3.80730412    0.0853052363
   -3.78475049    0.1746643043
   -3.76219686    0.3332785183
   -3.73964324    0.5926321126
   -3.71708961    0.9820593503
   -3.69453598    1.5165788138
   -3.67198235    2.1825637106
   -3.64942872    2.9271405129
   -3.62687509    3.6584313224
   -3.60432147    4.2610922670
   -3.58176784    4.6251057308
   -3.55921421    4.6783971641
   -3.53666058    4.4100874923
   -3.51410695    3.8741106349
   -3.49155332    3.1715497459
   -3.46899969    2.4196120125
   -3.44644607    1.7202621410
   -3.42389244    1.1397726378
   -3.40133881    0.7037469365
   -3.37878518    0.4049389043
   -3.35623155    0.2171386757
   -3.33367792    0.1085074511
   -3.31112430    0.0505308535
   -3.28857067    0.0219294834
   -3.26601704    0.0088690043
   -3.24346341    0.0033426894
   -3.22090978    0.0011740643
   -3.19835615    0.0003842930
   -3.17580252    0.0001172216
   -3.15324890    0.0000333217
   -3.13069527    0.0000088272
   -3.10814164    0.0000021792
   -3.08558801    0.0000005013
   -3.06303438    0.0000001075
   -3.04048075    0.0000000215
   -3.01792712    0.0000000040
   -2.99537350    0.0000000007
   -2.97281987    0.0000000001
   -2.95026624    0.0000000000
   -2.92771261    0.0000000000
   -2.90515898    0.0000000000
   -2.88260535    0.0000000000
   -2.86005173    0.0000000000
   -2.83749810    0.0000000000
   -2.81494447    0.0000000000
   -2.79239084    0.0000000000
   -2.76983721    0.0000000000
   -2.74728358    0.0000000000
   -2.72472995    0.0000000000
   -2.70217633    0.0000000000
   -2.67962270    0.0000000000
   -2.65706907    0.0000000000
   -2.63451544    0.0000000000
   -2.61196181    0.0000000000
   -2.58940818    0.0000000000
   -2.56685455    0.0000000000
   -2.54430093    0.0000000000
   -2.52174730    0.0000000000
   -2.49919367    0.0000000000
   -2.47664004    0.0000000000
   -2.45408641    0.0000000000
   -2.43153278    0.0000000000
   -2.40897916    0.0000000000
   -2.38642553    0.0000000000
   -2.36387190    0.0000000000
   -2.34131827    0.0000000000
   -2.31876464    0.0000000000
   -2.29621101    0.0000000000
   -2.27365738    0.0000000000
   -2.25110376    0.0000000000
   -2.22855013    0.0000000000
   -2.20599650    0.0000000000
   -2.18344287    0.0000000000
   -2.16088924    0.0000000000
   -2.13833561    0.0000000000
   -2.11578199    0.0000000000
   -2.09322836    0.0000000000
   -2.07067473    0.0000000000
   -2.04812110    0.0000000000
   -2.02556747    0.0000000000
   -2.00301384    0.0000000000
   -1.98046021    0.0000000000
   -1.95790659    0.0000000000
   -1.93535296    0.0000000000
   -1.91279933    0.0000000000
   -1.89024570    0.0000000000
   -1.86769207    0.0000000000
   -1.84513844    0.0000000000
   -1.82258481    0.0000000000
   -1.80003119    0.0000000000
   -1.77747756    0.0000000000
   -1.75492393    0.0000000000
   -1.73237030    0.0000000000
   -1.70981667    0.0000000000
   -1.68726304    0.0000000000
   -1.66470942    0.0000000000
   -1.64215579    0.0000000000
   -1.61960216    0.0000000000
   -1.59704853    0.0000000000
   -1.57449490    0.0000000000
   -1.55194127    0.0000000000
   -1.52938764    0.0000000000
   -1.50683402    0.0000000000
   -1.48428039    0.0000000000
   -1.46172676    0.0000000000
   -1.43917313    0.0000000000
   -1.41661950    0.0000000000
   -1.39406587    0.0000000000
   -1.37151224    0.0000000000
   -1.34895862    0.0000000000
   -1.32640499    0.0000000000
   -1.30385136    0.0000000000
   -1.28129773    0.0000000000
   -1.25874410    0.0000000000
   -1.23619047    0.0000000000
   -1.21363685    0.0000000000
   -1.19108322    0.0000000000
   -1.16852959    0.0000000000
   -1.14597596    0.0000000000
   -1.12342233    0.0000000000
   -1.10086870    0.0000000000
   -1.07831507    0.0000000000
   -1.05576145    0.0000000000
   -1.03320782    0.0000000000
   -1.01065419    0.0000000000
   -0.98810056    0.0000000000
   -0.96554693    0.0000000000
   -0.94299330    0.0000000000
   -0.92043968    0.0000000000
   -0.89788605    0.0000000000
   -0.87533242    0.0000000000
   -0.85277879    0.0000000000
   -0.83022516    0.0000000000
   -0.80767153    0.0000000000
   -0.78511790    0.0000000000
   -0.76256428    0.0000000000
   -0.74001065    0.0000000000
   -0.71745702    0.0000000000
   -0.69490339    0.0000000000
   -0.67234976    0.0000000000
   -0.64979613    0.0000000000
   -0.62724250    0.0000000000
   -0.60468888    0.0000000000
   -0.58213525    0.0000000000
   -0.55958162    0.0000000000
   -0.53702799    0.0000000000
   -0.51447436    0.0000000000
   -0.49192073    0.0000000000
   -0.46936711    0.0000000000
   -0.44681348    0.0000000000
   -0.42425985    0.0000000000
   -0.40170622    0.0000000000
   -0.37915259    0.0000000000
   -0.35659896    0.0000000000
   -0.33404533    0.0000000000
   -0.31149171    0.0000000000
   -0.28893808    0.0000000000
   -0.26638445    0.0000000000
   -0.24383082    0.0000000000
   -0.22127719    0.0000000000
   -0.19872356    0.0000000000
   -0.17616994    0.0000000000
   -0.15361631    0.0000000000
   -0.13106268    0.0000000000
   -0.10850905    0.0000000000
   -0.08595542    0.0000000000
   -0.06340179    0.0000000000
   -0.04084816    0.0000000000
   -0.01829454    0.0000000000
    0.00425909    0.0000000000
    0.02681272    0.0000000000
    0.04936635    0.0000000000
    0.07191998    0.0000000000
    0.09447361    0.0000000000
    0.11702724    0.0000000000
    0.13958086    0.0000000000
    0.16213449    0.0000000000
    0.18468812    0.0000000000
    0.20724175    0.0000000000
    0.22979538    0.0000000000
    0.25234901    0.0000000000
    0.27490263    0.0000000000
    0.29745626    0.0000000000
    0.32000989    0.0000000000
    0.34256352    0.0000000000
    0.36511715    0.0000000000
    0.38767078    0.0000000000
    0.41022441    0.0000000000
    0.43277803    0.0000000000
    0.45533166    0.0000000000
    0.47788529    0.0000000000
    0.50043892    0.0000000000
    0.52299255    0.0000000000
    0.54554618    0.0000000000
    0.56809981    0.0000000000
    0.59065343    0.0000000000
    0.61320706    0.0000000000
    0.63576069    0.0000000000
    0.65831432    0.0000000000
    0.68086795    0.0000000000
    0.70342158    0.0000000000
    0.72597520    0.0000000000
    0.74852883    0.0000000000
    0.77108246    0.0000000000
    0.79363609    0.0000000000
    0.81618972    0.0000000000
    0.83874335    0.0000000000
    0.86129698    0.0000000000
    0.88385060    0.0000000000
    0.90640423    0.0000000000
    0.92895786    0.0000000000
    0.95151149    0.0000000000
    0.97406512    0.0000000000
    0.99661875    0.0000000000
    1.01917237    0.0000000000
    1.04172600    0.0000000000
    1.06427963    0.0000000000
    1.08683326    0.0000000000
    1.10938689    0.0000000000
    1.13194052    0.0000000000
    1.15449415    0.0000000000
    1.17704777    0.0000000000
    1.19960140    0.0000000000
    1.22215503    0.0000000000
    1.24470866    0.0000000000
    1.26726229    0.0000000000
    1.28981592    0.0000000000
    1.31236955    0.0000000000
    1.33492317    0.0000000000
    1.35747680    0.0000000000
    1.38003043    0.0000000000
    1.40258406    0.0000000000
    1.42513769    0.0000000000
    1.44769132    0.0000000000
    1.47024494    0.0000000000
    1.49279857    0.0000000000
    1.51535220    0.0000000000
    1.53790583    0.0000000000
    1.56045946    0.0000000000
    1.58301309    0.0000000000
    1.60556672    0.0000000000
    1.62812034    0.0000000000
    1.65067397    0.0000000000
    1.67322760    0.0000000000
    1.69578123    0.0000000000
    1.71833486    0.0000000000
    1.74088849    0.0000000000
    1.76344211    0.0000000000
    1.78599574    0.0000000000
    1.80854937    0.0000000000
    1.83110300    0.0000000000
    1.85365663    0.0000000000
    1.87621026    0.0000000000
    1.89876389    0.0000000000
    1.92131751    0.0000000000
    1.94387114    0.0000000000
    1.96642477    0.0000000000
    1.98897840    0.0000000000
    2.01153203    0.0000000000
    2.03408566    0.0000000000
    2.05663929    0.0000000000
    2.07919291    0.0000000000
    2.10174654    0.0000000000
    2.12430017    0.0000000000
    2.14685380    0.0000000000
    2.16940743    0.0000000000
    2.19196106    0.0000000000
    2.21451468    0.0000000000
    2.23706831    0.0000000000
    2.25962194    0.0000000000
    2.28217557    0.0000000000
    2.30472920    0.0000000000
    2.32728283    0.0000000000
    2.34983646    0.0000000000
    2.37239008    0.0000000000
    2.39494371    0.0000000000
    2.41749734    0.0000000000
    2.44005097    0.0000000000
    2.46260460    0.0000000000
    2.48515823    0.0000000000
    2.50771186    0.0000000000
    2.53026548    0.0000000000
    2.55281911    0.0000000000
    2.57537274    0.0000000000
    2.59792637    0.0000000000
    2.62048000    0.0000000000
    2.64303363    0.0000000000
    2.66558725    0.0000000000
    2.68814088    0.0000000000
    2.71069451    0.0000000000
    2.73324814    0.0000000000
    2.75580177    0.0000000000
    2.77835540    0.0000000000
    2.80090903    0.0000000000
    2.82346265    0.0000000000
    2.84601628    0.0000000000
    2.86856991    0.0000000000
    2.89112354    0.0000000000
    2.91367717    0.0000000000
    2.93623080    0.0000000000
    2.95878442    0.0000000000
    2.98133805    0.0000000002
    3.00389168    0.0000000014
    3.02644531    0.0000000076
    3.04899894    0.0000000398
    3.07155257    0.0000001939
    3.09410620    0.0000008806
    3.11665982    0.0000037269
    3.13921345    0.0000146998
    3.16176708    0.0000540317
    3.18432071    0.0001850812
    3.20687434    0.0005908133
    3.22942797    0.0017575713
    3.25198160    0.0048724833
    3.27453522    0.0125881658
    3.29708885    0.0303074396
    3.31964248    0.0680002857
    3.34219611    0.1421827539
    3.36474974    0.2770497748
    3.38730337    0.5030873263
    3.40985699    0.8513411927
    3.43241062    1.3425751786
    3.45496425    1.9730962692
    3.47751788    2.7022942211
    3.50007151    3.4489880135
    3.52262514    4.1022812594
    3.54517877    4.5470934158
    3.56773239    4.6969616620
    3.59028602    4.5214199860
    3.61283965    4.0560880998
    3.63539328    3.3908970516
    3.65794691    2.6417792543
    3.68050054    1.9180200445
    3.70305416    1.2977303246
    3.72560779    0.8182583769
    3.74816142    0.4808074215
    3.77071505    0.2632852689
    3.79326868    0.1343558726
    3.81582231    0.0638942009
    3.83837594    0.0283165883
    3.86092956    0.0116948621
    3.88348319    0.0045011551
    3.90603682    0.0016144610
    3.92859045    0.0005396421
    3.95114408    0.0001680965
    3.97369771    0.0000487962
    3.99625134    0.0000132005
    4.01880496    0.0000033279
    4.04135859    0.0000007818
    4.06391222    0.0000001712
    4.08646585    0.0000000349
    4.10901948    0.0000000066
    4.13157311    0.0000000012
    4.15412673    0.0000000002
    4.17668036    0.0000000000
    4.19923399    0.0000000000
    4.22178762    0.0000000000
    4.24434125    0.0000000000
    4.26689488    0.0000000000
    4.28944851    0.0000000000
    4.31200213    0.0000000000
    4.33455576    0.0000000000
    4.35710939    0.0000000000
    4.37966302    0.0000000000
    4.40221665    0.0000000000
    4.42477028    0.0000000000
    4.44732391    0.0000000000
    4.46987753    0.0000000000
    4.49243116    0.0000000000
    4.51498479    0.0000000000
    4.53753842    0.0000000000
    4.56009205    0.0000000000
    4.58264568    0.0000000000
    4.60519930    0.0000000000
    4.62775293    0.0000000000
    4.65030656    0.0000000000
    4.67286019    0.0000000000
    4.69541382    0.0000000000
    4.71796745    0.0000000000
    4.74052108    0.0000000000
    4.76307470    0.0000000000
    4.78562833    0.0000000000
    4.80818196    0.0000000000
    4.83073559    0.0000000000
    4.85328922    0.0000000000
    4.87584285    0.0000000000
    4.89839647    0.0000000000
    4.92095010    0.0000000000
    4.94350373    0.0000000000
    4.96605736    0.0000000000
    4.98861099    0.0000000000
    5.01116462    0.0000000000
    5.03371825    0.0000000000
    5.05627187    0.0000000000
    5.07882550    0.0000000000
    5.10137913    0.0000000000
    5.12393276    0.0000000000
    5.14648639    0.0000000000
    5.16904002    0.0000000000
    5.19159365    0.0000000000
    5.21414727    0.0000000000
    5.23670090    0.0000000000
    5.25925453    0.0000000000
    5.28180816    0.0000000000
    5.30436179    0.0000000000
    5.32691542    0.0000000000
    5.34946904    0.0000000000
    5.37202267    0.0000000000
    5.39457630    0.0000000000
    5.41712993    0.0000000000
    5.43968356    0.0000000000
    5.46223719    0.0000000001
    5.48479082    0.0000000003
    5.50734444    0.0000000020
    5.52989807    0.0000000110
    5.55245170    0.0000000566
    5.57500533    0.0000002715
    5.59755896    0.0000012143
    5.62011259    0.0000050609
    5.64266621    0.0000196559
    5.66521984    0.0000711440
    5.68777347    0.0002399705
    5.71032710    0.0007543137
    5.73288073    0.0022096364
    5.75543436    0.0060320418
    5.77798799    0.0153455537
    5.80054161    0.0363810710
    5.82309524    0.0803790913
    5.84564887    0.1654951990
    5.86820250    0.3175428969
    5.89075613    0.5677983171
    5.91330976    0.9461510918
    5.93586339    1.4692699090
    5.95841701    2.1262648953
    5.98097064    2.8675292017
    6.00352427    3.6039024328
    6.02607790    4.2209761292
    6.04863153    4.6070981299
    6.07118516    4.6861558141
    6.09373878    4.4420217655
    6.11629241    3.9239126874
    6.13884604    3.2302243272
    6.16139967    2.4781108396
    6.18395330    1.7716725920
    6.20650693    1.1803774425
    6.22906056    0.7328802724
    6.25161418    0.4240527238
    6.27416781    0.2286553557
    6.29672144    0.1148993561
    6.31927507    0.0538057274
    6.34182870    0.0234808662
    6.36438233    0.0095493633
    6.38693596    0.0036191736
    6.40948958    0.0012782597
    6.43204321    0.0004207300
    6.45459684    0.0001290514
    6.47715047    0.0000368890
    6.49970410    0.0000098266
    6.52225773    0.0000024394
    6.54481135    0.0000005643
    6.56736498    0.0000001217
    6.58991861    0.0000000244
    6.61247224    0.0000000046
    6.63502587    0.0000000008
    6.65757950    0.0000000001
    6.68013313    0.0000000000
    6.70268675    0.0000000000
    6.72524038    0.0000000000
    6.74779401    0.0000000000
    6.77034764    0.0000000000
    6.79290127    0.0000000000
    6.81545490    0.0000000000
    6.83800852    0.0000000000
    6.86056215    0.0000000000
    6.88311578    0.0000000000
    6.90566941    0.0000000000
    6.92822304    0.0000000000
    6.95077667    0.0000000000
    6.97333030    0.0000000000
    6.99588392    0.0000000000
    7.01843755    0.0000000000
    7.04099118    0.0000000000
    7.06354481    0.0000000000
    7.08609844    0.0000000000
    7.10865207    0.0000000000
    7.13120570    0.0000000000
    7.15375932    0.0000000000
    7.17631295    0.0000000000
    7.19886658    0.0000000000
    7.22142021    0.0000000000
    7.24397384    0.0000000000
    7.26652747    0.0000000000
    7.28908109    0.0000000000
    7.31163472    0.0000000000
    7.33418835    0.0000000000
    7.35674198    0.0000000000
    7.37929561    0.0000000000
    7.40184924    0.0000000000
    7.42440287    0.0000000000
    7.44695649    0.0000000000
    7.46951012    0.0000000000
    7.49206375    0.0000000000
    7.51461738    0.0000000000
    7.53717101    0.0000000000
    7.55972464    0.0000000000
    7.58227827    0.0000000000
    7.60483189    0.0000000000
    7.62738552    0.0000000000
    7.64993915    0.0000000000
    7.67249278    0.0000000000
    7.69504641    0.0000000000
    7.71760004    0.0000000000
    7.74015366    0.0000000000
    7.76270729    0.0000000000
    7.78526092    0.0000000000
    7.80781455    0.0000000000
    7.83036818    0.0000000000
    7.85292181    0.0000000000
    7.87547544    0.0000000000
    7.89802906    0.0000000000
    7.92058269    0.0000000000
    7.94313632    0.0000000000
    7.96568995    0.0000000000
    7.98824358    0.0000000000
    8.01079721    0.0000000000
    8.03335083    0.0000000000
    8.05590446    0.0000000000
    8.07845809    0.0000000000
    8.10101172    0.0000000000
    8.12356535    0.0000000000
    8.14611898    0.0000000000
    8.16867261    0.0000000000
    8.19122623    0.0000000000
    8.21377986    0.0000000000
    8.23633349    0.0000000000
    8.25888712    0.0000000000
    8.28144075    0.0000000000
    8.30399438    0.0000000000
    8.32654801    0.0000000000
    8.34910163    0.0000000000
    8.37165526    0.0000000000
    8.39420889    0.0000000000
    8.41676252    0.0000000000
    8.43931615    0.0000000000
    8.46186978    0.0000000000
    8.48442340    0.0000000000
    8.50697703    0.0000000000
    8.52953066    0.0000000000
    8.55208429    0.0000000000
    8.57463792    0.0000000000
    8.59719155    0.0000000000
    8.61974518    0.0000000000
    8.64229880    0.0000000000
    8.66485243    0.0000000000
    8.68740606    0.0000000000
    8.70995969    0.0000000002
    8.73251332    0.0000000013
    8.75506695    0.0000000072
    8.77762057    0.0000000377
    8.80017420    0.0000001842
    8.82272783    0.0000008384
    8.84528146    0.0000035566
    8.86783509    0.0000140611
    8.89038872    0.0000518052
    8.91294235    0.0001778702
    8.93549597    0.0005691253
    8.95804960    0.0016970211
    8.98060323    0.0047156470
    9.00315686    0.0122115285
    9.02571049    0.0294695472
    9.04826412    0.0662752838
    9.07081775    0.1389006968
    9.09337137    0.2712888522
    9.11592500    0.4937807639
    9.13847863    0.8375506533
    9.16103226    1.3239228923
    9.18358589    1.9502442099
    9.20613952    2.6772566014
    9.22869314    3.4250403675
    9.25124677    4.0833451074
    9.27380040    4.5367116163
    9.29635403    4.6972205928
    9.31890766    4.5322664540
    9.34146129    4.0753471385
    9.36401492    3.4149824563
    9.38656854    2.6667790913
    9.40912217    1.9407084702
    9.43167580    1.3161586935
    9.45422943    0.8318229675
    9.47678306    0.4899234799
    9.49933669    0.2689058780
    9.52189032    0.1375457047
    9.54444394    0.0655644565
    9.56699757    0.0291249101
    9.58955120    0.0120568933
    9.61210483    0.0046513705
    9.63465846    0.0016722499
    9.65721209    0.0005602689
    9.67976571    0.0001749338
    9.70231934    0.0000509168
    9.72487297    0.0000138908
    9.74742660    0.0000039072
    9.76998023    0.0000026604
    9.79253386    0.0000076922
    9.81508749    0.0000286305
    9.83764111    0.0001014360
    9.86019474    0.0003352981
    9.88274837    0.0010329317
    9.90530200    0.0029654335
    9.92785563    0.0079337689
    9.95040926    0.0197808803
    9.97296288    0.0459606727
    9.99551651    0.0995180444
   10.01807014    0.2008130747
   10.04062377    0.3776216050
   10.06317740    0.6617536984
   10.08573103    1.0807135984
   10.10828466    1.6447486963
   10.13083828    2.3327230573
   10.15339191    3.0831986921
   10.17594554    3.7976466748
   10.19849917    4.3591554948
   10.22105280    4.6629967992
   10.24360643    4.6484008187
   10.26616006    4.3183776023
   10.28871368    3.7387597372
   10.31126731    3.0169524194
   10.33382094    2.2699433900
   10.35637457    1.5949053668
   10.37892820    1.0526979379
   10.40148183    0.6673578267
   10.42403545    0.4376787306
   10.44658908    0.3533692155
   10.46914271    0.4084479291
   10.49169634    0.6069683886
   10.51424997    0.9592270447
   10.53680360    1.4696617684
   10.55935723    2.1207242265
   10.58191085    2.8596824086
   10.60446448    3.5961079644
   10.62701811    4.2150334725
   10.64957174    4.6043063729
   10.67212537    4.6871329523
   10.69467900    4.4465824979
   10.71723262    3.9311577516
   10.73978625    3.2388390891
   10.76233988    2.4867549450
   10.78489351    1.7793087299
   10.80744714    1.1864360268
   10.83000077    0.7372453430
   10.85255440    0.4269278099
   10.87510802    0.2303942036
   10.89766165    0.1158679564
   10.92021528    0.0543037525
   10.94276891    0.0237176158
   10.96532254    0.0096535470
   10.98787617    0.0036616556
   11.01042980    0.0012943233
   11.03298342    0.0004263662
   11.05553705    0.0001308873
   11.07809068    0.0000374444
   11.10064431    0.0000099828
   11.12319794    0.0000024802
   11.14575157    0.0000005743
   11.16830519    0.0000001239
   11.19085882    0.0000000249
   11.21341245    0.0000000047
   11.23596608    0.0000000008
   11.25851971    0.0000000001
   11.28107334    0.0000000000
   11.30362697    0.0000000001
   11.32618059    0.0000000006
   11.34873422    0.0000000036
   11.37128785    0.0000000195
   11.39384148    0.0000000978
   11.41639511    0.0000004580
   11.43894874    0.0000019991
   11.46150237    0.0000081320
   11.48405599    0.0000308279
   11.50660962    0.0001089088
   11.52916325    0.0003585561
   11.55171688    0.0011000840
   11.57427051    0.0031453526
   11.59682414    0.0083808393
   11.61937776    0.0208103976
   11.64193139    0.0481557265
   11.66448502    0.1038461010
   11.68703865    0.2086926467
   11.70959228    0.3908398107
   11.73214591    0.6821268380
   11.75469954    1.1094460165
   11.77725316    1.6815969415
   11.79980679    2.3752664683
   11.82236042    3.1266369958
   11.84491405    3.8354584497
   11.86746768    4.3846183563
   11.89002131    4.6711198301
   11.91257493    4.6375105954
   11.93512856    4.2906542207
   11.95768219    3.6994470341
   11.98023582    2.9725201443
   12.00278945    2.2258069520
   12.02534308    1.5531910455
   12.04789671    1.0100362413
   12.07045033    0.6121019055
   12.09300396    0.3456887143
   12.11555759    0.1819371414
   12.13811122    0.0892343835
   12.16066485    0.0407866263
   12.18321848    0.0173731286
   12.20577211    0.0068962498
   12.22832573    0.0025510715
   12.25087936    0.0008794415
   12.27343299    0.0002825309
   12.29598662    0.0000845862
   12.31854025    0.0000235998
   12.34109388    0.0000061361
   12.36364750    0.0000014868
   12.38620113    0.0000003357
   12.40875476    0.0000000706
   12.43130839    0.0000000139
   12.45386202    0.0000000025
   12.47641565    0.0000000004
   12.49896928    0.0000000001
   12.52152290    0.0000000000
   12.54407653    0.0000000000
   12.56663016    0.0000000000
   12.58918379    0.0000000000
   12.61173742    0.0000000000
   12.63429105    0.0000000000
   12.65684467    0.0000000000
   12.67939830    0.0000000000
   12.70195193    0.0000000000
   12.72450556    0.0000000000
   12.74705919    0.0000000000
   12.76961282    0.0000000000
   12.79216645    0.0000000000
   12.81472007    0.0000000000
   12.83727370    0.0000000000
   12.85982733    0.0000000000
   12.88238096    0.0000000000
   12.90493459    0.0000000000
   12.92748822    0.0000000000
   12.95004185    0.0000000000
   12.97259547    0.0000000000
   12.99514910    0.0000000000
   13.01770273    0.0000000000
   13.04025636    0.0000000000
   13.06280999    0.0000000000
   13.08536362    0.0000000000
   13.10791724    0.0000000000
   13.13047087    0.0000000000
   13.15302450    0.0000000000
   13.17557813    0.0000000000
   13.19813176    0.0000000000
   13.22068539    0.0000000000
   13.24323902    0.0000000000
   13.26579264    0.0000000000
   13.28834627    0.0000000000
   13.31089990    0.0000000000
   13.33345353    0.0000000000
   13.35600716    0.0000000000
   13.37856079    0.0000000000
   13.40111442    0.0000000000
   13.42366804    0.0000000000
   13.44622167    0.0000000000
   13.46877530    0.0000000000
   13.49132893    0.0000000000
   13.51388256    0.0000000000
   13.53643619    0.0000000000
   13.55898981    0.0000000001
   13.58154344    0.0000000003
   13.60409707    0.0000000020
   13.62665070    0.0000000112
   13.64920433    0.0000000574
   13.67175796    0.0000002755
   13.69431159    0.0000012311
   13.71686521    0.0000051274
   13.73941884    0.0000199013
   13.76197247    0.0000719846
   13.78452610    0.0002426449
   13.80707973    0.0007622154
   13.82963336    0.0022313051
   13.85218698    0.0060871623
   13.87474061    0.0154755293
   13.89729424    0.0366649280
   13.91984787    0.0809526101
   13.94240150    0.1665656986
   13.96495513    0.3193853423
   13.98750876    0.5707147365
   14.01006238    0.9503813118
   14.03261601    1.4748619941
   14.05516964    2.1329446047
   14.07772327    2.8746333776
   14.10027690    3.6104392912
   14.12283053    4.2258329509
   14.14538416    4.6093458875
   14.16793778    4.6853384526
   14.19049141    4.4383069355
   14.21304504    3.9180357389
   14.23559867    3.2232511684
   14.25815230    2.4711243480
   14.28070593    1.7655082298
   14.30325955    1.1754917577
   14.32581318    0.7293636677
   14.34836681    0.4217386063
   14.37092044    0.2272570092
   14.39347407    0.1141210899
   14.41602770    0.0534058990
   14.43858133    0.0232909522
   14.46113495    0.0094658573
   14.48368858    0.0035851502
   14.50624221    0.0012654048
   14.52879584    0.0004162232
   14.55134947    0.0001275845
   14.57390310    0.0000364455
   14.59645673    0.0000097021
   14.61901035    0.0000024069
   14.64156398    0.0000005565
   14.66411761    0.0000001199
   14.68667124    0.0000000241
   14.70922487    0.0000000045
   14.73177850    0.0000000008
   14.75433212    0.0000000001
   14.77688575    0.0000000000
   14.79943938    0.0000000000
   14.82199301    0.0000000000
   14.84454664    0.0000000000
   14.86710027    0.0000000000
   14.88965390    0.0000000000
   14.91220752    0.0000000000
   14.93476115    0.0000000000
   14.95731478    0.0000000000
   14.97986841    0.0000000000
   15.00242204    0.0000000000
   15.02497567    0.0000000000
   15.04752929    0.0000000000
   15.07008292    0.0000000000
   15.09263655    0.0000000000
   15.11519018    0.0000000000
   15.13774381    0.0000000000
   15.16029744    0.0000000000
   15.18285107    0.0000000000
   15.20540469    0.0000000000
   15.22795832    0.0000000000
   15.25051195    0.0000000000
   15.27306558    0.0000000000
   15.29561921    0.0000000000
   15.31817284    0.0000000000
   15.34072647    0.0000000000
   15.36328009    0.0000000000
   15.38583372    0.0000000000
   15.40838735    0.0000000000
   15.43094098    0.0000000000
   15.45349461    0.0000000000
   15.47604824    0.0000000000
   15.49860186    0.0000000000
   15.52115549    0.0000000000
   15.54370912    0.0000000000
   15.56626275    0.0000000000
   15.58881638    0.0000000000
   15.61137001    0.0000000000
   15.63392364    0.0000000000
   15.65647726    0.0000000000
   15.67903089    0.0000000002
   15.70158452    0.0000000013
   15.72413815    0.0000000073
   15.74669178    0.0000000383
   15.76924541    0.0000001868
   15.79179903    0.0000008500
   15.81435266    0.0000036038
   15.83690629    0.0000142380
   15.85945992    0.0000524226
   15.88201355    0.0001798715
   15.90456718    0.0005751500
   15.92712081    0.0017138563
   15.94967443    0.0047592928
   15.97222806    0.0123164383
   15.99478169    0.0297031522
   16.01733532    0.0667566662
   16.03988895    0.1398174686
   16.06244258    0.2728996165
   16.08499621    0.4963855276
   16.10754983    0.8414145003
   16.13010346    1.3291548141
   16.15265709    1.9566621345
   16.17521072    2.6842984959
   16.19776435    3.4317881550
   16.22031798    4.0886960742
   16.24287160    4.5396658083
   16.26542523    4.6971846424
   16.28797886    4.5292477469
   16.31053249    4.0699513420
   16.33308612    3.4082155427
   16.35563975    2.6597424434
   16.37819338    1.9343132652
   16.40074700    1.3109578609
   16.42330063    0.8279904915
   16.44585426    0.4873451656
   16.46840789    0.2673145945
   16.49096152    0.1366417370
   16.51351515    0.0650906747
   16.53606878    0.0288954105
   16.55862240    0.0119540112
   16.58117603    0.0046086438
   16.60372966    0.0016557979
   16.62628329    0.0005543910
   16.64883692    0.0001729815
   16.67139055    0.0000502988
   16.69394417    0.0000136298
   16.71649780    0.0000034419
   16.73905143    0.0000008100
   16.76160506    0.0000001776
   16.78415869    0.0000000363
   16.80671232    0.0000000069
   16.82926595    0.0000000012
   16.85181957    0.0000000002
   16.87437320    0.0000000000
   16.89692683    0.0000000000
   16.91948046    0.0000000000
   16.94203409    0.0000000000
   16.96458772    0.0000000000
   16.98714134    0.0000000000
   17.00969497    0.0000000000
   17.03224860    0.0000000000
   17.05480223    0.0000000000
   17.07735586    0.0000000000
   17.09990949    0.0000000000
   17.12246312    0.0000000000
   17.14501674    0.0000000000
   17.16757037    0.0000000000
   17.19012400    0.0000000000
   17.21267763    0.0000000000
   17.23523126    0.0000000000
   17.25778489    0.0000000000
   17.28033852    0.0000000000
   17.30289214    0.0000000000
   17.32544577    0.0000000000
   17.34799940    0.0000000000
   17.37055303    0.0000000000
   17.39310666    0.0000000000
   17.41566029    0.0000000000
   17.43821391    0.0000000000
   17.46076754    0.0000000000
   17.48332117    0.0000000000
   17.50587480    0.0000000000
   17.52842843    0.0000000000
   17.55098206    0.0000000000
   17.57353569    0.0000000000
   17.59608931    0.0000000000
   17.61864294    0.0000000000
   17.64119657    0.0000000000
   17.66375020    0.0000000000
   17.68630383    0.0000000000
   17.70885746    0.0000000000
   17.73141108    0.0000000000
   17.75396471    0.0000000000
   17.77651834    0.0000000000
   17.79907197    0.0000000000
   17.82162560    0.0000000000
   17.84417923    0.0000000000
   17.86673286    0.0000000000
   17.88928648    0.0000000000
   17.91184011    0.0000000000
   17.93439374    0.0000000000
   17.95694737    0.0000000000
   17.97950100    0.0000000000
   18.00205463    0.0000000000
   18.02460826    0.0000000000
   18.04716188    0.0000000000
   18.06971551    0.0000000000
   18.09226914    0.0000000000
   18.11482277    0.0000000000
   18.13737640    0.0000000000
   18.15993003    0.0000000000
   18.18248365    0.0000000000
   18.20503728    0.0000000000
   18.22759091    0.0000000000
   18.25014454    0.0000000000
   18.27269817    0.0000000000
   18.29525180    0.0000000000
   18.31780543    0.0000000000
   18.34035905    0.0000000000
   18.36291268    0.0000000000
   18.38546631    0.0000000000
   18.40801994    0.0000000000
   18.43057357    0.0000000000
   18.45312720    0.0000000000
   18.47568083    0.0000000000
   18.49823445    0.0000000000
   18.52078808    0.0000000000
   18.54334171    0.0000000000
   18.56589534    0.0000000000
   18.58844897    0.0000000000
   18.61100260    0.0000000000
   18.63355622    0.0000000000
   18.65610985    0.0000000000
   18.67866348    0.0000000000
   18.70121711    0.0000000000
   18.72377074    0.0000000000
   18.74632437    0.0000000000
   18.76887800    0.0000000000
   18.79143162    0.0000000000
   18.81398525    0.0000000000
   18.83653888    0.0000000000
   18.85909251    0.0000000000
   18.88164614    0.0000000000
   18.90419977    0.0000000000
   18.92675339    0.0000000000
   18.94930702    0.0000000000
   18.97186065    0.0000000000
   18.99441428    0.0000000000
   19.01696791    0.0000000000
   19.03952154    0.0000000000
   19.06207517    0.0000000000
   19.08462879    0.0000000000
   19.10718242    0.0000000000
   19.12973605    0.0000000000
   19.15228968    0.0000000000
   19.17484331    0.0000000000
   19.19739694    0.0000000000
   19.21995057    0.0000000000
   19.24250419    0.0000000000
   19.26505782    0.0000000000
