#  Energy (eV) |  DOS (states/eV)
  -26.51380895    0.0000000000
  -26.49567547    0.0000000000
  -26.47754200    0.0000000000
  -26.45940852    0.0000000000
  -26.44127504    0.0000000000
  -26.42314157    0.0000000000
  -26.40500809    0.0000000000
  -26.38687462    0.0000000000
  -26.36874114    0.0000000000
  -26.35060766    0.0000000000
  -26.33247419    0.0000000000
  -26.31434071    0.0000000000
  -26.29620724    0.0000000000
  -26.27807376    0.0000000000
  -26.25994029    0.0000000000
  -26.24180681    0.0000000000
  -26.22367333    0.0000000000
  -26.20553986    0.0000000000
  -26.18740638    0.0000000000
  -26.16927291    0.0000000000
  -26.15113943    0.0000000000
  -26.13300596    0.0000000000
  -26.11487248    0.0000000000
  -26.09673900    0.0000000000
  -26.07860553    0.0000000000
  -26.06047205    0.0000000000
  -26.04233858    0.0000000000
  -26.02420510    0.0000000000
  -26.00607162    0.0000000000
  -25.98793815    0.0000000000
  -25.96980467    0.0000000000
  -25.95167120    0.0000000000
  -25.93353772    0.0000000000
  -25.91540425    0.0000000000
  -25.89727077    0.0000000000
  -25.87913729    0.0000000000
  -25.86100382    0.0000000000
  -25.84287034    0.0000000000
  -25.82473687    0.0000000000
  -25.80660339    0.0000000000
  -25.78846992    0.0000000000
  -25.77033644    0.0000000000
  -25.75220296    0.0000000000
  -25.73406949    0.0000000000
  -25.71593601    0.0000000000
  -25.69780254    0.0000000000
  -25.67966906    0.0000000000
  -25.66153558    0.0000000000
  -25.64340211    0.0000000000
  -25.62526863    0.0000000000
  -25.60713516    0.0000000000
  -25.58900168    0.0000000000
  -25.57086821    0.0000000000
  -25.55273473    0.0000000000
  -25.53460125    0.0000000000
  -25.51646778    0.0000000000
  -25.49833430    0.0000000000
  -25.48020083    0.0000000000
  -25.46206735    0.0000000000
  -25.44393388    0.0000000000
  -25.42580040    0.0000000000
  -25.40766692    0.0000000000
  -25.38953345    0.0000000000
  -25.37139997    0.0000000000
  -25.35326650    0.0000000000
  -25.33513302    0.0000000000
  -25.31699954    0.0000000000
  -25.29886607    0.0000000000
  -25.28073259    0.0000000000
  -25.26259912    0.0000000000
  -25.24446564    0.0000000000
  -25.22633217    0.0000000000
  -25.20819869    0.0000000000
  -25.19006521    0.0000000000
  -25.17193174    0.0000000000
  -25.15379826    0.0000000000
  -25.13566479    0.0000000000
  -25.11753131    0.0000000000
  -25.09939784    0.0000000000
  -25.08126436    0.0000000000
  -25.06313088    0.0000000000
  -25.04499741    0.0000000000
  -25.02686393    0.0000000000
  -25.00873046    0.0000000000
  -24.99059698    0.0000000000
  -24.97246350    0.0000000000
  -24.95433003    0.0000000000
  -24.93619655    0.0000000000
  -24.91806308    0.0000000000
  -24.89992960    0.0000000000
  -24.88179613    0.0000000000
  -24.86366265    0.0000000000
  -24.84552917    0.0000000000
  -24.82739570    0.0000000000
  -24.80926222    0.0000000000
  -24.79112875    0.0000000000
  -24.77299527    0.0000000000
  -24.75486180    0.0000000000
  -24.73672832    0.0000000000
  -24.71859484    0.0000000000
  -24.70046137    0.0000000000
  -24.68232789    0.0000000000
  -24.66419442    0.0000000000
  -24.64606094    0.0000000000
  -24.62792746    0.0000000000
  -24.60979399    0.0000000000
  -24.59166051    0.0000000000
  -24.57352704    0.0000000000
  -24.55539356    0.0000000000
  -24.53726009    0.0000000000
  -24.51912661    0.0000000000
  -24.50099313    0.0000000000
  -24.48285966    0.0000000000
  -24.46472618    0.0000000000
  -24.44659271    0.0000000000
  -24.42845923    0.0000000000
  -24.41032576    0.0000000000
  -24.39219228    0.0000000000
  -24.37405880    0.0000000000
  -24.35592533    0.0000000000
  -24.33779185    0.0000000000
  -24.31965838    0.0000000000
  -24.30152490    0.0000000000
  -24.28339142    0.0000000000
  -24.26525795    0.0000000000
  -24.24712447    0.0000000000
  -24.22899100    0.0000000000
  -24.21085752    0.0000000000
  -24.19272405    0.0000000000
  -24.17459057    0.0000000000
  -24.15645709    0.0000000000
  -24.13832362    0.0000000000
  -24.12019014    0.0000000000
  -24.10205667    0.0000000002
  -24.08392319    0.0000000008
  -24.06578972    0.0000000032
  -24.04765624    0.0000000124
  -24.02952276    0.0000000463
  -24.01138929    0.0000001654
  -23.99325581    0.0000005649
  -23.97512234    0.0000018429
  -23.95698886    0.0000057445
  -23.93885539    0.0000171081
  -23.92072191    0.0000486803
  -23.90258843    0.0001323448
  -23.88445496    0.0003437665
  -23.86632148    0.0008531445
  -23.84818801    0.0020229458
  -23.83005453    0.0045829847
  -23.81192105    0.0099200783
  -23.79378758    0.0205156049
  -23.77565410    0.0405374181
  -23.75752063    0.0765297636
  -23.73938715    0.1380407116
  -23.72125368    0.2378956702
  -23.70312020    0.3917133891
  -23.68498672    0.6162441725
  -23.66685325    0.9262746206
  -23.64871977    1.3302376468
  -23.63058630    1.8252452829
  -23.61245282    2.3928515997
  -23.59431935    2.9971800022
  -23.57618587    3.5868434131
  -23.55805239    4.1012339074
  -23.53991892    4.4804247890
  -23.52178544    4.6765585270
  -23.50365197    4.6637588566
  -23.48551849    4.4437368209
  -23.46738501    4.0454152168
  -23.44925154    3.5186851470
  -23.43111806    2.9241540087
  -23.41298459    2.3217882395
  -23.39485111    1.7613574565
  -23.37671764    1.2766590490
  -23.35858416    0.8841071114
  -23.34045068    0.5849750864
  -23.32231721    0.3698046664
  -23.30418373    0.2233623315
  -23.28605026    0.1288991376
  -23.26791678    0.0710710317
  -23.24978331    0.0374401653
  -23.23164983    0.0188445351
  -23.21351635    0.0090622414
  -23.19538288    0.0041637856
  -23.17724940    0.0018278629
  -23.15911593    0.0007666575
  -23.14098245    0.0003072287
  -23.12284897    0.0001176318
  -23.10471550    0.0000430318
  -23.08658202    0.0000150403
  -23.06844855    0.0000050226
  -23.05031507    0.0000016025
  -23.03218160    0.0000004885
  -23.01404812    0.0000001423
  -22.99591464    0.0000000396
  -22.97778117    0.0000000105
  -22.95964769    0.0000000027
  -22.94151422    0.0000000006
  -22.92338074    0.0000000002
  -22.90524727    0.0000000000
  -22.88711379    0.0000000000
  -22.86898031    0.0000000000
  -22.85084684    0.0000000000
  -22.83271336    0.0000000000
  -22.81457989    0.0000000000
  -22.79644641    0.0000000000
  -22.77831293    0.0000000000
  -22.76017946    0.0000000000
  -22.74204598    0.0000000000
  -22.72391251    0.0000000000
  -22.70577903    0.0000000000
  -22.68764556    0.0000000000
  -22.66951208    0.0000000000
  -22.65137860    0.0000000000
  -22.63324513    0.0000000000
  -22.61511165    0.0000000000
  -22.59697818    0.0000000000
  -22.57884470    0.0000000000
  -22.56071123    0.0000000000
  -22.54257775    0.0000000000
  -22.52444427    0.0000000000
  -22.50631080    0.0000000000
  -22.48817732    0.0000000000
  -22.47004385    0.0000000000
  -22.45191037    0.0000000000
  -22.43377689    0.0000000000
  -22.41564342    0.0000000000
  -22.39750994    0.0000000000
  -22.37937647    0.0000000000
  -22.36124299    0.0000000000
  -22.34310952    0.0000000000
  -22.32497604    0.0000000000
  -22.30684256    0.0000000000
  -22.28870909    0.0000000000
  -22.27057561    0.0000000000
  -22.25244214    0.0000000000
  -22.23430866    0.0000000000
  -22.21617519    0.0000000000
  -22.19804171    0.0000000000
  -22.17990823    0.0000000000
  -22.16177476    0.0000000000
  -22.14364128    0.0000000000
  -22.12550781    0.0000000000
  -22.10737433    0.0000000000
  -22.08924085    0.0000000000
  -22.07110738    0.0000000000
  -22.05297390    0.0000000000
  -22.03484043    0.0000000000
  -22.01670695    0.0000000000
  -21.99857348    0.0000000000
  -21.98044000    0.0000000000
  -21.96230652    0.0000000000
  -21.94417305    0.0000000000
  -21.92603957    0.0000000000
  -21.90790610    0.0000000000
  -21.88977262    0.0000000000
  -21.87163915    0.0000000000
  -21.85350567    0.0000000000
  -21.83537219    0.0000000000
  -21.81723872    0.0000000000
  -21.79910524    0.0000000000
  -21.78097177    0.0000000000
  -21.76283829    0.0000000000
  -21.74470482    0.0000000000
  -21.72657134    0.0000000000
  -21.70843786    0.0000000000
  -21.69030439    0.0000000000
  -21.67217091    0.0000000000
  -21.65403744    0.0000000000
  -21.63590396    0.0000000000
  -21.61777048    0.0000000000
  -21.59963701    0.0000000000
  -21.58150353    0.0000000000
  -21.56337006    0.0000000000
  -21.54523658    0.0000000000
  -21.52710311    0.0000000000
  -21.50896963    0.0000000000
  -21.49083615    0.0000000000
  -21.47270268    0.0000000000
  -21.45456920    0.0000000000
  -21.43643573    0.0000000000
  -21.41830225    0.0000000000
  -21.40016878    0.0000000000
  -21.38203530    0.0000000000
  -21.36390182    0.0000000000
  -21.34576835    0.0000000000
  -21.32763487    0.0000000000
  -21.30950140    0.0000000000
  -21.29136792    0.0000000000
  -21.27323444    0.0000000000
  -21.25510097    0.0000000000
  -21.23696749    0.0000000000
  -21.21883402    0.0000000000
  -21.20070054    0.0000000000
  -21.18256707    0.0000000000
  -21.16443359    0.0000000000
  -21.14630011    0.0000000000
  -21.12816664    0.0000000000
  -21.11003316    0.0000000000
  -21.09189969    0.0000000000
  -21.07376621    0.0000000000
  -21.05563274    0.0000000000
  -21.03749926    0.0000000000
  -21.01936578    0.0000000000
  -21.00123231    0.0000000000
  -20.98309883    0.0000000000
  -20.96496536    0.0000000000
  -20.94683188    0.0000000000
  -20.92869840    0.0000000000
  -20.91056493    0.0000000000
  -20.89243145    0.0000000000
  -20.87429798    0.0000000000
  -20.85616450    0.0000000000
  -20.83803103    0.0000000000
  -20.81989755    0.0000000000
  -20.80176407    0.0000000000
  -20.78363060    0.0000000000
  -20.76549712    0.0000000000
  -20.74736365    0.0000000000
  -20.72923017    0.0000000000
  -20.71109670    0.0000000000
  -20.69296322    0.0000000000
  -20.67482974    0.0000000000
  -20.65669627    0.0000000000
  -20.63856279    0.0000000000
  -20.62042932    0.0000000000
  -20.60229584    0.0000000000
  -20.58416236    0.0000000000
  -20.56602889    0.0000000000
  -20.54789541    0.0000000000
  -20.52976194    0.0000000000
  -20.51162846    0.0000000000
  -20.49349499    0.0000000000
  -20.47536151    0.0000000000
  -20.45722803    0.0000000000
  -20.43909456    0.0000000000
  -20.42096108    0.0000000000
  -20.40282761    0.0000000000
  -20.38469413    0.0000000000
  -20.36656066    0.0000000000
  -20.34842718    0.0000000000
  -20.33029370    0.0000000000
  -20.31216023    0.0000000000
  -20.29402675    0.0000000000
  -20.27589328    0.0000000000
  -20.25775980    0.0000000000
  -20.23962632    0.0000000000
  -20.22149285    0.0000000000
  -20.20335937    0.0000000000
  -20.18522590    0.0000000000
  -20.16709242    0.0000000000
  -20.14895895    0.0000000000
  -20.13082547    0.0000000000
  -20.11269199    0.0000000000
  -20.09455852    0.0000000000
  -20.07642504    0.0000000000
  -20.05829157    0.0000000000
  -20.04015809    0.0000000000
  -20.02202462    0.0000000000
  -20.00389114    0.0000000000
  -19.98575766    0.0000000000
  -19.96762419    0.0000000000
  -19.94949071    0.0000000000
  -19.93135724    0.0000000000
  -19.91322376    0.0000000000
  -19.89509028    0.0000000000
  -19.87695681    0.0000000000
  -19.85882333    0.0000000000
  -19.84068986    0.0000000000
  -19.82255638    0.0000000000
  -19.80442291    0.0000000000
  -19.78628943    0.0000000000
  -19.76815595    0.0000000000
  -19.75002248    0.0000000000
  -19.73188900    0.0000000000
  -19.71375553    0.0000000000
  -19.69562205    0.0000000000
  -19.67748858    0.0000000000
  -19.65935510    0.0000000000
  -19.64122162    0.0000000000
  -19.62308815    0.0000000000
  -19.60495467    0.0000000000
  -19.58682120    0.0000000000
  -19.56868772    0.0000000000
  -19.55055424    0.0000000000
  -19.53242077    0.0000000000
  -19.51428729    0.0000000000
  -19.49615382    0.0000000000
  -19.47802034    0.0000000000
  -19.45988687    0.0000000000
  -19.44175339    0.0000000000
  -19.42361991    0.0000000000
  -19.40548644    0.0000000000
  -19.38735296    0.0000000000
  -19.36921949    0.0000000000
  -19.35108601    0.0000000000
  -19.33295254    0.0000000000
  -19.31481906    0.0000000000
  -19.29668558    0.0000000000
  -19.27855211    0.0000000000
  -19.26041863    0.0000000000
  -19.24228516    0.0000000000
  -19.22415168    0.0000000000
  -19.20601821    0.0000000000
  -19.18788473    0.0000000000
  -19.16975125    0.0000000000
  -19.15161778    0.0000000000
  -19.13348430    0.0000000000
  -19.11535083    0.0000000000
  -19.09721735    0.0000000000
  -19.07908387    0.0000000000
  -19.06095040    0.0000000000
  -19.04281692    0.0000000000
  -19.02468345    0.0000000000
  -19.00654997    0.0000000000
  -18.98841650    0.0000000000
  -18.97028302    0.0000000000
  -18.95214954    0.0000000000
  -18.93401607    0.0000000000
  -18.91588259    0.0000000000
  -18.89774912    0.0000000000
  -18.87961564    0.0000000000
  -18.86148217    0.0000000000
  -18.84334869    0.0000000000
  -18.82521521    0.0000000000
  -18.80708174    0.0000000000
  -18.78894826    0.0000000000
  -18.77081479    0.0000000000
  -18.75268131    0.0000000000
  -18.73454783    0.0000000000
  -18.71641436    0.0000000000
  -18.69828088    0.0000000000
  -18.68014741    0.0000000000
  -18.66201393    0.0000000000
  -18.64388046    0.0000000000
  -18.62574698    0.0000000000
  -18.60761350    0.0000000000
  -18.58948003    0.0000000000
  -18.57134655    0.0000000000
  -18.55321308    0.0000000000
  -18.53507960    0.0000000000
  -18.51694613    0.0000000000
  -18.49881265    0.0000000000
  -18.48067917    0.0000000000
  -18.46254570    0.0000000000
  -18.44441222    0.0000000000
  -18.42627875    0.0000000000
  -18.40814527    0.0000000000
  -18.39001179    0.0000000000
  -18.37187832    0.0000000000
  -18.35374484    0.0000000000
  -18.33561137    0.0000000000
  -18.31747789    0.0000000000
  -18.29934442    0.0000000000
  -18.28121094    0.0000000000
  -18.26307746    0.0000000000
  -18.24494399    0.0000000000
  -18.22681051    0.0000000000
  -18.20867704    0.0000000000
  -18.19054356    0.0000000000
  -18.17241009    0.0000000000
  -18.15427661    0.0000000000
  -18.13614313    0.0000000000
  -18.11800966    0.0000000000
  -18.09987618    0.0000000000
  -18.08174271    0.0000000000
  -18.06360923    0.0000000000
  -18.04547575    0.0000000000
  -18.02734228    0.0000000000
  -18.00920880    0.0000000000
  -17.99107533    0.0000000000
  -17.97294185    0.0000000000
  -17.95480838    0.0000000000
  -17.93667490    0.0000000000
  -17.91854142    0.0000000000
  -17.90040795    0.0000000000
  -17.88227447    0.0000000000
  -17.86414100    0.0000000000
  -17.84600752    0.0000000000
  -17.82787405    0.0000000000
  -17.80974057    0.0000000000
  -17.79160709    0.0000000000
  -17.77347362    0.0000000000
  -17.75534014    0.0000000000
  -17.73720667    0.0000000000
  -17.71907319    0.0000000000
  -17.70093971    0.0000000000
  -17.68280624    0.0000000000
  -17.66467276    0.0000000000
  -17.64653929    0.0000000000
  -17.62840581    0.0000000000
  -17.61027234    0.0000000000
  -17.59213886    0.0000000000
  -17.57400538    0.0000000000
  -17.55587191    0.0000000000
  -17.53773843    0.0000000000
  -17.51960496    0.0000000000
  -17.50147148    0.0000000000
  -17.48333801    0.0000000000
  -17.46520453    0.0000000000
  -17.44707105    0.0000000000
  -17.42893758    0.0000000000
  -17.41080410    0.0000000000
  -17.39267063    0.0000000000
  -17.37453715    0.0000000000
  -17.35640367    0.0000000000
  -17.33827020    0.0000000000
  -17.32013672    0.0000000000
  -17.30200325    0.0000000000
  -17.28386977    0.0000000000
  -17.26573630    0.0000000000
  -17.24760282    0.0000000000
  -17.22946934    0.0000000000
  -17.21133587    0.0000000000
  -17.19320239    0.0000000000
  -17.17506892    0.0000000000
  -17.15693544    0.0000000000
  -17.13880197    0.0000000000
  -17.12066849    0.0000000000
  -17.10253501    0.0000000000
  -17.08440154    0.0000000000
  -17.06626806    0.0000000000
  -17.04813459    0.0000000000
  -17.03000111    0.0000000000
  -17.01186764    0.0000000000
  -16.99373416    0.0000000000
  -16.97560068    0.0000000000
  -16.95746721    0.0000000000
  -16.93933373    0.0000000000
  -16.92120026    0.0000000000
  -16.90306678    0.0000000000
  -16.88493330    0.0000000000
  -16.86679983    0.0000000000
  -16.84866635    0.0000000000
  -16.83053288    0.0000000000
  -16.81239940    0.0000000000
  -16.79426593    0.0000000000
  -16.77613245    0.0000000000
  -16.75799897    0.0000000000
  -16.73986550    0.0000000000
  -16.72173202    0.0000000000
  -16.70359855    0.0000000000
  -16.68546507    0.0000000000
  -16.66733160    0.0000000000
  -16.64919812    0.0000000000
  -16.63106464    0.0000000000
  -16.61293117    0.0000000000
  -16.59479769    0.0000000000
  -16.57666422    0.0000000000
  -16.55853074    0.0000000000
  -16.54039726    0.0000000000
  -16.52226379    0.0000000000
  -16.50413031    0.0000000000
  -16.48599684    0.0000000000
  -16.46786336    0.0000000000
  -16.44972989    0.0000000000
  -16.43159641    0.0000000000
  -16.41346293    0.0000000000
  -16.39532946    0.0000000000
  -16.37719598    0.0000000000
  -16.35906251    0.0000000000
  -16.34092903    0.0000000000
  -16.32279556    0.0000000000
  -16.30466208    0.0000000000
  -16.28652860    0.0000000000
  -16.26839513    0.0000000000
  -16.25026165    0.0000000000
  -16.23212818    0.0000000000
  -16.21399470    0.0000000000
  -16.19586122    0.0000000000
  -16.17772775    0.0000000000
  -16.15959427    0.0000000000
  -16.14146080    0.0000000000
  -16.12332732    0.0000000000
  -16.10519385    0.0000000000
  -16.08706037    0.0000000000
  -16.06892689    0.0000000000
  -16.05079342    0.0000000000
  -16.03265994    0.0000000000
  -16.01452647    0.0000000000
  -15.99639299    0.0000000000
  -15.97825952    0.0000000000
  -15.96012604    0.0000000000
  -15.94199256    0.0000000000
  -15.92385909    0.0000000000
  -15.90572561    0.0000000000
  -15.88759214    0.0000000000
  -15.86945866    0.0000000000
  -15.85132518    0.0000000000
  -15.83319171    0.0000000000
  -15.81505823    0.0000000000
  -15.79692476    0.0000000000
  -15.77879128    0.0000000000
  -15.76065781    0.0000000000
  -15.74252433    0.0000000000
  -15.72439085    0.0000000000
  -15.70625738    0.0000000000
  -15.68812390    0.0000000000
  -15.66999043    0.0000000000
  -15.65185695    0.0000000000
  -15.63372348    0.0000000000
  -15.61559000    0.0000000000
  -15.59745652    0.0000000000
  -15.57932305    0.0000000000
  -15.56118957    0.0000000000
  -15.54305610    0.0000000000
  -15.52492262    0.0000000000
  -15.50678914    0.0000000000
  -15.48865567    0.0000000000
  -15.47052219    0.0000000000
  -15.45238872    0.0000000000
  -15.43425524    0.0000000000
  -15.41612177    0.0000000000
  -15.39798829    0.0000000000
  -15.37985481    0.0000000000
  -15.36172134    0.0000000000
  -15.34358786    0.0000000000
  -15.32545439    0.0000000000
  -15.30732091    0.0000000000
  -15.28918744    0.0000000000
  -15.27105396    0.0000000000
  -15.25292048    0.0000000000
  -15.23478701    0.0000000000
  -15.21665353    0.0000000000
  -15.19852006    0.0000000000
  -15.18038658    0.0000000000
  -15.16225310    0.0000000000
  -15.14411963    0.0000000000
  -15.12598615    0.0000000000
  -15.10785268    0.0000000000
  -15.08971920    0.0000000000
  -15.07158573    0.0000000000
  -15.05345225    0.0000000000
  -15.03531877    0.0000000000
  -15.01718530    0.0000000000
  -14.99905182    0.0000000000
  -14.98091835    0.0000000000
  -14.96278487    0.0000000000
  -14.94465140    0.0000000000
  -14.92651792    0.0000000000
  -14.90838444    0.0000000000
  -14.89025097    0.0000000000
  -14.87211749    0.0000000000
  -14.85398402    0.0000000000
  -14.83585054    0.0000000000
  -14.81771706    0.0000000000
  -14.79958359    0.0000000000
  -14.78145011    0.0000000000
  -14.76331664    0.0000000000
  -14.74518316    0.0000000000
  -14.72704969    0.0000000000
  -14.70891621    0.0000000000
  -14.69078273    0.0000000000
  -14.67264926    0.0000000000
  -14.65451578    0.0000000000
  -14.63638231    0.0000000000
  -14.61824883    0.0000000000
  -14.60011536    0.0000000000
  -14.58198188    0.0000000000
  -14.56384840    0.0000000000
  -14.54571493    0.0000000000
  -14.52758145    0.0000000000
  -14.50944798    0.0000000000
  -14.49131450    0.0000000000
  -14.47318103    0.0000000000
  -14.45504755    0.0000000000
  -14.43691407    0.0000000000
  -14.41878060    0.0000000000
  -14.40064712    0.0000000000
  -14.38251365    0.0000000000
  -14.36438017    0.0000000000
  -14.34624669    0.0000000000
  -14.32811322    0.0000000000
  -14.30997974    0.0000000000
  -14.29184627    0.0000000000
  -14.27371279    0.0000000000
  -14.25557932    0.0000000000
  -14.23744584    0.0000000000
  -14.21931236    0.0000000000
  -14.20117889    0.0000000000
  -14.18304541    0.0000000000
  -14.16491194    0.0000000000
  -14.14677846    0.0000000000
  -14.12864499    0.0000000000
  -14.11051151    0.0000000000
  -14.09237803    0.0000000000
  -14.07424456    0.0000000000
  -14.05611108    0.0000000000
  -14.03797761    0.0000000000
  -14.01984413    0.0000000000
  -14.00171065    0.0000000000
  -13.98357718    0.0000000000
  -13.96544370    0.0000000000
  -13.94731023    0.0000000000
  -13.92917675    0.0000000000
  -13.91104328    0.0000000000
  -13.89290980    0.0000000000
  -13.87477632    0.0000000000
  -13.85664285    0.0000000000
  -13.83850937    0.0000000000
  -13.82037590    0.0000000000
  -13.80224242    0.0000000000
  -13.78410895    0.0000000000
  -13.76597547    0.0000000000
  -13.74784199    0.0000000000
  -13.72970852    0.0000000000
  -13.71157504    0.0000000000
  -13.69344157    0.0000000000
  -13.67530809    0.0000000000
  -13.65717461    0.0000000000
  -13.63904114    0.0000000000
  -13.62090766    0.0000000000
  -13.60277419    0.0000000000
  -13.58464071    0.0000000000
  -13.56650724    0.0000000000
  -13.54837376    0.0000000000
  -13.53024028    0.0000000000
  -13.51210681    0.0000000000
  -13.49397333    0.0000000000
  -13.47583986    0.0000000000
  -13.45770638    0.0000000000
  -13.43957291    0.0000000000
  -13.42143943    0.0000000000
  -13.40330595    0.0000000000
  -13.38517248    0.0000000000
  -13.36703900    0.0000000000
  -13.34890553    0.0000000000
  -13.33077205    0.0000000000
  -13.31263857    0.0000000000
  -13.29450510    0.0000000000
  -13.27637162    0.0000000000
  -13.25823815    0.0000000000
  -13.24010467    0.0000000000
  -13.22197120    0.0000000000
  -13.20383772    0.0000000000
  -13.18570424    0.0000000000
  -13.16757077    0.0000000000
  -13.14943729    0.0000000000
  -13.13130382    0.0000000000
  -13.11317034    0.0000000000
  -13.09503687    0.0000000000
  -13.07690339    0.0000000000
  -13.05876991    0.0000000000
  -13.04063644    0.0000000000
  -13.02250296    0.0000000000
  -13.00436949    0.0000000000
  -12.98623601    0.0000000000
  -12.96810253    0.0000000000
  -12.94996906    0.0000000000
  -12.93183558    0.0000000000
  -12.91370211    0.0000000000
  -12.89556863    0.0000000000
  -12.87743516    0.0000000000
  -12.85930168    0.0000000000
  -12.84116820    0.0000000000
  -12.82303473    0.0000000000
  -12.80490125    0.0000000000
  -12.78676778    0.0000000000
  -12.76863430    0.0000000000
  -12.75050083    0.0000000000
  -12.73236735    0.0000000000
  -12.71423387    0.0000000000
  -12.69610040    0.0000000000
  -12.67796692    0.0000000000
  -12.65983345    0.0000000000
  -12.64169997    0.0000000000
  -12.62356649    0.0000000000
  -12.60543302    0.0000000000
  -12.58729954    0.0000000000
  -12.56916607    0.0000000000
  -12.55103259    0.0000000000
  -12.53289912    0.0000000000
  -12.51476564    0.0000000000
  -12.49663216    0.0000000000
  -12.47849869    0.0000000000
  -12.46036521    0.0000000000
  -12.44223174    0.0000000000
  -12.42409826    0.0000000000
  -12.40596479    0.0000000000
  -12.38783131    0.0000000000
  -12.36969783    0.0000000000
  -12.35156436    0.0000000000
  -12.33343088    0.0000000000
  -12.31529741    0.0000000000
  -12.29716393    0.0000000000
  -12.27903046    0.0000000000
  -12.26089698    0.0000000000
  -12.24276350    0.0000000000
  -12.22463003    0.0000000000
  -12.20649655    0.0000000000
  -12.18836308    0.0000000000
  -12.17022960    0.0000000000
  -12.15209612    0.0000000000
  -12.13396265    0.0000000000
  -12.11582917    0.0000000000
  -12.09769570    0.0000000000
  -12.07956222    0.0000000000
  -12.06142875    0.0000000000
  -12.04329527    0.0000000000
  -12.02516179    0.0000000000
  -12.00702832    0.0000000000
  -11.98889484    0.0000000000
  -11.97076137    0.0000000000
  -11.95262789    0.0000000000
  -11.93449442    0.0000000000
  -11.91636094    0.0000000000
  -11.89822746    0.0000000000
  -11.88009399    0.0000000000
  -11.86196051    0.0000000000
  -11.84382704    0.0000000000
  -11.82569356    0.0000000000
  -11.80756008    0.0000000000
  -11.78942661    0.0000000000
  -11.77129313    0.0000000000
  -11.75315966    0.0000000000
  -11.73502618    0.0000000000
  -11.71689271    0.0000000000
  -11.69875923    0.0000000000
  -11.68062575    0.0000000000
  -11.66249228    0.0000000000
  -11.64435880    0.0000000000
  -11.62622533    0.0000000000
  -11.60809185    0.0000000000
  -11.58995838    0.0000000000
  -11.57182490    0.0000000000
  -11.55369142    0.0000000000
  -11.53555795    0.0000000000
  -11.51742447    0.0000000000
  -11.49929100    0.0000000000
  -11.48115752    0.0000000000
  -11.46302404    0.0000000000
  -11.44489057    0.0000000000
  -11.42675709    0.0000000000
  -11.40862362    0.0000000000
  -11.39049014    0.0000000000
  -11.37235667    0.0000000000
  -11.35422319    0.0000000000
  -11.33608971    0.0000000000
  -11.31795624    0.0000000000
  -11.29982276    0.0000000000
  -11.28168929    0.0000000000
  -11.26355581    0.0000000000
  -11.24542234    0.0000000000
  -11.22728886    0.0000000000
  -11.20915538    0.0000000000
  -11.19102191    0.0000000000
  -11.17288843    0.0000000000
  -11.15475496    0.0000000000
  -11.13662148    0.0000000000
  -11.11848800    0.0000000000
  -11.10035453    0.0000000000
  -11.08222105    0.0000000000
  -11.06408758    0.0000000000
  -11.04595410    0.0000000000
  -11.02782063    0.0000000000
  -11.00968715    0.0000000000
  -10.99155367    0.0000000000
  -10.97342020    0.0000000000
  -10.95528672    0.0000000000
  -10.93715325    0.0000000000
  -10.91901977    0.0000000000
  -10.90088630    0.0000000000
  -10.88275282    0.0000000000
  -10.86461934    0.0000000000
  -10.84648587    0.0000000000
  -10.82835239    0.0000000000
  -10.81021892    0.0000000000
  -10.79208544    0.0000000000
  -10.77395196    0.0000000000
  -10.75581849    0.0000000000
  -10.73768501    0.0000000000
  -10.71955154    0.0000000000
  -10.70141806    0.0000000000
  -10.68328459    0.0000000000
  -10.66515111    0.0000000000
  -10.64701763    0.0000000000
  -10.62888416    0.0000000000
  -10.61075068    0.0000000000
  -10.59261721    0.0000000001
  -10.57448373    0.0000000003
  -10.55635026    0.0000000011
  -10.53821678    0.0000000044
  -10.52008330    0.0000000172
  -10.50194983    0.0000000635
  -10.48381635    0.0000002244
  -10.46568288    0.0000007576
  -10.44754940    0.0000024443
  -10.42941592    0.0000075344
  -10.41128245    0.0000221898
  -10.39314897    0.0000624398
  -10.37501550    0.0001678694
  -10.35688202    0.0004312052
  -10.33874855    0.0010582761
  -10.32061507    0.0024815128
  -10.30248159    0.0055595106
  -10.28434812    0.0119003338
  -10.26621464    0.0243379645
  -10.24808117    0.0475567200
  -10.22994769    0.0887855040
  -10.21181422    0.1583706742
  -10.19368074    0.2699044202
  -10.17554726    0.4394887465
  -10.15741379    0.6837353774
  -10.13928031    1.0163209412
  -10.12114684    1.4433651911
  -10.10301336    1.9585024130
  -10.08487988    2.5390691274
  -10.06674641    3.1450493844
  -10.04861293    3.7220563511
  -10.03047946    4.2086319620
  -10.01234598    4.5467542829
   -9.99421251    4.6931512461
   -9.97607903    4.6283921328
   -9.95794555    4.3611223753
   -9.93981208    3.9261684644
   -9.92167860    3.3770859801
   -9.90354513    2.7753504843
   -9.88541165    2.1791949503
   -9.86727818    1.6348460506
   -9.84914470    1.1718180179
   -9.83101122    0.8025017919
   -9.81287775    0.5250907654
   -9.79474427    0.3282655295
   -9.77661080    0.1960734142
   -9.75847732    0.1118960284
   -9.74034385    0.0610117053
   -9.72221037    0.0317844123
   -9.70407689    0.0158204101
   -9.68594342    0.0075235675
   -9.66780994    0.0034184752
   -9.64967647    0.0014840331
   -9.63154299    0.0006155414
   -9.61340951    0.0002439346
   -9.59527604    0.0000923618
   -9.57714256    0.0000334128
   -9.55900909    0.0000115488
   -9.54087561    0.0000038138
   -9.52274214    0.0000012034
   -9.50460866    0.0000003628
   -9.48647518    0.0000001045
   -9.46834171    0.0000000288
   -9.45020823    0.0000000076
   -9.43207476    0.0000000019
   -9.41394128    0.0000000005
   -9.39580781    0.0000000001
   -9.37767433    0.0000000000
   -9.35954085    0.0000000000
   -9.34140738    0.0000000000
   -9.32327390    0.0000000000
   -9.30514043    0.0000000000
   -9.28700695    0.0000000000
   -9.26887347    0.0000000000
   -9.25074000    0.0000000000
   -9.23260652    0.0000000000
   -9.21447305    0.0000000000
   -9.19633957    0.0000000000
   -9.17820610    0.0000000000
   -9.16007262    0.0000000000
   -9.14193914    0.0000000000
   -9.12380567    0.0000000000
   -9.10567219    0.0000000000
   -9.08753872    0.0000000000
   -9.06940524    0.0000000000
   -9.05127177    0.0000000000
   -9.03313829    0.0000000000
   -9.01500481    0.0000000000
   -8.99687134    0.0000000000
   -8.97873786    0.0000000000
   -8.96060439    0.0000000000
   -8.94247091    0.0000000000
   -8.92433743    0.0000000000
   -8.90620396    0.0000000000
   -8.88807048    0.0000000000
   -8.86993701    0.0000000000
   -8.85180353    0.0000000000
   -8.83367006    0.0000000000
   -8.81553658    0.0000000000
   -8.79740310    0.0000000000
   -8.77926963    0.0000000000
   -8.76113615    0.0000000000
   -8.74300268    0.0000000000
   -8.72486920    0.0000000000
   -8.70673573    0.0000000000
   -8.68860225    0.0000000000
   -8.67046877    0.0000000000
   -8.65233530    0.0000000000
   -8.63420182    0.0000000000
   -8.61606835    0.0000000000
   -8.59793487    0.0000000000
   -8.57980139    0.0000000000
   -8.56166792    0.0000000000
   -8.54353444    0.0000000000
   -8.52540097    0.0000000000
   -8.50726749    0.0000000000
   -8.48913402    0.0000000000
   -8.47100054    0.0000000000
   -8.45286706    0.0000000000
   -8.43473359    0.0000000000
   -8.41660011    0.0000000000
   -8.39846664    0.0000000000
   -8.38033316    0.0000000000
   -8.36219969    0.0000000000
   -8.34406621    0.0000000000
   -8.32593273    0.0000000000
   -8.30779926    0.0000000000
   -8.28966578    0.0000000000
   -8.27153231    0.0000000000
   -8.25339883    0.0000000000
   -8.23526535    0.0000000000
   -8.21713188    0.0000000000
   -8.19899840    0.0000000000
   -8.18086493    0.0000000000
   -8.16273145    0.0000000000
   -8.14459798    0.0000000000
   -8.12646450    0.0000000000
   -8.10833102    0.0000000000
   -8.09019755    0.0000000000
   -8.07206407    0.0000000000
   -8.05393060    0.0000000000
   -8.03579712    0.0000000000
   -8.01766365    0.0000000000
   -7.99953017    0.0000000000
   -7.98139669    0.0000000000
   -7.96326322    0.0000000000
   -7.94512974    0.0000000000
   -7.92699627    0.0000000000
   -7.90886279    0.0000000000
   -7.89072931    0.0000000000
   -7.87259584    0.0000000000
   -7.85446236    0.0000000000
   -7.83632889    0.0000000000
   -7.81819541    0.0000000000
   -7.80006194    0.0000000000
   -7.78192846    0.0000000000
   -7.76379498    0.0000000000
   -7.74566151    0.0000000000
   -7.72752803    0.0000000000
   -7.70939456    0.0000000000
   -7.69126108    0.0000000000
   -7.67312761    0.0000000000
   -7.65499413    0.0000000000
   -7.63686065    0.0000000000
   -7.61872718    0.0000000000
   -7.60059370    0.0000000000
   -7.58246023    0.0000000000
   -7.56432675    0.0000000000
   -7.54619328    0.0000000000
   -7.52805980    0.0000000000
   -7.50992632    0.0000000001
   -7.49179285    0.0000000005
   -7.47365937    0.0000000019
   -7.45552590    0.0000000078
   -7.43739242    0.0000000295
   -7.41925894    0.0000001070
   -7.40112547    0.0000003712
   -7.38299199    0.0000012301
   -7.36485852    0.0000038954
   -7.34672504    0.0000117858
   -7.32859157    0.0000340694
   -7.31045809    0.0000940962
   -7.29232461    0.0002483035
   -7.27419114    0.0006260310
   -7.25605766    0.0015080351
   -7.23792419    0.0034708000
   -7.21979071    0.0076322090
   -7.20165724    0.0160351656
   -7.18352376    0.0321883842
   -7.16539028    0.0617344287
   -7.14725681    0.1131249032
   -7.12912333    0.1980576117
   -7.11098986    0.3313045388
   -7.09285638    0.5294997554
   -7.07472290    0.8085496108
   -7.05658943    1.1796416866
   -7.03845595    1.6443568838
   -7.02032248    2.1900023481
   -7.00218900    2.7867346051
   -6.98405553    3.3880450089
   -6.96592205    3.9355484385
   -6.94778857    4.3678114589
   -6.92965510    4.6315359033
   -6.91152162    4.6923318336
   -6.89338815    4.5420815723
   -6.87525467    4.2007193993
   -6.85712120    3.7118887008
   -6.83898772    3.1337817658
   -6.82085424    2.5278138164
   -6.80272077    1.9481569747
   -6.78458729    1.4345158213
   -6.76645382    1.0092279455
   -6.74832034    0.6783841981
   -6.73018686    0.4356770758
   -6.71205339    0.2673352489
   -6.69391991    0.1567293283
   -6.67578644    0.0877903639
   -6.65765296    0.0469835639
   -6.63951949    0.0240241259
   -6.62138601    0.0117368556
   -6.60325253    0.0054784596
   -6.58511906    0.0024432488
   -6.56698558    0.0010410688
   -6.54885211    0.0004238320
   -6.53071863    0.0001648582
   -6.51258516    0.0000612675
   -6.49445168    0.0000217546
   -6.47631820    0.0000073803
   -6.45818473    0.0000023922
   -6.44005125    0.0000007409
   -6.42191778    0.0000002192
   -6.40378430    0.0000000620
   -6.38565082    0.0000000167
   -6.36751735    0.0000000043
   -6.34938387    0.0000000011
   -6.33125040    0.0000000003
   -6.31311692    0.0000000001
   -6.29498345    0.0000000000
   -6.27684997    0.0000000000
   -6.25871649    0.0000000000
   -6.24058302    0.0000000000
   -6.22244954    0.0000000000
   -6.20431607    0.0000000000
   -6.18618259    0.0000000000
   -6.16804912    0.0000000000
   -6.14991564    0.0000000000
   -6.13178216    0.0000000000
   -6.11364869    0.0000000000
   -6.09551521    0.0000000000
   -6.07738174    0.0000000000
   -6.05924826    0.0000000000
   -6.04111478    0.0000000000
   -6.02298131    0.0000000000
   -6.00484783    0.0000000000
   -5.98671436    0.0000000000
   -5.96858088    0.0000000000
   -5.95044741    0.0000000000
   -5.93231393    0.0000000000
   -5.91418045    0.0000000000
   -5.89604698    0.0000000000
   -5.87791350    0.0000000000
   -5.85978003    0.0000000000
   -5.84164655    0.0000000000
   -5.82351308    0.0000000000
   -5.80537960    0.0000000000
   -5.78724612    0.0000000000
   -5.76911265    0.0000000000
   -5.75097917    0.0000000000
   -5.73284570    0.0000000000
   -5.71471222    0.0000000000
   -5.69657874    0.0000000000
   -5.67844527    0.0000000000
   -5.66031179    0.0000000000
   -5.64217832    0.0000000000
   -5.62404484    0.0000000000
   -5.60591137    0.0000000000
   -5.58777789    0.0000000000
   -5.56964441    0.0000000000
   -5.55151094    0.0000000000
   -5.53337746    0.0000000000
   -5.51524399    0.0000000000
   -5.49711051    0.0000000000
   -5.47897704    0.0000000000
   -5.46084356    0.0000000000
   -5.44271008    0.0000000000
   -5.42457661    0.0000000000
   -5.40644313    0.0000000000
   -5.38830966    0.0000000000
   -5.37017618    0.0000000000
   -5.35204270    0.0000000000
   -5.33390923    0.0000000000
   -5.31577575    0.0000000000
   -5.29764228    0.0000000000
   -5.27950880    0.0000000000
   -5.26137533    0.0000000000
   -5.24324185    0.0000000000
   -5.22510837    0.0000000000
   -5.20697490    0.0000000000
   -5.18884142    0.0000000000
   -5.17070795    0.0000000000
   -5.15257447    0.0000000000
   -5.13444100    0.0000000000
   -5.11630752    0.0000000000
   -5.09817404    0.0000000000
   -5.08004057    0.0000000000
   -5.06190709    0.0000000000
   -5.04377362    0.0000000000
   -5.02564014    0.0000000000
   -5.00750667    0.0000000000
   -4.98937319    0.0000000000
   -4.97123971    0.0000000000
   -4.95310624    0.0000000000
   -4.93497276    0.0000000000
   -4.91683929    0.0000000000
   -4.89870581    0.0000000000
   -4.88057233    0.0000000000
   -4.86243886    0.0000000000
   -4.84430538    0.0000000000
   -4.82617191    0.0000000000
   -4.80803843    0.0000000002
   -4.78990496    0.0000000009
   -4.77177148    0.0000000036
   -4.75363800    0.0000000140
   -4.73550453    0.0000000520
   -4.71737105    0.0000001852
   -4.69923758    0.0000006297
   -4.68110410    0.0000020458
   -4.66297063    0.0000063507
   -4.64483715    0.0000188359
   -4.62670367    0.0000533768
   -4.60857020    0.0001445176
   -4.59043672    0.0003738446
   -4.57230325    0.0009239833
   -4.55416977    0.0021819240
   -4.53603629    0.0049228620
   -4.51790282    0.0106120242
   -4.49976934    0.0218565359
   -4.48163587    0.0430097543
   -4.46350239    0.0808639818
   -4.44536892    0.1452599244
   -4.42723544    0.2493096191
   -4.40910196    0.4088224976
   -4.39096849    0.6405205523
   -4.37283501    0.9588129301
   -4.35470154    1.3713149957
   -4.33656806    1.8738857069
   -4.31843459    2.4465353906
   -4.30030111    3.0518447485
   -4.28216763    3.6372730212
   -4.26403416    4.1418264414
   -4.24590068    4.5061995691
   -4.22776721    4.6841573720
   -4.20963373    4.6521645077
   -4.19150025    4.4144965344
   -4.17336678    4.0023017350
   -4.15523330    3.4668975216
   -4.13709983    2.8692917671
   -4.11896635    2.2688769879
   -4.10083288    1.7141535356
   -4.08269940    1.2373455982
   -4.06456592    0.8533650398
   -4.04643245    0.5623169913
   -4.02829897    0.3540218740
   -4.01016550    0.2129518989
   -3.99203202    0.1223870503
   -3.97389855    0.0672035088
   -3.95576507    0.0352574550
   -3.93763159    0.0176730906
   -3.91949812    0.0084640179
   -3.90136464    0.0038729615
   -3.88323117    0.0016932158
   -3.86509769    0.0007072679
   -3.84696421    0.0002822657
   -3.82883074    0.0001076304
   -3.81069726    0.0000392116
   -3.79256379    0.0000136488
   -3.77443031    0.0000045392
   -3.75629684    0.0000014423
   -3.73816336    0.0000004379
   -3.72002988    0.0000001270
   -3.70189641    0.0000000352
   -3.68376293    0.0000000093
   -3.66562946    0.0000000024
   -3.64749598    0.0000000006
   -3.62936251    0.0000000001
   -3.61122903    0.0000000000
   -3.59309555    0.0000000000
   -3.57496208    0.0000000000
   -3.55682860    0.0000000000
   -3.53869513    0.0000000000
   -3.52056165    0.0000000000
   -3.50242817    0.0000000000
   -3.48429470    0.0000000000
   -3.46616122    0.0000000000
   -3.44802775    0.0000000000
   -3.42989427    0.0000000000
   -3.41176080    0.0000000000
   -3.39362732    0.0000000000
   -3.37549384    0.0000000000
   -3.35736037    0.0000000000
   -3.33922689    0.0000000000
   -3.32109342    0.0000000000
   -3.30295994    0.0000000000
   -3.28482647    0.0000000000
   -3.26669299    0.0000000000
   -3.24855951    0.0000000000
   -3.23042604    0.0000000000
   -3.21229256    0.0000000000
   -3.19415909    0.0000000000
   -3.17602561    0.0000000000
   -3.15789213    0.0000000000
   -3.13975866    0.0000000000
   -3.12162518    0.0000000000
   -3.10349171    0.0000000000
   -3.08535823    0.0000000000
   -3.06722476    0.0000000000
   -3.04909128    0.0000000000
   -3.03095780    0.0000000000
   -3.01282433    0.0000000000
   -2.99469085    0.0000000000
   -2.97655738    0.0000000000
   -2.95842390    0.0000000000
   -2.94029043    0.0000000000
   -2.92215695    0.0000000000
   -2.90402347    0.0000000000
   -2.88589000    0.0000000000
   -2.86775652    0.0000000000
   -2.84962305    0.0000000000
   -2.83148957    0.0000000000
   -2.81335610    0.0000000000
   -2.79522262    0.0000000000
   -2.77708914    0.0000000000
   -2.75895567    0.0000000000
   -2.74082219    0.0000000000
   -2.72268872    0.0000000000
   -2.70455524    0.0000000000
   -2.68642176    0.0000000000
   -2.66828829    0.0000000000
   -2.65015481    0.0000000000
   -2.63202134    0.0000000000
   -2.61388786    0.0000000000
   -2.59575439    0.0000000000
   -2.57762091    0.0000000000
   -2.55948743    0.0000000000
   -2.54135396    0.0000000000
   -2.52322048    0.0000000000
   -2.50508701    0.0000000000
   -2.48695353    0.0000000000
   -2.46882006    0.0000000000
   -2.45068658    0.0000000000
   -2.43255310    0.0000000000
   -2.41441963    0.0000000000
   -2.39628615    0.0000000000
   -2.37815268    0.0000000000
   -2.36001920    0.0000000000
   -2.34188572    0.0000000000
   -2.32375225    0.0000000000
   -2.30561877    0.0000000000
   -2.28748530    0.0000000000
   -2.26935182    0.0000000000
   -2.25121835    0.0000000000
   -2.23308487    0.0000000000
   -2.21495139    0.0000000000
   -2.19681792    0.0000000000
   -2.17868444    0.0000000000
   -2.16055097    0.0000000000
   -2.14241749    0.0000000000
   -2.12428402    0.0000000000
   -2.10615054    0.0000000000
   -2.08801706    0.0000000000
   -2.06988359    0.0000000000
   -2.05175011    0.0000000000
   -2.03361664    0.0000000000
   -2.01548316    0.0000000000
   -1.99734968    0.0000000000
   -1.97921621    0.0000000000
   -1.96108273    0.0000000000
   -1.94294926    0.0000000000
   -1.92481578    0.0000000000
   -1.90668231    0.0000000000
   -1.88854883    0.0000000000
   -1.87041535    0.0000000000
   -1.85228188    0.0000000000
   -1.83414840    0.0000000000
   -1.81601493    0.0000000000
   -1.79788145    0.0000000000
   -1.77974798    0.0000000000
   -1.76161450    0.0000000000
   -1.74348102    0.0000000000
   -1.72534755    0.0000000000
   -1.70721407    0.0000000000
   -1.68908060    0.0000000000
   -1.67094712    0.0000000000
   -1.65281364    0.0000000000
   -1.63468017    0.0000000000
   -1.61654669    0.0000000000
   -1.59841322    0.0000000000
   -1.58027974    0.0000000000
   -1.56214627    0.0000000000
   -1.54401279    0.0000000000
   -1.52587931    0.0000000000
   -1.50774584    0.0000000000
   -1.48961236    0.0000000000
   -1.47147889    0.0000000000
   -1.45334541    0.0000000000
   -1.43521194    0.0000000000
   -1.41707846    0.0000000000
   -1.39894498    0.0000000000
   -1.38081151    0.0000000000
   -1.36267803    0.0000000000
   -1.34454456    0.0000000000
   -1.32641108    0.0000000000
   -1.30827760    0.0000000000
   -1.29014413    0.0000000000
   -1.27201065    0.0000000000
   -1.25387718    0.0000000000
   -1.23574370    0.0000000000
   -1.21761023    0.0000000000
   -1.19947675    0.0000000000
   -1.18134327    0.0000000000
   -1.16320980    0.0000000000
   -1.14507632    0.0000000000
   -1.12694285    0.0000000000
   -1.10880937    0.0000000000
   -1.09067590    0.0000000000
   -1.07254242    0.0000000000
   -1.05440894    0.0000000000
   -1.03627547    0.0000000000
   -1.01814199    0.0000000000
   -1.00000852    0.0000000000
   -0.98187504    0.0000000000
   -0.96374156    0.0000000000
   -0.94560809    0.0000000000
   -0.92747461    0.0000000000
   -0.90934114    0.0000000000
   -0.89120766    0.0000000000
   -0.87307419    0.0000000000
   -0.85494071    0.0000000000
   -0.83680723    0.0000000000
   -0.81867376    0.0000000000
   -0.80054028    0.0000000000
   -0.78240681    0.0000000000
   -0.76427333    0.0000000000
   -0.74613986    0.0000000000
   -0.72800638    0.0000000000
   -0.70987290    0.0000000000
   -0.69173943    0.0000000000
   -0.67360595    0.0000000000
   -0.65547248    0.0000000000
   -0.63733900    0.0000000000
   -0.61920552    0.0000000000
   -0.60107205    0.0000000000
   -0.58293857    0.0000000000
   -0.56480510    0.0000000000
   -0.54667162    0.0000000000
   -0.52853815    0.0000000000
   -0.51040467    0.0000000000
   -0.49227119    0.0000000000
   -0.47413772    0.0000000000
   -0.45600424    0.0000000000
   -0.43787077    0.0000000000
   -0.41973729    0.0000000000
   -0.40160382    0.0000000000
   -0.38347034    0.0000000000
   -0.36533686    0.0000000000
   -0.34720339    0.0000000000
   -0.32906991    0.0000000000
   -0.31093644    0.0000000000
   -0.29280296    0.0000000000
   -0.27466949    0.0000000000
   -0.25653601    0.0000000000
   -0.23840253    0.0000000000
   -0.22026906    0.0000000000
   -0.20213558    0.0000000000
   -0.18400211    0.0000000000
   -0.16586863    0.0000000000
   -0.14773515    0.0000000000
   -0.12960168    0.0000000000
   -0.11146820    0.0000000000
   -0.09333473    0.0000000000
   -0.07520125    0.0000000000
   -0.05706778    0.0000000000
   -0.03893430    0.0000000000
   -0.02080082    0.0000000000
   -0.00266735    0.0000000000
    0.01546613    0.0000000000
    0.03359960    0.0000000000
    0.05173308    0.0000000000
    0.06986655    0.0000000000
    0.08800003    0.0000000000
    0.10613351    0.0000000000
    0.12426698    0.0000000000
    0.14240046    0.0000000000
    0.16053393    0.0000000000
    0.17866741    0.0000000000
    0.19680089    0.0000000000
    0.21493436    0.0000000000
    0.23306784    0.0000000000
    0.25120131    0.0000000000
    0.26933479    0.0000000000
    0.28746826    0.0000000000
    0.30560174    0.0000000000
    0.32373522    0.0000000000
    0.34186869    0.0000000000
    0.36000217    0.0000000000
    0.37813564    0.0000000000
    0.39626912    0.0000000000
    0.41440259    0.0000000000
    0.43253607    0.0000000000
    0.45066955    0.0000000000
    0.46880302    0.0000000000
    0.48693650    0.0000000000
    0.50506997    0.0000000000
    0.52320345    0.0000000000
    0.54133693    0.0000000000
    0.55947040    0.0000000000
    0.57760388    0.0000000000
    0.59573735    0.0000000000
    0.61387083    0.0000000000
    0.63200430    0.0000000000
    0.65013778    0.0000000000
    0.66827126    0.0000000000
    0.68640473    0.0000000000
    0.70453821    0.0000000000
    0.72267168    0.0000000000
    0.74080516    0.0000000000
    0.75893863    0.0000000000
    0.77707211    0.0000000000
    0.79520559    0.0000000000
    0.81333906    0.0000000000
    0.83147254    0.0000000000
    0.84960601    0.0000000000
    0.86773949    0.0000000000
    0.88587297    0.0000000000
    0.90400644    0.0000000000
    0.92213992    0.0000000000
    0.94027339    0.0000000000
    0.95840687    0.0000000000
    0.97654034    0.0000000000
    0.99467382    0.0000000000
    1.01280730    0.0000000000
    1.03094077    0.0000000000
    1.04907425    0.0000000000
    1.06720772    0.0000000000
    1.08534120    0.0000000000
    1.10347467    0.0000000000
    1.12160815    0.0000000000
    1.13974163    0.0000000000
    1.15787510    0.0000000000
    1.17600858    0.0000000000
    1.19414205    0.0000000000
    1.21227553    0.0000000000
    1.23040901    0.0000000000
    1.24854248    0.0000000000
    1.26667596    0.0000000000
    1.28480943    0.0000000000
    1.30294291    0.0000000000
    1.32107638    0.0000000000
    1.33920986    0.0000000000
    1.35734334    0.0000000000
    1.37547681    0.0000000000
    1.39361029    0.0000000000
    1.41174376    0.0000000000
    1.42987724    0.0000000000
    1.44801071    0.0000000000
    1.46614419    0.0000000000
    1.48427767    0.0000000000
    1.50241114    0.0000000000
    1.52054462    0.0000000000
    1.53867809    0.0000000000
    1.55681157    0.0000000000
    1.57494505    0.0000000000
    1.59307852    0.0000000000
    1.61121200    0.0000000000
    1.62934547    0.0000000000
    1.64747895    0.0000000000
    1.66561242    0.0000000000
    1.68374590    0.0000000000
    1.70187938    0.0000000000
    1.72001285    0.0000000000
    1.73814633    0.0000000000
    1.75627980    0.0000000000
    1.77441328    0.0000000000
    1.79254675    0.0000000000
    1.81068023    0.0000000000
    1.82881371    0.0000000000
    1.84694718    0.0000000000
    1.86508066    0.0000000000
    1.88321413    0.0000000000
    1.90134761    0.0000000000
    1.91948108    0.0000000000
    1.93761456    0.0000000000
    1.95574804    0.0000000000
    1.97388151    0.0000000000
    1.99201499    0.0000000000
    2.01014846    0.0000000000
    2.02828194    0.0000000000
    2.04641542    0.0000000000
    2.06454889    0.0000000000
    2.08268237    0.0000000000
    2.10081584    0.0000000000
    2.11894932    0.0000000000
    2.13708279    0.0000000000
    2.15521627    0.0000000000
    2.17334975    0.0000000000
    2.19148322    0.0000000000
    2.20961670    0.0000000000
    2.22775017    0.0000000000
    2.24588365    0.0000000000
    2.26401712    0.0000000000
    2.28215060    0.0000000000
    2.30028408    0.0000000000
    2.31841755    0.0000000000
    2.33655103    0.0000000000
    2.35468450    0.0000000000
    2.37281798    0.0000000000
    2.39095146    0.0000000000
    2.40908493    0.0000000000
    2.42721841    0.0000000000
    2.44535188    0.0000000000
    2.46348536    0.0000000000
    2.48161883    0.0000000000
    2.49975231    0.0000000000
    2.51788579    0.0000000000
    2.53601926    0.0000000000
    2.55415274    0.0000000000
    2.57228621    0.0000000000
    2.59041969    0.0000000000
    2.60855316    0.0000000000
    2.62668664    0.0000000000
    2.64482012    0.0000000000
    2.66295359    0.0000000000
    2.68108707    0.0000000000
    2.69922054    0.0000000000
    2.71735402    0.0000000000
    2.73548750    0.0000000000
    2.75362097    0.0000000000
    2.77175445    0.0000000000
    2.78988792    0.0000000000
    2.80802140    0.0000000000
    2.82615487    0.0000000000
    2.84428835    0.0000000000
    2.86242183    0.0000000000
    2.88055530    0.0000000000
    2.89868878    0.0000000000
    2.91682225    0.0000000000
    2.93495573    0.0000000000
    2.95308920    0.0000000000
    2.97122268    0.0000000000
    2.98935616    0.0000000000
    3.00748963    0.0000000000
    3.02562311    0.0000000000
    3.04375658    0.0000000000
    3.06189006    0.0000000000
    3.08002354    0.0000000000
    3.09815701    0.0000000000
    3.11629049    0.0000000000
    3.13442396    0.0000000000
    3.15255744    0.0000000000
    3.17069091    0.0000000000
    3.18882439    0.0000000000
    3.20695787    0.0000000000
    3.22509134    0.0000000000
    3.24322482    0.0000000000
    3.26135829    0.0000000000
    3.27949177    0.0000000000
    3.29762524    0.0000000000
    3.31575872    0.0000000000
    3.33389220    0.0000000000
    3.35202567    0.0000000000
    3.37015915    0.0000000000
    3.38829262    0.0000000000
    3.40642610    0.0000000000
    3.42455958    0.0000000000
    3.44269305    0.0000000000
    3.46082653    0.0000000000
    3.47896000    0.0000000000
    3.49709348    0.0000000000
    3.51522695    0.0000000000
    3.53336043    0.0000000000
    3.55149391    0.0000000000
    3.56962738    0.0000000000
    3.58776086    0.0000000000
    3.60589433    0.0000000000
    3.62402781    0.0000000001
    3.64216128    0.0000000004
    3.66029476    0.0000000016
    3.67842824    0.0000000063
    3.69656171    0.0000000239
    3.71469519    0.0000000875
    3.73282866    0.0000003057
    3.75096214    0.0000010205
    3.76909562    0.0000032550
    3.78722909    0.0000099196
    3.80536257    0.0000288826
    3.82349604    0.0000803492
    3.84162952    0.0002135645
    3.85976299    0.0005423494
    3.87789647    0.0013159268
    3.89602995    0.0030506111
    3.91416342    0.0067568530
    3.93229690    0.0142989657
    3.95043037    0.0289112793
    3.96856385    0.0558512021
    3.98669732    0.1030861385
    4.00483080    0.1817902340
    4.02296428    0.3062974322
    4.04109775    0.4930814833
    4.05923123    0.7583969223
    4.07736470    1.1144920128
    4.09549818    1.5648037898
    4.11363166    2.0991590640
    4.13176513    2.6905021177
    4.14989861    3.2947605574
    4.16803208    3.8549336608
    4.18616556    4.3093571559
    4.20429903    4.6026780820
    4.22243251    4.6968992267
    4.24056599    4.5794615227
    4.25869946    4.2659927865
    4.27683294    3.7968929216
    4.29496641    3.2287848939
    4.31309989    2.6233268616
    4.33123336    2.0364241100
    4.34936684    1.5103812461
    4.36750032    1.0703047904
    4.38563379    0.7246543179
    4.40376727    0.4687667830
    4.42190074    0.2897245558
    4.44003422    0.1710867246
    4.45816769    0.0965272311
    4.47630117    0.0520338446
    4.49443465    0.0267993656
    4.51256812    0.0131875962
    4.53070160    0.0062002514
    4.54883507    0.0027851942
    4.56696855    0.0011953751
    4.58510203    0.0004901799
    4.60323550    0.0001920478
    4.62136898    0.0000718895
    4.63950245    0.0000257113
    4.65763593    0.0000087859
    4.67576940    0.0000028685
    4.69390288    0.0000008948
    4.71203636    0.0000002667
    4.73016983    0.0000000759
    4.74830331    0.0000000207
    4.76643678    0.0000000054
    4.78457026    0.0000000013
    4.80270373    0.0000000003
    4.82083721    0.0000000001
    4.83897069    0.0000000000
    4.85710416    0.0000000000
    4.87523764    0.0000000000
    4.89337111    0.0000000000
    4.91150459    0.0000000000
    4.92963807    0.0000000000
    4.94777154    0.0000000000
    4.96590502    0.0000000000
    4.98403849    0.0000000000
    5.00217197    0.0000000000
    5.02030544    0.0000000000
    5.03843892    0.0000000000
    5.05657240    0.0000000000
    5.07470587    0.0000000000
    5.09283935    0.0000000000
    5.11097282    0.0000000000
    5.12910630    0.0000000000
    5.14723977    0.0000000000
    5.16537325    0.0000000000
    5.18350673    0.0000000000
    5.20164020    0.0000000000
    5.21977368    0.0000000000
    5.23790715    0.0000000000
    5.25604063    0.0000000000
    5.27417411    0.0000000000
    5.29230758    0.0000000000
    5.31044106    0.0000000000
    5.32857453    0.0000000000
    5.34670801    0.0000000000
    5.36484148    0.0000000000
    5.38297496    0.0000000000
    5.40110844    0.0000000000
    5.41924191    0.0000000000
    5.43737539    0.0000000000
    5.45550886    0.0000000000
    5.47364234    0.0000000000
    5.49177581    0.0000000000
    5.50990929    0.0000000000
    5.52804277    0.0000000000
    5.54617624    0.0000000000
    5.56430972    0.0000000000
    5.58244319    0.0000000000
    5.60057667    0.0000000000
    5.61871015    0.0000000000
    5.63684362    0.0000000000
    5.65497710    0.0000000000
    5.67311057    0.0000000000
    5.69124405    0.0000000000
    5.70937752    0.0000000000
    5.72751100    0.0000000000
    5.74564448    0.0000000000
    5.76377795    0.0000000000
    5.78191143    0.0000000000
    5.80004490    0.0000000000
    5.81817838    0.0000000000
    5.83631185    0.0000000000
    5.85444533    0.0000000000
    5.87257881    0.0000000000
    5.89071228    0.0000000000
    5.90884576    0.0000000000
    5.92697923    0.0000000000
    5.94511271    0.0000000000
    5.96324619    0.0000000000
    5.98137966    0.0000000000
    5.99951314    0.0000000000
    6.01764661    0.0000000000
    6.03578009    0.0000000000
    6.05391356    0.0000000000
    6.07204704    0.0000000000
    6.09018052    0.0000000000
    6.10831399    0.0000000000
    6.12644747    0.0000000000
    6.14458094    0.0000000000
    6.16271442    0.0000000002
    6.18084789    0.0000000006
    6.19898137    0.0000000027
    6.21711485    0.0000000105
    6.23524832    0.0000000396
    6.25338180    0.0000001423
    6.27151527    0.0000004885
    6.28964875    0.0000016025
    6.30778223    0.0000050226
    6.32591570    0.0000150403
    6.34404918    0.0000430318
    6.36218265    0.0001176318
    6.38031613    0.0003072287
    6.39844960    0.0007666575
    6.41658308    0.0018278629
    6.43471656    0.0041637856
    6.45285003    0.0090622414
    6.47098351    0.0188445351
    6.48911698    0.0374401653
    6.50725046    0.0710710317
    6.52538393    0.1288991376
    6.54351741    0.2233623315
    6.56165089    0.3698046664
    6.57978436    0.5849750864
    6.59791784    0.8841071114
    6.61605131    1.2766590490
    6.63418479    1.7613574565
    6.65231826    2.3217882395
    6.67045174    2.9241540087
    6.68858522    3.5186851471
    6.70671869    4.0454152168
    6.72485217    4.4437368210
    6.74298564    4.6637588566
    6.76111912    4.6765585270
    6.77925260    4.4804247890
    6.79738607    4.1012339074
    6.81551955    3.5868434131
    6.83365302    2.9971800022
    6.85178650    2.3928515996
    6.86991997    1.8252452828
    6.88805345    1.3302376468
    6.90618693    0.9262746206
    6.92432040    0.6162441725
    6.94245388    0.3917133891
    6.96058735    0.2378956702
    6.97872083    0.1380407116
    6.99685430    0.0765297636
    7.01498778    0.0405374181
    7.03312126    0.0205156049
    7.05125473    0.0099200783
    7.06938821    0.0045829847
    7.08752168    0.0020229458
    7.10565516    0.0008531445
    7.12378864    0.0003437665
    7.14192211    0.0001323448
    7.16005559    0.0000486803
    7.17818906    0.0000171081
    7.19632254    0.0000057445
    7.21445601    0.0000018429
    7.23258949    0.0000005649
    7.25072297    0.0000001654
    7.26885644    0.0000000463
    7.28698992    0.0000000124
    7.30512339    0.0000000032
    7.32325687    0.0000000008
    7.34139034    0.0000000002
    7.35952382    0.0000000000
    7.37765730    0.0000000000
    7.39579077    0.0000000000
    7.41392425    0.0000000000
    7.43205772    0.0000000000
    7.45019120    0.0000000000
    7.46832468    0.0000000000
    7.48645815    0.0000000000
    7.50459163    0.0000000000
    7.52272510    0.0000000000
    7.54085858    0.0000000000
    7.55899205    0.0000000000
    7.57712553    0.0000000000
    7.59525901    0.0000000000
    7.61339248    0.0000000000
    7.63152596    0.0000000000
    7.64965943    0.0000000000
    7.66779291    0.0000000000
    7.68592638    0.0000000000
    7.70405986    0.0000000000
    7.72219334    0.0000000000
    7.74032681    0.0000000000
    7.75846029    0.0000000000
    7.77659376    0.0000000000
    7.79472724    0.0000000000
    7.81286072    0.0000000000
    7.83099419    0.0000000000
    7.84912767    0.0000000000
    7.86726114    0.0000000000
    7.88539462    0.0000000000
    7.90352809    0.0000000000
    7.92166157    0.0000000000
    7.93979505    0.0000000000
    7.95792852    0.0000000000
    7.97606200    0.0000000000
    7.99419547    0.0000000000
    8.01232895    0.0000000000
    8.03046242    0.0000000000
    8.04859590    0.0000000000
    8.06672938    0.0000000000
    8.08486285    0.0000000000
    8.10299633    0.0000000000
    8.12112980    0.0000000000
    8.13926328    0.0000000000
    8.15739676    0.0000000000
    8.17553023    0.0000000000
    8.19366371    0.0000000000
    8.21179718    0.0000000000
    8.22993066    0.0000000000
    8.24806413    0.0000000000
    8.26619761    0.0000000000
    8.28433109    0.0000000000
    8.30246456    0.0000000000
    8.32059804    0.0000000000
    8.33873151    0.0000000000
    8.35686499    0.0000000000
    8.37499846    0.0000000000
    8.39313194    0.0000000000
    8.41126542    0.0000000000
    8.42939889    0.0000000000
    8.44753237    0.0000000000
    8.46566584    0.0000000000
    8.48379932    0.0000000000
    8.50193280    0.0000000000
    8.52006627    0.0000000000
    8.53819975    0.0000000000
    8.55633322    0.0000000000
    8.57446670    0.0000000000
    8.59260017    0.0000000000
    8.61073365    0.0000000000
    8.62886713    0.0000000000
    8.64700060    0.0000000000
    8.66513408    0.0000000000
    8.68326755    0.0000000000
    8.70140103    0.0000000000
    8.71953450    0.0000000000
    8.73766798    0.0000000000
    8.75580146    0.0000000000
    8.77393493    0.0000000000
    8.79206841    0.0000000000
    8.81020188    0.0000000000
    8.82833536    0.0000000000
    8.84646884    0.0000000000
    8.86460231    0.0000000000
    8.88273579    0.0000000000
    8.90086926    0.0000000000
    8.91900274    0.0000000000
    8.93713621    0.0000000000
    8.95526969    0.0000000000
    8.97340317    0.0000000000
    8.99153664    0.0000000000
    9.00967012    0.0000000000
    9.02780359    0.0000000000
    9.04593707    0.0000000000
    9.06407054    0.0000000000
    9.08220402    0.0000000000
    9.10033750    0.0000000000
    9.11847097    0.0000000000
    9.13660445    0.0000000000
    9.15473792    0.0000000000
    9.17287140    0.0000000000
    9.19100487    0.0000000000
    9.20913835    0.0000000000
    9.22727183    0.0000000000
    9.24540530    0.0000000000
    9.26353878    0.0000000000
    9.28167225    0.0000000000
    9.29980573    0.0000000000
    9.31793921    0.0000000000
    9.33607268    0.0000000000
    9.35420616    0.0000000000
    9.37233963    0.0000000000
    9.39047311    0.0000000000
    9.40860658    0.0000000000
    9.42674006    0.0000000000
    9.44487354    0.0000000000
    9.46300701    0.0000000000
    9.48114049    0.0000000000
    9.49927396    0.0000000000
    9.51740744    0.0000000000
    9.53554091    0.0000000000
    9.55367439    0.0000000000
    9.57180787    0.0000000000
    9.58994134    0.0000000000
    9.60807482    0.0000000000
    9.62620829    0.0000000000
    9.64434177    0.0000000000
    9.66247525    0.0000000000
    9.68060872    0.0000000000
    9.69874220    0.0000000000
    9.71687567    0.0000000000
    9.73500915    0.0000000000
    9.75314262    0.0000000000
