#  Energy (eV) |  DOS (states/eV)
  -25.94410523    0.0000000000
  -25.92243457    0.0000000000
  -25.90076391    0.0000000000
  -25.87909325    0.0000000000
  -25.85742259    0.0000000000
  -25.83575193    0.0000000000
  -25.81408127    0.0000000000
  -25.79241060    0.0000000000
  -25.77073994    0.0000000000
  -25.74906928    0.0000000000
  -25.72739862    0.0000000000
  -25.70572796    0.0000000000
  -25.68405730    0.0000000000
  -25.66238664    0.0000000000
  -25.64071598    0.0000000000
  -25.61904532    0.0000000000
  -25.59737466    0.0000000000
  -25.57570400    0.0000000000
  -25.55403334    0.0000000000
  -25.53236268    0.0000000000
  -25.51069202    0.0000000000
  -25.48902136    0.0000000000
  -25.46735070    0.0000000000
  -25.44568004    0.0000000000
  -25.42400938    0.0000000000
  -25.40233872    0.0000000000
  -25.38066806    0.0000000000
  -25.35899740    0.0000000000
  -25.33732674    0.0000000000
  -25.31565607    0.0000000000
  -25.29398541    0.0000000000
  -25.27231475    0.0000000000
  -25.25064409    0.0000000000
  -25.22897343    0.0000000000
  -25.20730277    0.0000000000
  -25.18563211    0.0000000000
  -25.16396145    0.0000000000
  -25.14229079    0.0000000000
  -25.12062013    0.0000000000
  -25.09894947    0.0000000000
  -25.07727881    0.0000000000
  -25.05560815    0.0000000000
  -25.03393749    0.0000000000
  -25.01226683    0.0000000000
  -24.99059617    0.0000000000
  -24.96892551    0.0000000000
  -24.94725485    0.0000000000
  -24.92558419    0.0000000000
  -24.90391353    0.0000000000
  -24.88224287    0.0000000000
  -24.86057221    0.0000000000
  -24.83890154    0.0000000000
  -24.81723088    0.0000000000
  -24.79556022    0.0000000000
  -24.77388956    0.0000000000
  -24.75221890    0.0000000000
  -24.73054824    0.0000000000
  -24.70887758    0.0000000000
  -24.68720692    0.0000000000
  -24.66553626    0.0000000000
  -24.64386560    0.0000000000
  -24.62219494    0.0000000000
  -24.60052428    0.0000000000
  -24.57885362    0.0000000000
  -24.55718296    0.0000000000
  -24.53551230    0.0000000000
  -24.51384164    0.0000000000
  -24.49217098    0.0000000000
  -24.47050032    0.0000000000
  -24.44882966    0.0000000000
  -24.42715900    0.0000000000
  -24.40548834    0.0000000000
  -24.38381768    0.0000000000
  -24.36214701    0.0000000000
  -24.34047635    0.0000000000
  -24.31880569    0.0000000000
  -24.29713503    0.0000000000
  -24.27546437    0.0000000000
  -24.25379371    0.0000000000
  -24.23212305    0.0000000000
  -24.21045239    0.0000000000
  -24.18878173    0.0000000000
  -24.16711107    0.0000000000
  -24.14544041    0.0000000000
  -24.12376975    0.0000000000
  -24.10209909    0.0000000000
  -24.08042843    0.0000000000
  -24.05875777    0.0000000000
  -24.03708711    0.0000000000
  -24.01541645    0.0000000000
  -23.99374579    0.0000000000
  -23.97207513    0.0000000000
  -23.95040447    0.0000000000
  -23.92873381    0.0000000000
  -23.90706315    0.0000000000
  -23.88539248    0.0000000000
  -23.86372182    0.0000000000
  -23.84205116    0.0000000000
  -23.82038050    0.0000000000
  -23.79870984    0.0000000000
  -23.77703918    0.0000000000
  -23.75536852    0.0000000000
  -23.73369786    0.0000000000
  -23.71202720    0.0000000000
  -23.69035654    0.0000000000
  -23.66868588    0.0000000000
  -23.64701522    0.0000000000
  -23.62534456    0.0000000000
  -23.60367390    0.0000000000
  -23.58200324    0.0000000000
  -23.56033258    0.0000000000
  -23.53866192    0.0000000001
  -23.51699126    0.0000000006
  -23.49532060    0.0000000034
  -23.47364994    0.0000000170
  -23.45197928    0.0000000807
  -23.43030862    0.0000003594
  -23.40863795    0.0000014989
  -23.38696729    0.0000058577
  -23.36529663    0.0000214490
  -23.34362597    0.0000735885
  -23.32195531    0.0002365585
  -23.30028465    0.0007125128
  -23.27861399    0.0020108169
  -23.25694333    0.0053171395
  -23.23527267    0.0131737462
  -23.21360201    0.0305820242
  -23.19193135    0.0665194825
  -23.17026069    0.1355680023
  -23.14859003    0.2588756669
  -23.12691937    0.4631812439
  -23.10524871    0.7764909498
  -23.08357805    1.2196845753
  -23.06190739    1.7950822994
  -23.04023673    2.4754086101
  -23.01856607    3.1984173271
  -22.99689541    3.8721222609
  -22.97522475    4.3922666039
  -22.95355409    4.6682491268
  -22.93188342    4.6488448863
  -22.91021276    4.3377227131
  -22.88854210    3.7923133679
  -22.86687144    3.1065070752
  -22.84520078    2.3843289772
  -22.82353012    1.7146903605
  -22.80185946    1.1553962019
  -22.78018880    0.7294606418
  -22.75851814    0.4315175795
  -22.73684748    0.2391777749
  -22.71517682    0.1242135143
  -22.69350616    0.0604425219
  -22.67183550    0.0275576388
  -22.65016484    0.0117724575
  -22.62849418    0.0047121375
  -22.60682352    0.0017672357
  -22.58515286    0.0006210073
  -22.56348220    0.0002044677
  -22.54181154    0.0000630781
  -22.52014088    0.0000182330
  -22.49847022    0.0000049381
  -22.47679956    0.0000012531
  -22.45512889    0.0000002980
  -22.43345823    0.0000000664
  -22.41178757    0.0000000139
  -22.39011691    0.0000000027
  -22.36844625    0.0000000005
  -22.34677559    0.0000000001
  -22.32510493    0.0000000000
  -22.30343427    0.0000000000
  -22.28176361    0.0000000000
  -22.26009295    0.0000000000
  -22.23842229    0.0000000000
  -22.21675163    0.0000000000
  -22.19508097    0.0000000000
  -22.17341031    0.0000000000
  -22.15173965    0.0000000000
  -22.13006899    0.0000000000
  -22.10839833    0.0000000000
  -22.08672767    0.0000000000
  -22.06505701    0.0000000000
  -22.04338635    0.0000000000
  -22.02171569    0.0000000000
  -22.00004503    0.0000000000
  -21.97837436    0.0000000000
  -21.95670370    0.0000000000
  -21.93503304    0.0000000000
  -21.91336238    0.0000000000
  -21.89169172    0.0000000000
  -21.87002106    0.0000000000
  -21.84835040    0.0000000000
  -21.82667974    0.0000000000
  -21.80500908    0.0000000000
  -21.78333842    0.0000000000
  -21.76166776    0.0000000000
  -21.73999710    0.0000000000
  -21.71832644    0.0000000000
  -21.69665578    0.0000000000
  -21.67498512    0.0000000000
  -21.65331446    0.0000000000
  -21.63164380    0.0000000000
  -21.60997314    0.0000000000
  -21.58830248    0.0000000000
  -21.56663182    0.0000000000
  -21.54496116    0.0000000000
  -21.52329050    0.0000000000
  -21.50161983    0.0000000000
  -21.47994917    0.0000000000
  -21.45827851    0.0000000000
  -21.43660785    0.0000000000
  -21.41493719    0.0000000000
  -21.39326653    0.0000000000
  -21.37159587    0.0000000000
  -21.34992521    0.0000000000
  -21.32825455    0.0000000000
  -21.30658389    0.0000000000
  -21.28491323    0.0000000000
  -21.26324257    0.0000000000
  -21.24157191    0.0000000000
  -21.21990125    0.0000000000
  -21.19823059    0.0000000000
  -21.17655993    0.0000000000
  -21.15488927    0.0000000000
  -21.13321861    0.0000000000
  -21.11154795    0.0000000000
  -21.08987729    0.0000000000
  -21.06820663    0.0000000000
  -21.04653597    0.0000000000
  -21.02486530    0.0000000000
  -21.00319464    0.0000000000
  -20.98152398    0.0000000000
  -20.95985332    0.0000000000
  -20.93818266    0.0000000000
  -20.91651200    0.0000000000
  -20.89484134    0.0000000000
  -20.87317068    0.0000000000
  -20.85150002    0.0000000000
  -20.82982936    0.0000000000
  -20.80815870    0.0000000000
  -20.78648804    0.0000000000
  -20.76481738    0.0000000000
  -20.74314672    0.0000000000
  -20.72147606    0.0000000000
  -20.69980540    0.0000000000
  -20.67813474    0.0000000000
  -20.65646408    0.0000000000
  -20.63479342    0.0000000000
  -20.61312276    0.0000000000
  -20.59145210    0.0000000000
  -20.56978144    0.0000000000
  -20.54811077    0.0000000000
  -20.52644011    0.0000000000
  -20.50476945    0.0000000000
  -20.48309879    0.0000000000
  -20.46142813    0.0000000000
  -20.43975747    0.0000000000
  -20.41808681    0.0000000000
  -20.39641615    0.0000000000
  -20.37474549    0.0000000000
  -20.35307483    0.0000000000
  -20.33140417    0.0000000000
  -20.30973351    0.0000000000
  -20.28806285    0.0000000000
  -20.26639219    0.0000000000
  -20.24472153    0.0000000000
  -20.22305087    0.0000000000
  -20.20138021    0.0000000000
  -20.17970955    0.0000000000
  -20.15803889    0.0000000000
  -20.13636823    0.0000000000
  -20.11469757    0.0000000000
  -20.09302691    0.0000000000
  -20.07135624    0.0000000000
  -20.04968558    0.0000000000
  -20.02801492    0.0000000000
  -20.00634426    0.0000000000
  -19.98467360    0.0000000000
  -19.96300294    0.0000000000
  -19.94133228    0.0000000000
  -19.91966162    0.0000000000
  -19.89799096    0.0000000000
  -19.87632030    0.0000000000
  -19.85464964    0.0000000000
  -19.83297898    0.0000000000
  -19.81130832    0.0000000000
  -19.78963766    0.0000000000
  -19.76796700    0.0000000000
  -19.74629634    0.0000000000
  -19.72462568    0.0000000000
  -19.70295502    0.0000000000
  -19.68128436    0.0000000000
  -19.65961370    0.0000000000
  -19.63794304    0.0000000000
  -19.61627238    0.0000000000
  -19.59460171    0.0000000000
  -19.57293105    0.0000000000
  -19.55126039    0.0000000000
  -19.52958973    0.0000000000
  -19.50791907    0.0000000000
  -19.48624841    0.0000000000
  -19.46457775    0.0000000000
  -19.44290709    0.0000000000
  -19.42123643    0.0000000000
  -19.39956577    0.0000000000
  -19.37789511    0.0000000000
  -19.35622445    0.0000000000
  -19.33455379    0.0000000000
  -19.31288313    0.0000000000
  -19.29121247    0.0000000000
  -19.26954181    0.0000000000
  -19.24787115    0.0000000000
  -19.22620049    0.0000000000
  -19.20452983    0.0000000000
  -19.18285917    0.0000000000
  -19.16118851    0.0000000000
  -19.13951785    0.0000000000
  -19.11784718    0.0000000000
  -19.09617652    0.0000000000
  -19.07450586    0.0000000000
  -19.05283520    0.0000000000
  -19.03116454    0.0000000000
  -19.00949388    0.0000000000
  -18.98782322    0.0000000000
  -18.96615256    0.0000000000
  -18.94448190    0.0000000000
  -18.92281124    0.0000000000
  -18.90114058    0.0000000000
  -18.87946992    0.0000000000
  -18.85779926    0.0000000000
  -18.83612860    0.0000000000
  -18.81445794    0.0000000000
  -18.79278728    0.0000000000
  -18.77111662    0.0000000000
  -18.74944596    0.0000000000
  -18.72777530    0.0000000000
  -18.70610464    0.0000000000
  -18.68443398    0.0000000000
  -18.66276332    0.0000000000
  -18.64109265    0.0000000000
  -18.61942199    0.0000000000
  -18.59775133    0.0000000000
  -18.57608067    0.0000000000
  -18.55441001    0.0000000000
  -18.53273935    0.0000000000
  -18.51106869    0.0000000000
  -18.48939803    0.0000000000
  -18.46772737    0.0000000000
  -18.44605671    0.0000000000
  -18.42438605    0.0000000000
  -18.40271539    0.0000000000
  -18.38104473    0.0000000000
  -18.35937407    0.0000000000
  -18.33770341    0.0000000000
  -18.31603275    0.0000000000
  -18.29436209    0.0000000000
  -18.27269143    0.0000000000
  -18.25102077    0.0000000000
  -18.22935011    0.0000000000
  -18.20767945    0.0000000000
  -18.18600879    0.0000000000
  -18.16433812    0.0000000000
  -18.14266746    0.0000000000
  -18.12099680    0.0000000000
  -18.09932614    0.0000000000
  -18.07765548    0.0000000000
  -18.05598482    0.0000000000
  -18.03431416    0.0000000000
  -18.01264350    0.0000000000
  -17.99097284    0.0000000000
  -17.96930218    0.0000000000
  -17.94763152    0.0000000000
  -17.92596086    0.0000000000
  -17.90429020    0.0000000000
  -17.88261954    0.0000000000
  -17.86094888    0.0000000000
  -17.83927822    0.0000000000
  -17.81760756    0.0000000000
  -17.79593690    0.0000000000
  -17.77426624    0.0000000000
  -17.75259558    0.0000000000
  -17.73092492    0.0000000000
  -17.70925426    0.0000000000
  -17.68758359    0.0000000000
  -17.66591293    0.0000000000
  -17.64424227    0.0000000000
  -17.62257161    0.0000000000
  -17.60090095    0.0000000000
  -17.57923029    0.0000000000
  -17.55755963    0.0000000000
  -17.53588897    0.0000000000
  -17.51421831    0.0000000000
  -17.49254765    0.0000000000
  -17.47087699    0.0000000000
  -17.44920633    0.0000000000
  -17.42753567    0.0000000000
  -17.40586501    0.0000000000
  -17.38419435    0.0000000000
  -17.36252369    0.0000000000
  -17.34085303    0.0000000000
  -17.31918237    0.0000000000
  -17.29751171    0.0000000000
  -17.27584105    0.0000000000
  -17.25417039    0.0000000000
  -17.23249973    0.0000000000
  -17.21082906    0.0000000000
  -17.18915840    0.0000000000
  -17.16748774    0.0000000000
  -17.14581708    0.0000000000
  -17.12414642    0.0000000000
  -17.10247576    0.0000000000
  -17.08080510    0.0000000000
  -17.05913444    0.0000000000
  -17.03746378    0.0000000000
  -17.01579312    0.0000000000
  -16.99412246    0.0000000000
  -16.97245180    0.0000000000
  -16.95078114    0.0000000000
  -16.92911048    0.0000000000
  -16.90743982    0.0000000000
  -16.88576916    0.0000000000
  -16.86409850    0.0000000000
  -16.84242784    0.0000000000
  -16.82075718    0.0000000000
  -16.79908652    0.0000000000
  -16.77741586    0.0000000000
  -16.75574520    0.0000000000
  -16.73407453    0.0000000000
  -16.71240387    0.0000000000
  -16.69073321    0.0000000000
  -16.66906255    0.0000000000
  -16.64739189    0.0000000000
  -16.62572123    0.0000000000
  -16.60405057    0.0000000000
  -16.58237991    0.0000000000
  -16.56070925    0.0000000000
  -16.53903859    0.0000000000
  -16.51736793    0.0000000000
  -16.49569727    0.0000000000
  -16.47402661    0.0000000000
  -16.45235595    0.0000000000
  -16.43068529    0.0000000000
  -16.40901463    0.0000000000
  -16.38734397    0.0000000000
  -16.36567331    0.0000000000
  -16.34400265    0.0000000000
  -16.32233199    0.0000000000
  -16.30066133    0.0000000000
  -16.27899067    0.0000000000
  -16.25732000    0.0000000000
  -16.23564934    0.0000000000
  -16.21397868    0.0000000000
  -16.19230802    0.0000000000
  -16.17063736    0.0000000000
  -16.14896670    0.0000000000
  -16.12729604    0.0000000000
  -16.10562538    0.0000000000
  -16.08395472    0.0000000000
  -16.06228406    0.0000000000
  -16.04061340    0.0000000000
  -16.01894274    0.0000000000
  -15.99727208    0.0000000000
  -15.97560142    0.0000000000
  -15.95393076    0.0000000000
  -15.93226010    0.0000000000
  -15.91058944    0.0000000000
  -15.88891878    0.0000000000
  -15.86724812    0.0000000000
  -15.84557746    0.0000000000
  -15.82390680    0.0000000000
  -15.80223614    0.0000000000
  -15.78056547    0.0000000000
  -15.75889481    0.0000000000
  -15.73722415    0.0000000000
  -15.71555349    0.0000000000
  -15.69388283    0.0000000000
  -15.67221217    0.0000000000
  -15.65054151    0.0000000000
  -15.62887085    0.0000000000
  -15.60720019    0.0000000000
  -15.58552953    0.0000000000
  -15.56385887    0.0000000000
  -15.54218821    0.0000000000
  -15.52051755    0.0000000000
  -15.49884689    0.0000000000
  -15.47717623    0.0000000000
  -15.45550557    0.0000000000
  -15.43383491    0.0000000000
  -15.41216425    0.0000000000
  -15.39049359    0.0000000000
  -15.36882293    0.0000000000
  -15.34715227    0.0000000000
  -15.32548161    0.0000000000
  -15.30381094    0.0000000000
  -15.28214028    0.0000000000
  -15.26046962    0.0000000000
  -15.23879896    0.0000000000
  -15.21712830    0.0000000000
  -15.19545764    0.0000000000
  -15.17378698    0.0000000000
  -15.15211632    0.0000000000
  -15.13044566    0.0000000000
  -15.10877500    0.0000000000
  -15.08710434    0.0000000000
  -15.06543368    0.0000000000
  -15.04376302    0.0000000000
  -15.02209236    0.0000000000
  -15.00042170    0.0000000000
  -14.97875104    0.0000000000
  -14.95708038    0.0000000000
  -14.93540972    0.0000000000
  -14.91373906    0.0000000000
  -14.89206840    0.0000000000
  -14.87039774    0.0000000000
  -14.84872708    0.0000000000
  -14.82705641    0.0000000000
  -14.80538575    0.0000000000
  -14.78371509    0.0000000000
  -14.76204443    0.0000000000
  -14.74037377    0.0000000000
  -14.71870311    0.0000000000
  -14.69703245    0.0000000000
  -14.67536179    0.0000000000
  -14.65369113    0.0000000000
  -14.63202047    0.0000000000
  -14.61034981    0.0000000000
  -14.58867915    0.0000000000
  -14.56700849    0.0000000000
  -14.54533783    0.0000000000
  -14.52366717    0.0000000000
  -14.50199651    0.0000000000
  -14.48032585    0.0000000000
  -14.45865519    0.0000000000
  -14.43698453    0.0000000000
  -14.41531387    0.0000000000
  -14.39364321    0.0000000000
  -14.37197255    0.0000000000
  -14.35030188    0.0000000000
  -14.32863122    0.0000000000
  -14.30696056    0.0000000000
  -14.28528990    0.0000000000
  -14.26361924    0.0000000000
  -14.24194858    0.0000000000
  -14.22027792    0.0000000000
  -14.19860726    0.0000000000
  -14.17693660    0.0000000000
  -14.15526594    0.0000000000
  -14.13359528    0.0000000000
  -14.11192462    0.0000000000
  -14.09025396    0.0000000000
  -14.06858330    0.0000000000
  -14.04691264    0.0000000000
  -14.02524198    0.0000000000
  -14.00357132    0.0000000000
  -13.98190066    0.0000000000
  -13.96023000    0.0000000000
  -13.93855934    0.0000000000
  -13.91688868    0.0000000000
  -13.89521802    0.0000000000
  -13.87354735    0.0000000000
  -13.85187669    0.0000000000
  -13.83020603    0.0000000000
  -13.80853537    0.0000000000
  -13.78686471    0.0000000000
  -13.76519405    0.0000000000
  -13.74352339    0.0000000000
  -13.72185273    0.0000000000
  -13.70018207    0.0000000000
  -13.67851141    0.0000000000
  -13.65684075    0.0000000000
  -13.63517009    0.0000000000
  -13.61349943    0.0000000000
  -13.59182877    0.0000000000
  -13.57015811    0.0000000000
  -13.54848745    0.0000000000
  -13.52681679    0.0000000000
  -13.50514613    0.0000000000
  -13.48347547    0.0000000000
  -13.46180481    0.0000000000
  -13.44013415    0.0000000000
  -13.41846349    0.0000000000
  -13.39679282    0.0000000000
  -13.37512216    0.0000000000
  -13.35345150    0.0000000000
  -13.33178084    0.0000000000
  -13.31011018    0.0000000000
  -13.28843952    0.0000000000
  -13.26676886    0.0000000000
  -13.24509820    0.0000000000
  -13.22342754    0.0000000000
  -13.20175688    0.0000000000
  -13.18008622    0.0000000000
  -13.15841556    0.0000000000
  -13.13674490    0.0000000000
  -13.11507424    0.0000000000
  -13.09340358    0.0000000000
  -13.07173292    0.0000000000
  -13.05006226    0.0000000000
  -13.02839160    0.0000000000
  -13.00672094    0.0000000000
  -12.98505028    0.0000000000
  -12.96337962    0.0000000000
  -12.94170896    0.0000000000
  -12.92003829    0.0000000000
  -12.89836763    0.0000000000
  -12.87669697    0.0000000000
  -12.85502631    0.0000000000
  -12.83335565    0.0000000000
  -12.81168499    0.0000000000
  -12.79001433    0.0000000000
  -12.76834367    0.0000000000
  -12.74667301    0.0000000000
  -12.72500235    0.0000000000
  -12.70333169    0.0000000000
  -12.68166103    0.0000000000
  -12.65999037    0.0000000000
  -12.63831971    0.0000000000
  -12.61664905    0.0000000000
  -12.59497839    0.0000000000
  -12.57330773    0.0000000000
  -12.55163707    0.0000000000
  -12.52996641    0.0000000000
  -12.50829575    0.0000000000
  -12.48662509    0.0000000000
  -12.46495443    0.0000000000
  -12.44328376    0.0000000000
  -12.42161310    0.0000000000
  -12.39994244    0.0000000000
  -12.37827178    0.0000000000
  -12.35660112    0.0000000000
  -12.33493046    0.0000000000
  -12.31325980    0.0000000000
  -12.29158914    0.0000000000
  -12.26991848    0.0000000000
  -12.24824782    0.0000000000
  -12.22657716    0.0000000000
  -12.20490650    0.0000000000
  -12.18323584    0.0000000000
  -12.16156518    0.0000000000
  -12.13989452    0.0000000000
  -12.11822386    0.0000000000
  -12.09655320    0.0000000000
  -12.07488254    0.0000000000
  -12.05321188    0.0000000000
  -12.03154122    0.0000000000
  -12.00987056    0.0000000000
  -11.98819990    0.0000000000
  -11.96652924    0.0000000000
  -11.94485857    0.0000000000
  -11.92318791    0.0000000000
  -11.90151725    0.0000000000
  -11.87984659    0.0000000000
  -11.85817593    0.0000000000
  -11.83650527    0.0000000000
  -11.81483461    0.0000000000
  -11.79316395    0.0000000000
  -11.77149329    0.0000000000
  -11.74982263    0.0000000000
  -11.72815197    0.0000000000
  -11.70648131    0.0000000000
  -11.68481065    0.0000000000
  -11.66313999    0.0000000000
  -11.64146933    0.0000000000
  -11.61979867    0.0000000000
  -11.59812801    0.0000000000
  -11.57645735    0.0000000000
  -11.55478669    0.0000000000
  -11.53311603    0.0000000000
  -11.51144537    0.0000000000
  -11.48977471    0.0000000000
  -11.46810404    0.0000000000
  -11.44643338    0.0000000000
  -11.42476272    0.0000000000
  -11.40309206    0.0000000000
  -11.38142140    0.0000000000
  -11.35975074    0.0000000000
  -11.33808008    0.0000000000
  -11.31640942    0.0000000000
  -11.29473876    0.0000000000
  -11.27306810    0.0000000000
  -11.25139744    0.0000000000
  -11.22972678    0.0000000000
  -11.20805612    0.0000000000
  -11.18638546    0.0000000000
  -11.16471480    0.0000000000
  -11.14304414    0.0000000000
  -11.12137348    0.0000000000
  -11.09970282    0.0000000000
  -11.07803216    0.0000000000
  -11.05636150    0.0000000000
  -11.03469084    0.0000000000
  -11.01302018    0.0000000000
  -10.99134951    0.0000000000
  -10.96967885    0.0000000000
  -10.94800819    0.0000000000
  -10.92633753    0.0000000000
  -10.90466687    0.0000000000
  -10.88299621    0.0000000000
  -10.86132555    0.0000000000
  -10.83965489    0.0000000000
  -10.81798423    0.0000000000
  -10.79631357    0.0000000000
  -10.77464291    0.0000000000
  -10.75297225    0.0000000000
  -10.73130159    0.0000000000
  -10.70963093    0.0000000000
  -10.68796027    0.0000000000
  -10.66628961    0.0000000000
  -10.64461895    0.0000000000
  -10.62294829    0.0000000000
  -10.60127763    0.0000000000
  -10.57960697    0.0000000000
  -10.55793631    0.0000000000
  -10.53626565    0.0000000000
  -10.51459498    0.0000000000
  -10.49292432    0.0000000000
  -10.47125366    0.0000000000
  -10.44958300    0.0000000000
  -10.42791234    0.0000000000
  -10.40624168    0.0000000000
  -10.38457102    0.0000000000
  -10.36290036    0.0000000000
  -10.34122970    0.0000000000
  -10.31955904    0.0000000000
  -10.29788838    0.0000000000
  -10.27621772    0.0000000000
  -10.25454706    0.0000000000
  -10.23287640    0.0000000000
  -10.21120574    0.0000000000
  -10.18953508    0.0000000000
  -10.16786442    0.0000000000
  -10.14619376    0.0000000000
  -10.12452310    0.0000000000
  -10.10285244    0.0000000000
  -10.08118178    0.0000000000
  -10.05951112    0.0000000000
  -10.03784045    0.0000000000
  -10.01616979    0.0000000000
   -9.99449913    0.0000000002
   -9.97282847    0.0000000010
   -9.95115781    0.0000000052
   -9.92948715    0.0000000258
   -9.90781649    0.0000001204
   -9.88614583    0.0000005268
   -9.86447517    0.0000021597
   -9.84280451    0.0000082967
   -9.82113385    0.0000298633
   -9.79946319    0.0001007152
   -9.77779253    0.0003182569
   -9.75612187    0.0009422940
   -9.73445121    0.0026140915
   -9.71278055    0.0067948651
   -9.69110989    0.0165488033
   -9.66943923    0.0377640053
   -9.64776857    0.0807449195
   -9.62609791    0.1617625786
   -9.60442725    0.3036453371
   -9.58275659    0.5340487108
   -9.56108592    0.8800773126
   -9.53941526    1.3588968116
   -9.51774460    1.9659742874
   -9.49607394    2.6649857246
   -9.47440328    3.3848360689
   -9.45273262    4.0281542543
   -9.43106196    4.4915914418
   -9.40939130    4.6926709000
   -9.38772064    4.5937319489
   -9.36604998    4.2134408500
   -9.34437932    3.6210444233
   -9.32270866    2.9157917566
   -9.30103800    2.1999096992
   -9.27936734    1.5551737061
   -9.25769668    1.0300982632
   -9.23602602    0.6392991171
   -9.21435536    0.3717536610
   -9.19268470    0.2025499327
   -9.17101404    0.1034033602
   -9.14934338    0.0494610009
   -9.12767272    0.0221675067
   -9.10600206    0.0093088599
   -9.08433139    0.0036627042
   -9.06266073    0.0013503082
   -9.04099007    0.0004664334
   -9.01931941    0.0001509635
   -8.99764875    0.0000457805
   -8.97597809    0.0000130081
   -8.95430743    0.0000034632
   -8.93263677    0.0000008639
   -8.91096611    0.0000002019
   -8.88929545    0.0000000442
   -8.86762479    0.0000000091
   -8.84595413    0.0000000017
   -8.82428347    0.0000000003
   -8.80261281    0.0000000001
   -8.78094215    0.0000000000
   -8.75927149    0.0000000000
   -8.73760083    0.0000000000
   -8.71593017    0.0000000000
   -8.69425951    0.0000000000
   -8.67258885    0.0000000000
   -8.65091819    0.0000000000
   -8.62924753    0.0000000000
   -8.60757686    0.0000000000
   -8.58590620    0.0000000000
   -8.56423554    0.0000000000
   -8.54256488    0.0000000000
   -8.52089422    0.0000000000
   -8.49922356    0.0000000000
   -8.47755290    0.0000000000
   -8.45588224    0.0000000000
   -8.43421158    0.0000000000
   -8.41254092    0.0000000000
   -8.39087026    0.0000000000
   -8.36919960    0.0000000000
   -8.34752894    0.0000000000
   -8.32585828    0.0000000000
   -8.30418762    0.0000000000
   -8.28251696    0.0000000000
   -8.26084630    0.0000000000
   -8.23917564    0.0000000000
   -8.21750498    0.0000000000
   -8.19583432    0.0000000000
   -8.17416366    0.0000000000
   -8.15249300    0.0000000000
   -8.13082233    0.0000000000
   -8.10915167    0.0000000000
   -8.08748101    0.0000000000
   -8.06581035    0.0000000000
   -8.04413969    0.0000000000
   -8.02246903    0.0000000000
   -8.00079837    0.0000000000
   -7.97912771    0.0000000000
   -7.95745705    0.0000000000
   -7.93578639    0.0000000000
   -7.91411573    0.0000000000
   -7.89244507    0.0000000000
   -7.87077441    0.0000000000
   -7.84910375    0.0000000000
   -7.82743309    0.0000000000
   -7.80576243    0.0000000000
   -7.78409177    0.0000000000
   -7.76242111    0.0000000000
   -7.74075045    0.0000000000
   -7.71907979    0.0000000000
   -7.69740913    0.0000000000
   -7.67573847    0.0000000000
   -7.65406780    0.0000000000
   -7.63239714    0.0000000000
   -7.61072648    0.0000000000
   -7.58905582    0.0000000000
   -7.56738516    0.0000000000
   -7.54571450    0.0000000000
   -7.52404384    0.0000000000
   -7.50237318    0.0000000000
   -7.48070252    0.0000000000
   -7.45903186    0.0000000000
   -7.43736120    0.0000000000
   -7.41569054    0.0000000000
   -7.39401988    0.0000000000
   -7.37234922    0.0000000000
   -7.35067856    0.0000000000
   -7.32900790    0.0000000000
   -7.30733724    0.0000000000
   -7.28566658    0.0000000000
   -7.26399592    0.0000000000
   -7.24232526    0.0000000000
   -7.22065460    0.0000000000
   -7.19898394    0.0000000000
   -7.17731327    0.0000000000
   -7.15564261    0.0000000000
   -7.13397195    0.0000000000
   -7.11230129    0.0000000000
   -7.09063063    0.0000000000
   -7.06895997    0.0000000000
   -7.04728931    0.0000000000
   -7.02561865    0.0000000000
   -7.00394799    0.0000000000
   -6.98227733    0.0000000000
   -6.96060667    0.0000000000
   -6.93893601    0.0000000000
   -6.91726535    0.0000000003
   -6.89559469    0.0000000015
   -6.87392403    0.0000000080
   -6.85225337    0.0000000391
   -6.83058271    0.0000001794
   -6.80891205    0.0000007717
   -6.78724139    0.0000031095
   -6.76557073    0.0000117401
   -6.74390007    0.0000415316
   -6.72222941    0.0001376615
   -6.70055874    0.0004275355
   -6.67888808    0.0012441065
   -6.65721742    0.0033920999
   -6.63554676    0.0086657346
   -6.61387610    0.0207428217
   -6.59220544    0.0465217440
   -6.57053478    0.0977619463
   -6.54886412    0.1924905400
   -6.52719346    0.3551195995
   -6.50552280    0.6138547111
   -6.48385214    0.9942194247
   -6.46218148    1.5087753997
   -6.44051082    2.1453227805
   -6.41884016    2.8581590603
   -6.39716950    3.5678438895
   -6.37549884    4.1730250599
   -6.35382818    4.5732173405
   -6.33215752    4.6958951353
   -6.31048686    4.5179418644
   -6.28881620    4.0727578189
   -6.26714554    3.4400300289
   -6.24547488    2.7224604597
   -6.22380421    2.0187690032
   -6.20213355    1.4026114324
   -6.18046289    0.9130904924
   -6.15879223    0.5569496902
   -6.13712157    0.3183052578
   -6.11545091    0.1704501382
   -6.09378025    0.0855217547
   -6.07210959    0.0402051371
   -6.05043893    0.0177097403
   -6.02876827    0.0073091780
   -6.00709761    0.0028265103
   -5.98542695    0.0010241376
   -5.96375629    0.0003476897
   -5.94208563    0.0001105989
   -5.92041497    0.0000329637
   -5.89874431    0.0000092055
   -5.87707365    0.0000024087
   -5.85540299    0.0000005905
   -5.83373233    0.0000001357
   -5.81206167    0.0000000292
   -5.79039101    0.0000000059
   -5.76872035    0.0000000011
   -5.74704968    0.0000000002
   -5.72537902    0.0000000000
   -5.70370836    0.0000000000
   -5.68203770    0.0000000000
   -5.66036704    0.0000000000
   -5.63869638    0.0000000000
   -5.61702572    0.0000000000
   -5.59535506    0.0000000000
   -5.57368440    0.0000000000
   -5.55201374    0.0000000000
   -5.53034308    0.0000000000
   -5.50867242    0.0000000000
   -5.48700176    0.0000000000
   -5.46533110    0.0000000000
   -5.44366044    0.0000000000
   -5.42198978    0.0000000000
   -5.40031912    0.0000000000
   -5.37864846    0.0000000000
   -5.35697780    0.0000000000
   -5.33530714    0.0000000000
   -5.31363648    0.0000000000
   -5.29196582    0.0000000000
   -5.27029515    0.0000000000
   -5.24862449    0.0000000000
   -5.22695383    0.0000000000
   -5.20528317    0.0000000000
   -5.18361251    0.0000000000
   -5.16194185    0.0000000000
   -5.14027119    0.0000000000
   -5.11860053    0.0000000000
   -5.09692987    0.0000000000
   -5.07525921    0.0000000000
   -5.05358855    0.0000000000
   -5.03191789    0.0000000000
   -5.01024723    0.0000000000
   -4.98857657    0.0000000000
   -4.96690591    0.0000000000
   -4.94523525    0.0000000000
   -4.92356459    0.0000000000
   -4.90189393    0.0000000000
   -4.88022327    0.0000000000
   -4.85855261    0.0000000000
   -4.83688195    0.0000000000
   -4.81521129    0.0000000000
   -4.79354062    0.0000000000
   -4.77186996    0.0000000000
   -4.75019930    0.0000000000
   -4.72852864    0.0000000000
   -4.70685798    0.0000000000
   -4.68518732    0.0000000000
   -4.66351666    0.0000000000
   -4.64184600    0.0000000000
   -4.62017534    0.0000000000
   -4.59850468    0.0000000000
   -4.57683402    0.0000000000
   -4.55516336    0.0000000000
   -4.53349270    0.0000000000
   -4.51182204    0.0000000000
   -4.49015138    0.0000000000
   -4.46848072    0.0000000000
   -4.44681006    0.0000000000
   -4.42513940    0.0000000000
   -4.40346874    0.0000000000
   -4.38179808    0.0000000000
   -4.36012742    0.0000000000
   -4.33845676    0.0000000000
   -4.31678609    0.0000000000
   -4.29511543    0.0000000000
   -4.27344477    0.0000000000
   -4.25177411    0.0000000003
   -4.23010345    0.0000000015
   -4.20843279    0.0000000079
   -4.18676213    0.0000000386
   -4.16509147    0.0000001772
   -4.14342081    0.0000007624
   -4.12175015    0.0000030739
   -4.10007949    0.0000116120
   -4.07840883    0.0000411013
   -4.05673817    0.0001363104
   -4.03506751    0.0004235726
   -4.01339685    0.0012332534
   -3.99172619    0.0033643606
   -3.97005553    0.0085996040
   -3.94838487    0.0205958665
   -3.92671421    0.0462175991
   -3.90504355    0.0971763078
   -3.88337289    0.1914428305
   -3.86170223    0.3533812632
   -3.84003156    0.6111863281
   -3.81836090    0.9904428981
   -3.79669024    1.5038722773
   -3.77501958    2.1395289359
   -3.75334892    2.8520102043
   -3.73167826    3.5621293468
   -3.71000760    4.1686361977
   -3.68833694    4.5709240484
   -3.66666628    4.6961257142
   -3.64499562    4.5206524901
   -3.62332496    4.0774461312
   -3.60165430    3.4458870704
   -3.57998364    2.7285979506
   -3.55831298    2.0244346236
   -3.53664232    1.4073226060
   -3.51497166    0.9166620904
   -3.49330100    0.5594362162
   -3.47163034    0.3199024634
   -3.44995968    0.1713997920
   -3.42828902    0.0860456058
   -3.40661836    0.0404736901
   -3.38494770    0.0178378541
   -3.36327703    0.0073661085
   -3.34160637    0.0028500949
   -3.31993571    0.0010332519
   -3.29826505    0.0003509771
   -3.27659439    0.0001117062
   -3.25492373    0.0000333120
   -3.23325307    0.0000093079
   -3.21158241    0.0000024368
   -3.18991175    0.0000005978
   -3.16824109    0.0000001374
   -3.14657043    0.0000000296
   -3.12489977    0.0000000060
   -3.10322911    0.0000000011
   -3.08155845    0.0000000002
   -3.05988779    0.0000000000
   -3.03821713    0.0000000000
   -3.01654647    0.0000000000
   -2.99487581    0.0000000000
   -2.97320515    0.0000000000
   -2.95153449    0.0000000000
   -2.92986383    0.0000000000
   -2.90819317    0.0000000000
   -2.88652250    0.0000000000
   -2.86485184    0.0000000000
   -2.84318118    0.0000000000
   -2.82151052    0.0000000000
   -2.79983986    0.0000000000
   -2.77816920    0.0000000000
   -2.75649854    0.0000000000
   -2.73482788    0.0000000000
   -2.71315722    0.0000000000
   -2.69148656    0.0000000000
   -2.66981590    0.0000000000
   -2.64814524    0.0000000000
   -2.62647458    0.0000000000
   -2.60480392    0.0000000000
   -2.58313326    0.0000000000
   -2.56146260    0.0000000000
   -2.53979194    0.0000000000
   -2.51812128    0.0000000000
   -2.49645062    0.0000000000
   -2.47477996    0.0000000000
   -2.45310930    0.0000000000
   -2.43143864    0.0000000000
   -2.40976797    0.0000000000
   -2.38809731    0.0000000000
   -2.36642665    0.0000000000
   -2.34475599    0.0000000000
   -2.32308533    0.0000000000
   -2.30141467    0.0000000000
   -2.27974401    0.0000000000
   -2.25807335    0.0000000000
   -2.23640269    0.0000000000
   -2.21473203    0.0000000000
   -2.19306137    0.0000000000
   -2.17139071    0.0000000000
   -2.14972005    0.0000000000
   -2.12804939    0.0000000000
   -2.10637873    0.0000000000
   -2.08470807    0.0000000000
   -2.06303741    0.0000000000
   -2.04136675    0.0000000000
   -2.01969609    0.0000000000
   -1.99802543    0.0000000000
   -1.97635477    0.0000000000
   -1.95468411    0.0000000000
   -1.93301344    0.0000000000
   -1.91134278    0.0000000000
   -1.88967212    0.0000000000
   -1.86800146    0.0000000000
   -1.84633080    0.0000000000
   -1.82466014    0.0000000000
   -1.80298948    0.0000000000
   -1.78131882    0.0000000000
   -1.75964816    0.0000000000
   -1.73797750    0.0000000000
   -1.71630684    0.0000000000
   -1.69463618    0.0000000000
   -1.67296552    0.0000000000
   -1.65129486    0.0000000000
   -1.62962420    0.0000000000
   -1.60795354    0.0000000000
   -1.58628288    0.0000000000
   -1.56461222    0.0000000000
   -1.54294156    0.0000000000
   -1.52127090    0.0000000000
   -1.49960024    0.0000000000
   -1.47792958    0.0000000000
   -1.45625891    0.0000000000
   -1.43458825    0.0000000000
   -1.41291759    0.0000000000
   -1.39124693    0.0000000000
   -1.36957627    0.0000000000
   -1.34790561    0.0000000000
   -1.32623495    0.0000000000
   -1.30456429    0.0000000000
   -1.28289363    0.0000000000
   -1.26122297    0.0000000000
   -1.23955231    0.0000000000
   -1.21788165    0.0000000000
   -1.19621099    0.0000000000
   -1.17454033    0.0000000000
   -1.15286967    0.0000000000
   -1.13119901    0.0000000000
   -1.10952835    0.0000000000
   -1.08785769    0.0000000000
   -1.06618703    0.0000000000
   -1.04451637    0.0000000000
   -1.02284571    0.0000000000
   -1.00117505    0.0000000000
   -0.97950438    0.0000000000
   -0.95783372    0.0000000000
   -0.93616306    0.0000000000
   -0.91449240    0.0000000000
   -0.89282174    0.0000000000
   -0.87115108    0.0000000000
   -0.84948042    0.0000000000
   -0.82780976    0.0000000000
   -0.80613910    0.0000000000
   -0.78446844    0.0000000000
   -0.76279778    0.0000000000
   -0.74112712    0.0000000000
   -0.71945646    0.0000000000
   -0.69778580    0.0000000000
   -0.67611514    0.0000000000
   -0.65444448    0.0000000000
   -0.63277382    0.0000000000
   -0.61110316    0.0000000000
   -0.58943250    0.0000000000
   -0.56776184    0.0000000000
   -0.54609118    0.0000000000
   -0.52442052    0.0000000000
   -0.50274985    0.0000000000
   -0.48107919    0.0000000000
   -0.45940853    0.0000000000
   -0.43773787    0.0000000000
   -0.41606721    0.0000000000
   -0.39439655    0.0000000000
   -0.37272589    0.0000000000
   -0.35105523    0.0000000000
   -0.32938457    0.0000000000
   -0.30771391    0.0000000000
   -0.28604325    0.0000000000
   -0.26437259    0.0000000000
   -0.24270193    0.0000000000
   -0.22103127    0.0000000000
   -0.19936061    0.0000000000
   -0.17768995    0.0000000000
   -0.15601929    0.0000000000
   -0.13434863    0.0000000000
   -0.11267797    0.0000000000
   -0.09100731    0.0000000000
   -0.06933665    0.0000000000
   -0.04766599    0.0000000000
   -0.02599532    0.0000000000
   -0.00432466    0.0000000000
    0.01734600    0.0000000000
    0.03901666    0.0000000000
    0.06068732    0.0000000000
    0.08235798    0.0000000000
    0.10402864    0.0000000000
    0.12569930    0.0000000000
    0.14736996    0.0000000000
    0.16904062    0.0000000000
    0.19071128    0.0000000000
    0.21238194    0.0000000000
    0.23405260    0.0000000000
    0.25572326    0.0000000000
    0.27739392    0.0000000000
    0.29906458    0.0000000000
    0.32073524    0.0000000000
    0.34240590    0.0000000000
    0.36407656    0.0000000000
    0.38574722    0.0000000000
    0.40741788    0.0000000000
    0.42908854    0.0000000000
    0.45075921    0.0000000000
    0.47242987    0.0000000000
    0.49410053    0.0000000000
    0.51577119    0.0000000000
    0.53744185    0.0000000000
    0.55911251    0.0000000000
    0.58078317    0.0000000000
    0.60245383    0.0000000000
    0.62412449    0.0000000000
    0.64579515    0.0000000000
    0.66746581    0.0000000000
    0.68913647    0.0000000000
    0.71080713    0.0000000000
    0.73247779    0.0000000000
    0.75414845    0.0000000000
    0.77581911    0.0000000000
    0.79748977    0.0000000000
    0.81916043    0.0000000000
    0.84083109    0.0000000000
    0.86250175    0.0000000000
    0.88417241    0.0000000000
    0.90584307    0.0000000000
    0.92751374    0.0000000000
    0.94918440    0.0000000000
    0.97085506    0.0000000000
    0.99252572    0.0000000000
    1.01419638    0.0000000000
    1.03586704    0.0000000000
    1.05753770    0.0000000000
    1.07920836    0.0000000000
    1.10087902    0.0000000000
    1.12254968    0.0000000000
    1.14422034    0.0000000000
    1.16589100    0.0000000000
    1.18756166    0.0000000000
    1.20923232    0.0000000000
    1.23090298    0.0000000000
    1.25257364    0.0000000000
    1.27424430    0.0000000000
    1.29591496    0.0000000000
    1.31758562    0.0000000000
    1.33925628    0.0000000000
    1.36092694    0.0000000000
    1.38259760    0.0000000000
    1.40426827    0.0000000000
    1.42593893    0.0000000000
    1.44760959    0.0000000000
    1.46928025    0.0000000000
    1.49095091    0.0000000000
    1.51262157    0.0000000000
    1.53429223    0.0000000000
    1.55596289    0.0000000000
    1.57763355    0.0000000000
    1.59930421    0.0000000000
    1.62097487    0.0000000000
    1.64264553    0.0000000000
    1.66431619    0.0000000000
    1.68598685    0.0000000000
    1.70765751    0.0000000000
    1.72932817    0.0000000000
    1.75099883    0.0000000000
    1.77266949    0.0000000000
    1.79434015    0.0000000000
    1.81601081    0.0000000000
    1.83768147    0.0000000000
    1.85935213    0.0000000000
    1.88102280    0.0000000000
    1.90269346    0.0000000000
    1.92436412    0.0000000000
    1.94603478    0.0000000000
    1.96770544    0.0000000000
    1.98937610    0.0000000000
    2.01104676    0.0000000000
    2.03271742    0.0000000000
    2.05438808    0.0000000000
    2.07605874    0.0000000000
    2.09772940    0.0000000000
    2.11940006    0.0000000000
    2.14107072    0.0000000000
    2.16274138    0.0000000000
    2.18441204    0.0000000000
    2.20608270    0.0000000000
    2.22775336    0.0000000000
    2.24942402    0.0000000000
    2.27109468    0.0000000000
    2.29276534    0.0000000000
    2.31443600    0.0000000000
    2.33610666    0.0000000000
    2.35777733    0.0000000000
    2.37944799    0.0000000000
    2.40111865    0.0000000000
    2.42278931    0.0000000000
    2.44445997    0.0000000000
    2.46613063    0.0000000000
    2.48780129    0.0000000000
    2.50947195    0.0000000000
    2.53114261    0.0000000000
    2.55281327    0.0000000000
    2.57448393    0.0000000000
    2.59615459    0.0000000000
    2.61782525    0.0000000000
    2.63949591    0.0000000000
    2.66116657    0.0000000000
    2.68283723    0.0000000000
    2.70450789    0.0000000000
    2.72617855    0.0000000000
    2.74784921    0.0000000000
    2.76951987    0.0000000000
    2.79119053    0.0000000000
    2.81286119    0.0000000000
    2.83453186    0.0000000000
    2.85620252    0.0000000000
    2.87787318    0.0000000000
    2.89954384    0.0000000000
    2.92121450    0.0000000000
    2.94288516    0.0000000000
    2.96455582    0.0000000000
    2.98622648    0.0000000000
    3.00789714    0.0000000000
    3.02956780    0.0000000000
    3.05123846    0.0000000000
    3.07290912    0.0000000001
    3.09457978    0.0000000006
    3.11625044    0.0000000031
    3.13792110    0.0000000157
    3.15959176    0.0000000750
    3.18126242    0.0000003350
    3.20293308    0.0000014016
    3.22460374    0.0000054946
    3.24627440    0.0000201825
    3.26794506    0.0000694602
    3.28961572    0.0002239871
    3.31128639    0.0006767612
    3.33295705    0.0019159031
    3.35462771    0.0050820316
    3.37629837    0.0126306840
    3.39796903    0.0294131867
    3.41963969    0.0641775285
    3.44131035    0.1312047617
    3.46298101    0.2513285959
    3.48465167    0.4510865861
    3.50632233    0.7585838985
    3.52799299    1.1952892879
    3.54966365    1.7646888200
    3.57133431    2.4411189429
    3.59300497    3.1639925124
    3.61467563    3.8424449396
    3.63634629    4.3722557603
    3.65801695    4.6615373026
    3.67968761    4.6567022380
    3.70135827    4.3586648234
    3.72302893    3.8225588287
    3.74469959    3.1410914590
    3.76637025    2.4184253452
    3.78804092    1.7446587344
    3.80971158    1.1792720139
    3.83138224    0.7468668695
    3.85305290    0.4431983117
    3.87472356    0.2464215582
    3.89639422    0.1283763434
    3.91806488    0.0626638397
    3.93973554    0.0286599022
    3.96140620    0.0122816893
    3.98307686    0.0049313656
    4.00474752    0.0018552481
    4.02641818    0.0006539770
    4.04808884    0.0002159975
    4.06975950    0.0000668437
    4.09143016    0.0000193820
    4.11310082    0.0000052658
    4.13477148    0.0000013404
    4.15644214    0.0000003197
    4.17811280    0.0000000715
    4.19978346    0.0000000150
    4.22145412    0.0000000029
    4.24312478    0.0000000005
    4.26479545    0.0000000001
    4.28646611    0.0000000000
    4.30813677    0.0000000000
    4.32980743    0.0000000000
    4.35147809    0.0000000000
    4.37314875    0.0000000000
    4.39481941    0.0000000000
    4.41649007    0.0000000000
    4.43816073    0.0000000000
    4.45983139    0.0000000000
    4.48150205    0.0000000000
    4.50317271    0.0000000000
    4.52484337    0.0000000000
    4.54651403    0.0000000000
    4.56818469    0.0000000000
    4.58985535    0.0000000000
    4.61152601    0.0000000000
    4.63319667    0.0000000000
    4.65486733    0.0000000000
    4.67653799    0.0000000000
    4.69820865    0.0000000000
    4.71987931    0.0000000000
    4.74154998    0.0000000000
    4.76322064    0.0000000000
    4.78489130    0.0000000000
    4.80656196    0.0000000000
    4.82823262    0.0000000000
    4.84990328    0.0000000000
    4.87157394    0.0000000000
    4.89324460    0.0000000000
    4.91491526    0.0000000000
    4.93658592    0.0000000000
    4.95825658    0.0000000000
    4.97992724    0.0000000000
    5.00159790    0.0000000000
    5.02326856    0.0000000000
    5.04493922    0.0000000000
    5.06660988    0.0000000000
    5.08828054    0.0000000000
    5.10995120    0.0000000000
    5.13162186    0.0000000000
    5.15329252    0.0000000000
    5.17496318    0.0000000000
    5.19663384    0.0000000000
    5.21830451    0.0000000000
    5.23997517    0.0000000000
    5.26164583    0.0000000000
    5.28331649    0.0000000000
    5.30498715    0.0000000000
    5.32665781    0.0000000000
    5.34832847    0.0000000000
    5.36999913    0.0000000000
    5.39166979    0.0000000000
    5.41334045    0.0000000000
    5.43501111    0.0000000000
    5.45668177    0.0000000000
    5.47835243    0.0000000000
    5.50002309    0.0000000000
    5.52169375    0.0000000000
    5.54336441    0.0000000000
    5.56503507    0.0000000000
    5.58670573    0.0000000001
    5.60837639    0.0000000003
    5.63004705    0.0000000019
    5.65171771    0.0000000099
    5.67338837    0.0000000482
    5.69505904    0.0000002194
    5.71672970    0.0000009355
    5.73840036    0.0000037364
    5.76007102    0.0000139833
    5.78174168    0.0000490333
    5.80341234    0.0001611006
    5.82508300    0.0004959398
    5.84675366    0.0014304953
    5.86842432    0.0038660694
    5.89009498    0.0097899069
    5.91176564    0.0232280725
    5.93343630    0.0516384840
    5.95510696    0.1075621549
    5.97677762    0.2099284042
    5.99844828    0.3838916043
    6.02011894    0.6577664584
    6.04178960    1.0559917683
    6.06346026    1.5884554594
    6.08513092    2.2387997521
    6.10680158    2.9565222952
    6.12847224    3.6582448195
    6.15014290    4.2412129016
    6.17181357    4.6071577317
    6.19348423    4.6892327347
    6.21515489    4.4719423344
    6.23682555    3.9959155479
    6.25849621    3.3455082641
    6.28016687    2.6244216556
    6.30183753    1.9289937392
    6.32350819    1.3284760312
    6.34517885    0.8572398031
    6.36684951    0.5182945383
    6.38852017    0.2936139167
    6.41019083    0.1558483972
    6.43186149    0.0775092873
    6.45353215    0.0361185949
    6.47520281    0.0157700710
    6.49687347    0.0064515215
    6.51854413    0.0024729558
    6.54021479    0.0008881703
    6.56188545    0.0002988834
    6.58355611    0.0000942395
    6.60522677    0.0000278413
    6.62689743    0.0000077068
    6.64856810    0.0000019989
    6.67023876    0.0000004858
    6.69190942    0.0000001106
    6.71358008    0.0000000236
    6.73525074    0.0000000047
    6.75692140    0.0000000009
    6.77859206    0.0000000002
    6.80026272    0.0000000000
    6.82193338    0.0000000000
    6.84360404    0.0000000000
    6.86527470    0.0000000000
    6.88694536    0.0000000000
    6.90861602    0.0000000000
    6.93028668    0.0000000000
    6.95195734    0.0000000000
    6.97362800    0.0000000000
    6.99529866    0.0000000000
    7.01696932    0.0000000000
    7.03863998    0.0000000000
    7.06031064    0.0000000000
    7.08198130    0.0000000000
    7.10365196    0.0000000000
    7.12532263    0.0000000000
    7.14699329    0.0000000000
    7.16866395    0.0000000000
    7.19033461    0.0000000000
    7.21200527    0.0000000000
    7.23367593    0.0000000000
    7.25534659    0.0000000000
    7.27701725    0.0000000000
    7.29868791    0.0000000000
    7.32035857    0.0000000000
    7.34202923    0.0000000000
    7.36369989    0.0000000000
    7.38537055    0.0000000000
    7.40704121    0.0000000000
    7.42871187    0.0000000000
    7.45038253    0.0000000000
    7.47205319    0.0000000000
    7.49372385    0.0000000000
    7.51539451    0.0000000000
    7.53706517    0.0000000000
    7.55873583    0.0000000000
    7.58040649    0.0000000000
    7.60207716    0.0000000000
    7.62374782    0.0000000000
    7.64541848    0.0000000000
    7.66708914    0.0000000000
    7.68875980    0.0000000000
    7.71043046    0.0000000000
    7.73210112    0.0000000000
    7.75377178    0.0000000000
    7.77544244    0.0000000000
    7.79711310    0.0000000000
    7.81878376    0.0000000000
    7.84045442    0.0000000000
    7.86212508    0.0000000000
    7.88379574    0.0000000000
    7.90546640    0.0000000000
    7.92713706    0.0000000000
    7.94880772    0.0000000000
    7.97047838    0.0000000000
    7.99214904    0.0000000000
    8.01381970    0.0000000000
    8.03549036    0.0000000000
    8.05716102    0.0000000000
    8.07883169    0.0000000000
    8.10050235    0.0000000000
    8.12217301    0.0000000000
    8.14384367    0.0000000000
    8.16551433    0.0000000000
    8.18718499    0.0000000000
    8.20885565    0.0000000000
    8.23052631    0.0000000000
    8.25219697    0.0000000000
    8.27386763    0.0000000000
    8.29553829    0.0000000000
    8.31720895    0.0000000000
    8.33887961    0.0000000000
    8.36055027    0.0000000000
    8.38222093    0.0000000000
    8.40389159    0.0000000000
    8.42556225    0.0000000000
    8.44723291    0.0000000000
    8.46890357    0.0000000000
    8.49057423    0.0000000000
    8.51224489    0.0000000000
    8.53391555    0.0000000000
    8.55558622    0.0000000000
    8.57725688    0.0000000000
    8.59892754    0.0000000000
    8.62059820    0.0000000000
    8.64226886    0.0000000000
    8.66393952    0.0000000000
    8.68561018    0.0000000000
    8.70728084    0.0000000000
    8.72895150    0.0000000000
    8.75062216    0.0000000000
    8.77229282    0.0000000000
    8.79396348    0.0000000000
    8.81563414    0.0000000000
    8.83730480    0.0000000000
    8.85897546    0.0000000000
    8.88064612    0.0000000000
    8.90231678    0.0000000000
    8.92398744    0.0000000000
    8.94565810    0.0000000000
    8.96732876    0.0000000000
    8.98899942    0.0000000000
    9.01067008    0.0000000000
    9.03234075    0.0000000000
    9.05401141    0.0000000000
    9.07568207    0.0000000000
    9.09735273    0.0000000000
    9.11902339    0.0000000000
    9.14069405    0.0000000000
    9.16236471    0.0000000000
    9.18403537    0.0000000000
    9.20570603    0.0000000000
    9.22737669    0.0000000000
    9.24904735    0.0000000000
    9.27071801    0.0000000000
    9.29238867    0.0000000002
    9.31405933    0.0000000012
    9.33572999    0.0000000066
    9.35740065    0.0000000325
    9.37907131    0.0000001503
    9.40074197    0.0000006515
    9.42241263    0.0000026455
    9.44408329    0.0000100657
    9.46575395    0.0000358839
    9.48742461    0.0001198618
    9.50909528    0.0003751350
    9.53076594    0.0011000690
    9.55243660    0.0030225812
    9.57410726    0.0077814715
    9.59577792    0.0187702991
    9.61744858    0.0424234863
    9.63911924    0.0898394774
    9.66078990    0.1782599491
    9.68246056    0.3314103283
    9.70413122    0.5773032459
    9.72580188    0.9422532834
    9.74747254    1.4409769017
    9.76914320    2.0647718887
    9.79081386    2.7721251817
    9.81248452    3.4872195987
    9.83415518    4.1102804497
    9.85582584    4.5393044693
    9.87749650    4.6971331518
    9.89916716    4.5540954529
    9.92083782    4.1371101719
    9.94250848    3.5214193259
    9.96417914    2.8084332102
    9.98584981    2.0986313507
   10.00752047    1.4693792830
   10.02919113    0.9639563489
   10.05086179    0.5925247879
   10.07253245    0.3412568507
   10.09420311    0.1841543294
   10.11587377    0.0931125430
   10.13754443    0.0441123446
   10.15921509    0.0195811320
   10.18088575    0.0081440635
   10.20255641    0.0031737316
   10.22422707    0.0011588439
   10.24589773    0.0003964655
   10.26756839    0.0001270901
   10.28923905    0.0000381721
   10.31090971    0.0000107435
   10.33258037    0.0000028383
   10.35425103    0.0000007283
   10.37592169    0.0000002945
   10.39759235    0.0000006127
   10.41926301    0.0000023651
   10.44093367    0.0000090221
   10.46260434    0.0000323348
   10.48427500    0.0001085978
   10.50594566    0.0003417430
   10.52761632    0.0010076375
   10.54928698    0.0027837784
   10.57095764    0.0072059415
   10.59262830    0.0174772257
   10.61429896    0.0397173218
   10.63596962    0.0845693744
   10.65764028    0.1687221029
   10.67931094    0.3153962615
   10.70098160    0.5524167040
   10.72265226    0.9065729637
   10.74432292    1.3940052959
   10.76599358    2.0084072658
   10.78766424    2.7112205256
   10.80933490    3.4292851851
   10.83100556    4.0641344092
   10.85267622    4.5129260950
   10.87434688    4.6954160491
   10.89601754    4.5773659888
   10.91768820    4.1810262704
   10.93935887    3.5782926304
   10.96102953    2.8694225788
   10.98270019    2.1559509122
   11.00437085    1.5177803472
   11.02604151    1.0011627476
   11.04771217    0.6187655662
   11.06938283    0.3583218514
   11.09105349    0.1944223324
   11.11272415    0.0988427236
   11.13439481    0.0470835238
   11.15606547    0.0210144928
   11.17773613    0.0087880914
   11.19940679    0.0034434670
   11.22107745    0.0012642209
   11.24274811    0.0004348863
   11.26441877    0.0001401697
   11.28608943    0.0000423310
   11.30776009    0.0000119781
   11.32943075    0.0000031757
   11.35110141    0.0000007889
   11.37277207    0.0000001836
   11.39444273    0.0000000400
   11.41611340    0.0000000082
   11.43778406    0.0000000016
   11.45945472    0.0000000003
   11.48112538    0.0000000000
   11.50279604    0.0000000000
   11.52446670    0.0000000000
   11.54613736    0.0000000000
   11.56780802    0.0000000000
   11.58947868    0.0000000000
   11.61114934    0.0000000000
   11.63282000    0.0000000000
   11.65449066    0.0000000000
   11.67616132    0.0000000000
   11.69783198    0.0000000000
   11.71950264    0.0000000000
   11.74117330    0.0000000000
   11.76284396    0.0000000000
   11.78451462    0.0000000000
   11.80618528    0.0000000000
   11.82785594    0.0000000000
   11.84952660    0.0000000000
   11.87119726    0.0000000000
   11.89286793    0.0000000000
   11.91453859    0.0000000002
   11.93620925    0.0000000011
   11.95787991    0.0000000057
   11.97955057    0.0000000283
   12.00122123    0.0000001318
   12.02289189    0.0000005745
   12.04456255    0.0000023462
   12.06623321    0.0000089779
   12.08790387    0.0000321890
   12.10957453    0.0001081341
   12.13124519    0.0003403646
   12.15291585    0.0010038102
   12.17458651    0.0027738601
   12.19625717    0.0071819637
   12.21792783    0.0174231852
   12.23959849    0.0396038675
   12.26126915    0.0843477193
   12.28293981    0.1683196382
   12.30461047    0.3147182546
   12.32628113    0.5513593942
   12.34795179    0.9050515633
   12.36962246    1.3919946522
   12.39129312    2.0059842113
   12.41296378    2.7085892706
   12.43463444    3.4267663753
   12.45630510    4.0621086884
   12.47797576    4.5117422591
   12.49964642    4.6952932730
   12.52131708    4.5783276054
   12.54298774    4.1828925360
   12.56465840    3.5807355520
   12.58632906    2.8720598716
   12.60799972    2.1584422307
   12.62967038    1.5198931921
   12.65134104    1.0027932676
   12.67301170    0.6199197163
   12.69468236    0.3590750159
   12.71635302    0.1948770188
   12.73802368    0.0990972872
   12.75969434    0.0472159361
   12.78136500    0.0210785699
   12.80303566    0.0088169703
   12.82470632    0.0034555988
   12.84637699    0.0012689747
   12.86804765    0.0004366247
   12.88971831    0.0001407633
   12.91138897    0.0000425203
   12.93305963    0.0000120345
   12.95473029    0.0000031914
   12.97640095    0.0000007930
   12.99807161    0.0000001846
   13.01974227    0.0000000403
   13.04141293    0.0000000082
   13.06308359    0.0000000016
   13.08475425    0.0000000003
   13.10642491    0.0000000000
   13.12809557    0.0000000000
   13.14976623    0.0000000000
   13.17143689    0.0000000000
   13.19310755    0.0000000000
   13.21477821    0.0000000000
   13.23644887    0.0000000000
   13.25811953    0.0000000000
   13.27979019    0.0000000000
   13.30146085    0.0000000000
   13.32313152    0.0000000000
   13.34480218    0.0000000000
   13.36647284    0.0000000000
   13.38814350    0.0000000000
   13.40981416    0.0000000000
   13.43148482    0.0000000000
   13.45315548    0.0000000000
   13.47482614    0.0000000000
   13.49649680    0.0000000000
   13.51816746    0.0000000000
   13.53983812    0.0000000000
   13.56150878    0.0000000000
   13.58317944    0.0000000000
   13.60485010    0.0000000000
   13.62652076    0.0000000000
   13.64819142    0.0000000000
   13.66986208    0.0000000000
   13.69153274    0.0000000000
   13.71320340    0.0000000000
   13.73487406    0.0000000000
   13.75654472    0.0000000000
   13.77821538    0.0000000000
   13.79988605    0.0000000001
   13.82155671    0.0000000005
   13.84322737    0.0000000027
   13.86489803    0.0000000139
   13.88656869    0.0000000664
   13.90823935    0.0000002980
   13.92991001    0.0000012531
   13.95158067    0.0000049381
   13.97325133    0.0000182330
   13.99492199    0.0000630781
   14.01659265    0.0002044677
   14.03826331    0.0006210073
   14.05993397    0.0017672357
   14.08160463    0.0047121375
   14.10327529    0.0117724575
   14.12494595    0.0275576388
   14.14661661    0.0604425219
   14.16828727    0.1242135143
   14.18995793    0.2391777749
   14.21162859    0.4315175794
   14.23329925    0.7294606418
   14.25496991    1.1553962019
   14.27664058    1.7146903605
   14.29831124    2.3843289772
   14.31998190    3.1065070751
   14.34165256    3.7923133679
   14.36332322    4.3377227130
   14.38499388    4.6488448863
   14.40666454    4.6682491269
   14.42833520    4.3922666039
   14.45000586    3.8721222609
   14.47167652    3.1984173271
   14.49334718    2.4754086101
   14.51501784    1.7950822994
   14.53668850    1.2196845753
   14.55835916    0.7764909498
   14.58002982    0.4631812439
   14.60170048    0.2588756669
   14.62337114    0.1355680023
   14.64504180    0.0665194825
   14.66671246    0.0305820242
   14.68838312    0.0131737462
   14.71005378    0.0053171395
   14.73172444    0.0020108169
   14.75339511    0.0007125128
   14.77506577    0.0002365585
   14.79673643    0.0000735885
   14.81840709    0.0000214490
   14.84007775    0.0000058577
   14.86174841    0.0000014989
   14.88341907    0.0000003594
   14.90508973    0.0000000807
   14.92676039    0.0000000170
   14.94843105    0.0000000034
   14.97010171    0.0000000006
   14.99177237    0.0000000001
   15.01344303    0.0000000000
   15.03511369    0.0000000000
   15.05678435    0.0000000000
   15.07845501    0.0000000000
   15.10012567    0.0000000000
   15.12179633    0.0000000000
   15.14346699    0.0000000000
   15.16513765    0.0000000000
   15.18680831    0.0000000000
   15.20847897    0.0000000000
   15.23014964    0.0000000000
   15.25182030    0.0000000000
   15.27349096    0.0000000000
   15.29516162    0.0000000000
   15.31683228    0.0000000000
   15.33850294    0.0000000000
   15.36017360    0.0000000000
   15.38184426    0.0000000000
   15.40351492    0.0000000000
   15.42518558    0.0000000000
   15.44685624    0.0000000000
   15.46852690    0.0000000000
   15.49019756    0.0000000000
   15.51186822    0.0000000000
   15.53353888    0.0000000000
   15.55520954    0.0000000000
   15.57688020    0.0000000000
   15.59855086    0.0000000000
   15.62022152    0.0000000000
   15.64189218    0.0000000000
   15.66356284    0.0000000000
   15.68523350    0.0000000000
   15.70690416    0.0000000000
   15.72857483    0.0000000000
   15.75024549    0.0000000000
   15.77191615    0.0000000000
   15.79358681    0.0000000000
   15.81525747    0.0000000000
   15.83692813    0.0000000000
   15.85859879    0.0000000000
   15.88026945    0.0000000000
   15.90194011    0.0000000000
   15.92361077    0.0000000000
   15.94528143    0.0000000000
   15.96695209    0.0000000000
   15.98862275    0.0000000000
   16.01029341    0.0000000000
   16.03196407    0.0000000000
   16.05363473    0.0000000000
   16.07530539    0.0000000000
   16.09697605    0.0000000000
   16.11864671    0.0000000000
   16.14031737    0.0000000000
   16.16198803    0.0000000000
   16.18365869    0.0000000000
   16.20532936    0.0000000000
   16.22700002    0.0000000000
   16.24867068    0.0000000000
   16.27034134    0.0000000000
   16.29201200    0.0000000000
   16.31368266    0.0000000000
   16.33535332    0.0000000000
   16.35702398    0.0000000000
   16.37869464    0.0000000000
   16.40036530    0.0000000000
   16.42203596    0.0000000000
   16.44370662    0.0000000000
   16.46537728    0.0000000000
   16.48704794    0.0000000000
   16.50871860    0.0000000000
   16.53038926    0.0000000000
   16.55205992    0.0000000000
   16.57373058    0.0000000000
   16.59540124    0.0000000000
   16.61707190    0.0000000000
   16.63874256    0.0000000000
   16.66041322    0.0000000000
   16.68208389    0.0000000000
   16.70375455    0.0000000000
   16.72542521    0.0000000000
   16.74709587    0.0000000000
   16.76876653    0.0000000000
   16.79043719    0.0000000000
   16.81210785    0.0000000000
   16.83377851    0.0000000000
   16.85544917    0.0000000000
   16.87711983    0.0000000000
   16.89879049    0.0000000000
   16.92046115    0.0000000000
   16.94213181    0.0000000000
   16.96380247    0.0000000000
   16.98547313    0.0000000000
   17.00714379    0.0000000000
   17.02881445    0.0000000000
   17.05048511    0.0000000000
   17.07215577    0.0000000000
   17.09382643    0.0000000000
   17.11549709    0.0000000000
   17.13716775    0.0000000000
   17.15883842    0.0000000000
   17.18050908    0.0000000000
   17.20217974    0.0000000000
   17.22385040    0.0000000000
   17.24552106    0.0000000000
   17.26719172    0.0000000000
   17.28886238    0.0000000000
   17.31053304    0.0000000000
   17.33220370    0.0000000000
   17.35387436    0.0000000000
   17.37554502    0.0000000000
   17.39721568    0.0000000000
