#  Energy (eV) |  DOS (states/eV)
  -41.37332100    0.0000000000
  -41.34726425    0.0000000000
  -41.32120750    0.0000000000
  -41.29515074    0.0000000000
  -41.26909399    0.0000000000
  -41.24303724    0.0000000000
  -41.21698048    0.0000000000
  -41.19092373    0.0000000000
  -41.16486698    0.0000000000
  -41.13881022    0.0000000000
  -41.11275347    0.0000000000
  -41.08669672    0.0000000000
  -41.06063996    0.0000000000
  -41.03458321    0.0000000000
  -41.00852646    0.0000000000
  -40.98246970    0.0000000000
  -40.95641295    0.0000000000
  -40.93035620    0.0000000000
  -40.90429944    0.0000000000
  -40.87824269    0.0000000000
  -40.85218594    0.0000000000
  -40.82612918    0.0000000000
  -40.80007243    0.0000000000
  -40.77401568    0.0000000000
  -40.74795892    0.0000000000
  -40.72190217    0.0000000000
  -40.69584542    0.0000000000
  -40.66978866    0.0000000000
  -40.64373191    0.0000000000
  -40.61767516    0.0000000000
  -40.59161840    0.0000000000
  -40.56556165    0.0000000000
  -40.53950490    0.0000000000
  -40.51344814    0.0000000000
  -40.48739139    0.0000000000
  -40.46133464    0.0000000000
  -40.43527788    0.0000000000
  -40.40922113    0.0000000000
  -40.38316438    0.0000000000
  -40.35710762    0.0000000000
  -40.33105087    0.0000000000
  -40.30499412    0.0000000000
  -40.27893736    0.0000000000
  -40.25288061    0.0000000000
  -40.22682386    0.0000000000
  -40.20076710    0.0000000000
  -40.17471035    0.0000000000
  -40.14865360    0.0000000000
  -40.12259684    0.0000000000
  -40.09654009    0.0000000000
  -40.07048334    0.0000000000
  -40.04442658    0.0000000000
  -40.01836983    0.0000000000
  -39.99231308    0.0000000000
  -39.96625632    0.0000000000
  -39.94019957    0.0000000000
  -39.91414282    0.0000000000
  -39.88808606    0.0000000000
  -39.86202931    0.0000000000
  -39.83597256    0.0000000000
  -39.80991580    0.0000000000
  -39.78385905    0.0000000000
  -39.75780230    0.0000000000
  -39.73174554    0.0000000000
  -39.70568879    0.0000000000
  -39.67963204    0.0000000000
  -39.65357529    0.0000000000
  -39.62751853    0.0000000000
  -39.60146178    0.0000000000
  -39.57540503    0.0000000000
  -39.54934827    0.0000000000
  -39.52329152    0.0000000000
  -39.49723477    0.0000000000
  -39.47117801    0.0000000000
  -39.44512126    0.0000000000
  -39.41906451    0.0000000000
  -39.39300775    0.0000000000
  -39.36695100    0.0000000000
  -39.34089425    0.0000000000
  -39.31483749    0.0000000000
  -39.28878074    0.0000000000
  -39.26272399    0.0000000000
  -39.23666723    0.0000000000
  -39.21061048    0.0000000000
  -39.18455373    0.0000000000
  -39.15849697    0.0000000000
  -39.13244022    0.0000000000
  -39.10638347    0.0000000000
  -39.08032671    0.0000000000
  -39.05426996    0.0000000000
  -39.02821321    0.0000000000
  -39.00215645    0.0000000000
  -38.97609970    0.0000000001
  -38.95004295    0.0000000005
  -38.92398619    0.0000000035
  -38.89792944    0.0000000244
  -38.87187269    0.0000001547
  -38.84581593    0.0000008937
  -38.81975918    0.0000046989
  -38.79370243    0.0000224868
  -38.76764567    0.0000979453
  -38.74158892    0.0003882949
  -38.71553217    0.0014010764
  -38.68947541    0.0046013378
  -38.66341866    0.0137539853
  -38.63736191    0.0374192549
  -38.61130515    0.0926581987
  -38.58524840    0.2088308752
  -38.55919165    0.4283785356
  -38.53313489    0.7998026397
  -38.50707814    1.3591271950
  -38.48102139    2.1021297068
  -38.45496463    2.9592459010
  -38.42890788    3.7916194094
  -38.40285113    4.4217130849
  -38.37679437    4.6933021838
  -38.35073762    4.5340741109
  -38.32468087    3.9867669500
  -38.29862411    3.1906210203
  -38.27256736    2.3240835285
  -38.24651061    1.5408145871
  -38.22045385    0.9297606632
  -38.19439710    0.5106391310
  -38.16834035    0.2552578781
  -38.14228359    0.1161358640
  -38.11622684    0.0480923161
  -38.09017009    0.0181262168
  -38.06411333    0.0062181441
  -38.03805658    0.0019414962
  -38.01199983    0.0005517399
  -37.98594307    0.0001427100
  -37.95988632    0.0000335967
  -37.93382957    0.0000071988
  -37.90777281    0.0000014039
  -37.88171606    0.0000002492
  -37.85565931    0.0000000403
  -37.82960255    0.0000000059
  -37.80354580    0.0000000008
  -37.77748905    0.0000000001
  -37.75143229    0.0000000000
  -37.72537554    0.0000000000
  -37.69931879    0.0000000000
  -37.67326203    0.0000000000
  -37.64720528    0.0000000000
  -37.62114853    0.0000000000
  -37.59509177    0.0000000000
  -37.56903502    0.0000000000
  -37.54297827    0.0000000000
  -37.51692151    0.0000000000
  -37.49086476    0.0000000000
  -37.46480801    0.0000000000
  -37.43875125    0.0000000000
  -37.41269450    0.0000000000
  -37.38663775    0.0000000000
  -37.36058099    0.0000000000
  -37.33452424    0.0000000000
  -37.30846749    0.0000000000
  -37.28241073    0.0000000000
  -37.25635398    0.0000000000
  -37.23029723    0.0000000000
  -37.20424048    0.0000000000
  -37.17818372    0.0000000000
  -37.15212697    0.0000000000
  -37.12607022    0.0000000000
  -37.10001346    0.0000000000
  -37.07395671    0.0000000000
  -37.04789996    0.0000000000
  -37.02184320    0.0000000000
  -36.99578645    0.0000000000
  -36.96972970    0.0000000000
  -36.94367294    0.0000000000
  -36.91761619    0.0000000000
  -36.89155944    0.0000000000
  -36.86550268    0.0000000000
  -36.83944593    0.0000000000
  -36.81338918    0.0000000000
  -36.78733242    0.0000000000
  -36.76127567    0.0000000000
  -36.73521892    0.0000000000
  -36.70916216    0.0000000000
  -36.68310541    0.0000000000
  -36.65704866    0.0000000000
  -36.63099190    0.0000000000
  -36.60493515    0.0000000000
  -36.57887840    0.0000000000
  -36.55282164    0.0000000000
  -36.52676489    0.0000000000
  -36.50070814    0.0000000000
  -36.47465138    0.0000000000
  -36.44859463    0.0000000000
  -36.42253788    0.0000000000
  -36.39648112    0.0000000000
  -36.37042437    0.0000000000
  -36.34436762    0.0000000000
  -36.31831086    0.0000000000
  -36.29225411    0.0000000000
  -36.26619736    0.0000000000
  -36.24014060    0.0000000000
  -36.21408385    0.0000000000
  -36.18802710    0.0000000000
  -36.16197034    0.0000000000
  -36.13591359    0.0000000000
  -36.10985684    0.0000000000
  -36.08380008    0.0000000000
  -36.05774333    0.0000000000
  -36.03168658    0.0000000000
  -36.00562982    0.0000000000
  -35.97957307    0.0000000000
  -35.95351632    0.0000000000
  -35.92745956    0.0000000000
  -35.90140281    0.0000000000
  -35.87534606    0.0000000000
  -35.84928930    0.0000000000
  -35.82323255    0.0000000000
  -35.79717580    0.0000000000
  -35.77111904    0.0000000000
  -35.74506229    0.0000000000
  -35.71900554    0.0000000000
  -35.69294878    0.0000000000
  -35.66689203    0.0000000000
  -35.64083528    0.0000000000
  -35.61477852    0.0000000000
  -35.58872177    0.0000000000
  -35.56266502    0.0000000000
  -35.53660826    0.0000000000
  -35.51055151    0.0000000000
  -35.48449476    0.0000000000
  -35.45843800    0.0000000000
  -35.43238125    0.0000000000
  -35.40632450    0.0000000000
  -35.38026774    0.0000000000
  -35.35421099    0.0000000000
  -35.32815424    0.0000000000
  -35.30209748    0.0000000000
  -35.27604073    0.0000000000
  -35.24998398    0.0000000000
  -35.22392722    0.0000000000
  -35.19787047    0.0000000000
  -35.17181372    0.0000000000
  -35.14575696    0.0000000000
  -35.11970021    0.0000000000
  -35.09364346    0.0000000000
  -35.06758670    0.0000000000
  -35.04152995    0.0000000000
  -35.01547320    0.0000000000
  -34.98941644    0.0000000000
  -34.96335969    0.0000000000
  -34.93730294    0.0000000000
  -34.91124618    0.0000000000
  -34.88518943    0.0000000000
  -34.85913268    0.0000000000
  -34.83307593    0.0000000000
  -34.80701917    0.0000000000
  -34.78096242    0.0000000000
  -34.75490567    0.0000000000
  -34.72884891    0.0000000000
  -34.70279216    0.0000000000
  -34.67673541    0.0000000000
  -34.65067865    0.0000000000
  -34.62462190    0.0000000000
  -34.59856515    0.0000000000
  -34.57250839    0.0000000000
  -34.54645164    0.0000000000
  -34.52039489    0.0000000000
  -34.49433813    0.0000000000
  -34.46828138    0.0000000000
  -34.44222463    0.0000000000
  -34.41616787    0.0000000000
  -34.39011112    0.0000000000
  -34.36405437    0.0000000000
  -34.33799761    0.0000000000
  -34.31194086    0.0000000000
  -34.28588411    0.0000000000
  -34.25982735    0.0000000000
  -34.23377060    0.0000000000
  -34.20771385    0.0000000000
  -34.18165709    0.0000000000
  -34.15560034    0.0000000000
  -34.12954359    0.0000000000
  -34.10348683    0.0000000000
  -34.07743008    0.0000000000
  -34.05137333    0.0000000000
  -34.02531657    0.0000000000
  -33.99925982    0.0000000000
  -33.97320307    0.0000000000
  -33.94714631    0.0000000000
  -33.92108956    0.0000000000
  -33.89503281    0.0000000000
  -33.86897605    0.0000000000
  -33.84291930    0.0000000000
  -33.81686255    0.0000000000
  -33.79080579    0.0000000000
  -33.76474904    0.0000000000
  -33.73869229    0.0000000000
  -33.71263553    0.0000000000
  -33.68657878    0.0000000000
  -33.66052203    0.0000000000
  -33.63446527    0.0000000000
  -33.60840852    0.0000000000
  -33.58235177    0.0000000000
  -33.55629501    0.0000000000
  -33.53023826    0.0000000000
  -33.50418151    0.0000000000
  -33.47812475    0.0000000000
  -33.45206800    0.0000000000
  -33.42601125    0.0000000000
  -33.39995449    0.0000000000
  -33.37389774    0.0000000000
  -33.34784099    0.0000000000
  -33.32178423    0.0000000000
  -33.29572748    0.0000000000
  -33.26967073    0.0000000000
  -33.24361397    0.0000000000
  -33.21755722    0.0000000000
  -33.19150047    0.0000000000
  -33.16544371    0.0000000000
  -33.13938696    0.0000000000
  -33.11333021    0.0000000000
  -33.08727345    0.0000000000
  -33.06121670    0.0000000000
  -33.03515995    0.0000000000
  -33.00910319    0.0000000000
  -32.98304644    0.0000000000
  -32.95698969    0.0000000000
  -32.93093293    0.0000000000
  -32.90487618    0.0000000000
  -32.87881943    0.0000000000
  -32.85276267    0.0000000000
  -32.82670592    0.0000000000
  -32.80064917    0.0000000000
  -32.77459241    0.0000000000
  -32.74853566    0.0000000000
  -32.72247891    0.0000000000
  -32.69642215    0.0000000000
  -32.67036540    0.0000000000
  -32.64430865    0.0000000000
  -32.61825189    0.0000000000
  -32.59219514    0.0000000000
  -32.56613839    0.0000000000
  -32.54008163    0.0000000000
  -32.51402488    0.0000000000
  -32.48796813    0.0000000000
  -32.46191138    0.0000000000
  -32.43585462    0.0000000000
  -32.40979787    0.0000000000
  -32.38374112    0.0000000000
  -32.35768436    0.0000000000
  -32.33162761    0.0000000000
  -32.30557086    0.0000000000
  -32.27951410    0.0000000000
  -32.25345735    0.0000000000
  -32.22740060    0.0000000000
  -32.20134384    0.0000000000
  -32.17528709    0.0000000000
  -32.14923034    0.0000000000
  -32.12317358    0.0000000000
  -32.09711683    0.0000000000
  -32.07106008    0.0000000000
  -32.04500332    0.0000000000
  -32.01894657    0.0000000000
  -31.99288982    0.0000000000
  -31.96683306    0.0000000000
  -31.94077631    0.0000000000
  -31.91471956    0.0000000000
  -31.88866280    0.0000000000
  -31.86260605    0.0000000000
  -31.83654930    0.0000000000
  -31.81049254    0.0000000000
  -31.78443579    0.0000000000
  -31.75837904    0.0000000000
  -31.73232228    0.0000000000
  -31.70626553    0.0000000000
  -31.68020878    0.0000000000
  -31.65415202    0.0000000000
  -31.62809527    0.0000000000
  -31.60203852    0.0000000000
  -31.57598176    0.0000000000
  -31.54992501    0.0000000000
  -31.52386826    0.0000000000
  -31.49781150    0.0000000000
  -31.47175475    0.0000000000
  -31.44569800    0.0000000000
  -31.41964124    0.0000000000
  -31.39358449    0.0000000000
  -31.36752774    0.0000000000
  -31.34147098    0.0000000000
  -31.31541423    0.0000000000
  -31.28935748    0.0000000000
  -31.26330072    0.0000000000
  -31.23724397    0.0000000000
  -31.21118722    0.0000000000
  -31.18513046    0.0000000000
  -31.15907371    0.0000000000
  -31.13301696    0.0000000000
  -31.10696020    0.0000000000
  -31.08090345    0.0000000000
  -31.05484670    0.0000000000
  -31.02878994    0.0000000000
  -31.00273319    0.0000000000
  -30.97667644    0.0000000000
  -30.95061968    0.0000000000
  -30.92456293    0.0000000000
  -30.89850618    0.0000000000
  -30.87244942    0.0000000000
  -30.84639267    0.0000000000
  -30.82033592    0.0000000000
  -30.79427916    0.0000000000
  -30.76822241    0.0000000000
  -30.74216566    0.0000000000
  -30.71610890    0.0000000000
  -30.69005215    0.0000000000
  -30.66399540    0.0000000000
  -30.63793864    0.0000000000
  -30.61188189    0.0000000000
  -30.58582514    0.0000000000
  -30.55976838    0.0000000000
  -30.53371163    0.0000000000
  -30.50765488    0.0000000000
  -30.48159812    0.0000000000
  -30.45554137    0.0000000000
  -30.42948462    0.0000000000
  -30.40342786    0.0000000000
  -30.37737111    0.0000000000
  -30.35131436    0.0000000000
  -30.32525760    0.0000000000
  -30.29920085    0.0000000000
  -30.27314410    0.0000000000
  -30.24708734    0.0000000000
  -30.22103059    0.0000000000
  -30.19497384    0.0000000000
  -30.16891708    0.0000000000
  -30.14286033    0.0000000000
  -30.11680358    0.0000000000
  -30.09074683    0.0000000000
  -30.06469007    0.0000000000
  -30.03863332    0.0000000000
  -30.01257657    0.0000000000
  -29.98651981    0.0000000000
  -29.96046306    0.0000000000
  -29.93440631    0.0000000000
  -29.90834955    0.0000000000
  -29.88229280    0.0000000000
  -29.85623605    0.0000000000
  -29.83017929    0.0000000000
  -29.80412254    0.0000000000
  -29.77806579    0.0000000000
  -29.75200903    0.0000000000
  -29.72595228    0.0000000000
  -29.69989553    0.0000000000
  -29.67383877    0.0000000000
  -29.64778202    0.0000000000
  -29.62172527    0.0000000000
  -29.59566851    0.0000000000
  -29.56961176    0.0000000000
  -29.54355501    0.0000000000
  -29.51749825    0.0000000000
  -29.49144150    0.0000000000
  -29.46538475    0.0000000000
  -29.43932799    0.0000000000
  -29.41327124    0.0000000000
  -29.38721449    0.0000000000
  -29.36115773    0.0000000000
  -29.33510098    0.0000000000
  -29.30904423    0.0000000000
  -29.28298747    0.0000000000
  -29.25693072    0.0000000000
  -29.23087397    0.0000000000
  -29.20481721    0.0000000000
  -29.17876046    0.0000000000
  -29.15270371    0.0000000000
  -29.12664695    0.0000000000
  -29.10059020    0.0000000000
  -29.07453345    0.0000000000
  -29.04847669    0.0000000000
  -29.02241994    0.0000000000
  -28.99636319    0.0000000000
  -28.97030643    0.0000000000
  -28.94424968    0.0000000000
  -28.91819293    0.0000000000
  -28.89213617    0.0000000000
  -28.86607942    0.0000000000
  -28.84002267    0.0000000000
  -28.81396591    0.0000000000
  -28.78790916    0.0000000000
  -28.76185241    0.0000000000
  -28.73579565    0.0000000000
  -28.70973890    0.0000000000
  -28.68368215    0.0000000000
  -28.65762539    0.0000000000
  -28.63156864    0.0000000000
  -28.60551189    0.0000000000
  -28.57945513    0.0000000000
  -28.55339838    0.0000000000
  -28.52734163    0.0000000000
  -28.50128487    0.0000000000
  -28.47522812    0.0000000000
  -28.44917137    0.0000000000
  -28.42311461    0.0000000000
  -28.39705786    0.0000000000
  -28.37100111    0.0000000000
  -28.34494435    0.0000000000
  -28.31888760    0.0000000000
  -28.29283085    0.0000000000
  -28.26677409    0.0000000000
  -28.24071734    0.0000000000
  -28.21466059    0.0000000000
  -28.18860383    0.0000000000
  -28.16254708    0.0000000000
  -28.13649033    0.0000000000
  -28.11043357    0.0000000000
  -28.08437682    0.0000000000
  -28.05832007    0.0000000000
  -28.03226331    0.0000000000
  -28.00620656    0.0000000000
  -27.98014981    0.0000000000
  -27.95409305    0.0000000000
  -27.92803630    0.0000000000
  -27.90197955    0.0000000000
  -27.87592279    0.0000000000
  -27.84986604    0.0000000000
  -27.82380929    0.0000000000
  -27.79775253    0.0000000000
  -27.77169578    0.0000000000
  -27.74563903    0.0000000000
  -27.71958228    0.0000000000
  -27.69352552    0.0000000000
  -27.66746877    0.0000000000
  -27.64141202    0.0000000000
  -27.61535526    0.0000000000
  -27.58929851    0.0000000000
  -27.56324176    0.0000000000
  -27.53718500    0.0000000000
  -27.51112825    0.0000000000
  -27.48507150    0.0000000000
  -27.45901474    0.0000000000
  -27.43295799    0.0000000000
  -27.40690124    0.0000000000
  -27.38084448    0.0000000000
  -27.35478773    0.0000000000
  -27.32873098    0.0000000000
  -27.30267422    0.0000000000
  -27.27661747    0.0000000000
  -27.25056072    0.0000000000
  -27.22450396    0.0000000000
  -27.19844721    0.0000000000
  -27.17239046    0.0000000000
  -27.14633370    0.0000000000
  -27.12027695    0.0000000000
  -27.09422020    0.0000000000
  -27.06816344    0.0000000000
  -27.04210669    0.0000000000
  -27.01604994    0.0000000000
  -26.98999318    0.0000000000
  -26.96393643    0.0000000000
  -26.93787968    0.0000000000
  -26.91182292    0.0000000000
  -26.88576617    0.0000000000
  -26.85970942    0.0000000000
  -26.83365266    0.0000000000
  -26.80759591    0.0000000000
  -26.78153916    0.0000000000
  -26.75548240    0.0000000000
  -26.72942565    0.0000000000
  -26.70336890    0.0000000000
  -26.67731214    0.0000000000
  -26.65125539    0.0000000000
  -26.62519864    0.0000000000
  -26.59914188    0.0000000000
  -26.57308513    0.0000000000
  -26.54702838    0.0000000000
  -26.52097162    0.0000000000
  -26.49491487    0.0000000000
  -26.46885812    0.0000000000
  -26.44280136    0.0000000000
  -26.41674461    0.0000000000
  -26.39068786    0.0000000000
  -26.36463110    0.0000000000
  -26.33857435    0.0000000000
  -26.31251760    0.0000000000
  -26.28646084    0.0000000000
  -26.26040409    0.0000000000
  -26.23434734    0.0000000000
  -26.20829058    0.0000000000
  -26.18223383    0.0000000000
  -26.15617708    0.0000000000
  -26.13012032    0.0000000000
  -26.10406357    0.0000000000
  -26.07800682    0.0000000000
  -26.05195006    0.0000000000
  -26.02589331    0.0000000000
  -25.99983656    0.0000000000
  -25.97377980    0.0000000000
  -25.94772305    0.0000000000
  -25.92166630    0.0000000000
  -25.89560954    0.0000000000
  -25.86955279    0.0000000000
  -25.84349604    0.0000000000
  -25.81743928    0.0000000000
  -25.79138253    0.0000000000
  -25.76532578    0.0000000000
  -25.73926902    0.0000000000
  -25.71321227    0.0000000000
  -25.68715552    0.0000000000
  -25.66109876    0.0000000000
  -25.63504201    0.0000000000
  -25.60898526    0.0000000000
  -25.58292850    0.0000000000
  -25.55687175    0.0000000000
  -25.53081500    0.0000000000
  -25.50475824    0.0000000000
  -25.47870149    0.0000000000
  -25.45264474    0.0000000000
  -25.42658798    0.0000000000
  -25.40053123    0.0000000000
  -25.37447448    0.0000000000
  -25.34841773    0.0000000000
  -25.32236097    0.0000000000
  -25.29630422    0.0000000000
  -25.27024747    0.0000000000
  -25.24419071    0.0000000000
  -25.21813396    0.0000000000
  -25.19207721    0.0000000000
  -25.16602045    0.0000000000
  -25.13996370    0.0000000000
  -25.11390695    0.0000000000
  -25.08785019    0.0000000000
  -25.06179344    0.0000000000
  -25.03573669    0.0000000000
  -25.00967993    0.0000000000
  -24.98362318    0.0000000000
  -24.95756643    0.0000000000
  -24.93150967    0.0000000000
  -24.90545292    0.0000000000
  -24.87939617    0.0000000000
  -24.85333941    0.0000000000
  -24.82728266    0.0000000000
  -24.80122591    0.0000000000
  -24.77516915    0.0000000000
  -24.74911240    0.0000000000
  -24.72305565    0.0000000000
  -24.69699889    0.0000000000
  -24.67094214    0.0000000000
  -24.64488539    0.0000000000
  -24.61882863    0.0000000000
  -24.59277188    0.0000000000
  -24.56671513    0.0000000000
  -24.54065837    0.0000000000
  -24.51460162    0.0000000000
  -24.48854487    0.0000000000
  -24.46248811    0.0000000000
  -24.43643136    0.0000000000
  -24.41037461    0.0000000000
  -24.38431785    0.0000000000
  -24.35826110    0.0000000000
  -24.33220435    0.0000000000
  -24.30614759    0.0000000000
  -24.28009084    0.0000000000
  -24.25403409    0.0000000000
  -24.22797733    0.0000000000
  -24.20192058    0.0000000000
  -24.17586383    0.0000000000
  -24.14980707    0.0000000000
  -24.12375032    0.0000000000
  -24.09769357    0.0000000000
  -24.07163681    0.0000000000
  -24.04558006    0.0000000000
  -24.01952331    0.0000000000
  -23.99346655    0.0000000000
  -23.96740980    0.0000000000
  -23.94135305    0.0000000000
  -23.91529629    0.0000000000
  -23.88923954    0.0000000000
  -23.86318279    0.0000000000
  -23.83712603    0.0000000000
  -23.81106928    0.0000000000
  -23.78501253    0.0000000000
  -23.75895577    0.0000000000
  -23.73289902    0.0000000000
  -23.70684227    0.0000000000
  -23.68078551    0.0000000000
  -23.65472876    0.0000000000
  -23.62867201    0.0000000000
  -23.60261525    0.0000000000
  -23.57655850    0.0000000000
  -23.55050175    0.0000000000
  -23.52444499    0.0000000000
  -23.49838824    0.0000000000
  -23.47233149    0.0000000000
  -23.44627473    0.0000000000
  -23.42021798    0.0000000000
  -23.39416123    0.0000000000
  -23.36810447    0.0000000000
  -23.34204772    0.0000000000
  -23.31599097    0.0000000000
  -23.28993421    0.0000000000
  -23.26387746    0.0000000000
  -23.23782071    0.0000000000
  -23.21176395    0.0000000000
  -23.18570720    0.0000000000
  -23.15965045    0.0000000000
  -23.13359369    0.0000000000
  -23.10753694    0.0000000000
  -23.08148019    0.0000000000
  -23.05542343    0.0000000000
  -23.02936668    0.0000000000
  -23.00330993    0.0000000000
  -22.97725318    0.0000000000
  -22.95119642    0.0000000000
  -22.92513967    0.0000000000
  -22.89908292    0.0000000000
  -22.87302616    0.0000000000
  -22.84696941    0.0000000000
  -22.82091266    0.0000000000
  -22.79485590    0.0000000000
  -22.76879915    0.0000000000
  -22.74274240    0.0000000000
  -22.71668564    0.0000000000
  -22.69062889    0.0000000000
  -22.66457214    0.0000000000
  -22.63851538    0.0000000000
  -22.61245863    0.0000000000
  -22.58640188    0.0000000000
  -22.56034512    0.0000000000
  -22.53428837    0.0000000000
  -22.50823162    0.0000000000
  -22.48217486    0.0000000000
  -22.45611811    0.0000000000
  -22.43006136    0.0000000000
  -22.40400460    0.0000000000
  -22.37794785    0.0000000000
  -22.35189110    0.0000000000
  -22.32583434    0.0000000000
  -22.29977759    0.0000000000
  -22.27372084    0.0000000000
  -22.24766408    0.0000000000
  -22.22160733    0.0000000000
  -22.19555058    0.0000000000
  -22.16949382    0.0000000000
  -22.14343707    0.0000000000
  -22.11738032    0.0000000000
  -22.09132356    0.0000000000
  -22.06526681    0.0000000000
  -22.03921006    0.0000000000
  -22.01315330    0.0000000000
  -21.98709655    0.0000000000
  -21.96103980    0.0000000000
  -21.93498304    0.0000000000
  -21.90892629    0.0000000000
  -21.88286954    0.0000000000
  -21.85681278    0.0000000000
  -21.83075603    0.0000000000
  -21.80469928    0.0000000000
  -21.77864252    0.0000000000
  -21.75258577    0.0000000000
  -21.72652902    0.0000000000
  -21.70047226    0.0000000000
  -21.67441551    0.0000000000
  -21.64835876    0.0000000000
  -21.62230200    0.0000000000
  -21.59624525    0.0000000000
  -21.57018850    0.0000000000
  -21.54413174    0.0000000000
  -21.51807499    0.0000000000
  -21.49201824    0.0000000000
  -21.46596148    0.0000000000
  -21.43990473    0.0000000000
  -21.41384798    0.0000000000
  -21.38779122    0.0000000000
  -21.36173447    0.0000000000
  -21.33567772    0.0000000000
  -21.30962096    0.0000000000
  -21.28356421    0.0000000000
  -21.25750746    0.0000000000
  -21.23145070    0.0000000000
  -21.20539395    0.0000000000
  -21.17933720    0.0000000000
  -21.15328044    0.0000000000
  -21.12722369    0.0000000000
  -21.10116694    0.0000000000
  -21.07511018    0.0000000000
  -21.04905343    0.0000000000
  -21.02299668    0.0000000000
  -20.99693992    0.0000000000
  -20.97088317    0.0000000000
  -20.94482642    0.0000000000
  -20.91876966    0.0000000000
  -20.89271291    0.0000000000
  -20.86665616    0.0000000000
  -20.84059940    0.0000000000
  -20.81454265    0.0000000000
  -20.78848590    0.0000000000
  -20.76242914    0.0000000000
  -20.73637239    0.0000000000
  -20.71031564    0.0000000000
  -20.68425888    0.0000000000
  -20.65820213    0.0000000000
  -20.63214538    0.0000000000
  -20.60608863    0.0000000000
  -20.58003187    0.0000000000
  -20.55397512    0.0000000000
  -20.52791837    0.0000000000
  -20.50186161    0.0000000000
  -20.47580486    0.0000000000
  -20.44974811    0.0000000000
  -20.42369135    0.0000000000
  -20.39763460    0.0000000000
  -20.37157785    0.0000000000
  -20.34552109    0.0000000000
  -20.31946434    0.0000000000
  -20.29340759    0.0000000000
  -20.26735083    0.0000000000
  -20.24129408    0.0000000000
  -20.21523733    0.0000000000
  -20.18918057    0.0000000000
  -20.16312382    0.0000000000
  -20.13706707    0.0000000000
  -20.11101031    0.0000000000
  -20.08495356    0.0000000000
  -20.05889681    0.0000000000
  -20.03284005    0.0000000000
  -20.00678330    0.0000000000
  -19.98072655    0.0000000000
  -19.95466979    0.0000000000
  -19.92861304    0.0000000000
  -19.90255629    0.0000000000
  -19.87649953    0.0000000000
  -19.85044278    0.0000000000
  -19.82438603    0.0000000000
  -19.79832927    0.0000000000
  -19.77227252    0.0000000000
  -19.74621577    0.0000000000
  -19.72015901    0.0000000000
  -19.69410226    0.0000000000
  -19.66804551    0.0000000000
  -19.64198875    0.0000000000
  -19.61593200    0.0000000000
  -19.58987525    0.0000000000
  -19.56381849    0.0000000000
  -19.53776174    0.0000000000
  -19.51170499    0.0000000000
  -19.48564823    0.0000000000
  -19.45959148    0.0000000000
  -19.43353473    0.0000000000
  -19.40747797    0.0000000000
  -19.38142122    0.0000000000
  -19.35536447    0.0000000000
  -19.32930771    0.0000000000
  -19.30325096    0.0000000000
  -19.27719421    0.0000000000
  -19.25113745    0.0000000000
  -19.22508070    0.0000000000
  -19.19902395    0.0000000000
  -19.17296719    0.0000000000
  -19.14691044    0.0000000000
  -19.12085369    0.0000000000
  -19.09479693    0.0000000000
  -19.06874018    0.0000000000
  -19.04268343    0.0000000000
  -19.01662667    0.0000000000
  -18.99056992    0.0000000000
  -18.96451317    0.0000000000
  -18.93845641    0.0000000000
  -18.91239966    0.0000000000
  -18.88634291    0.0000000000
  -18.86028615    0.0000000000
  -18.83422940    0.0000000000
  -18.80817265    0.0000000000
  -18.78211589    0.0000000000
  -18.75605914    0.0000000000
  -18.73000239    0.0000000000
  -18.70394563    0.0000000000
  -18.67788888    0.0000000000
  -18.65183213    0.0000000000
  -18.62577537    0.0000000000
  -18.59971862    0.0000000000
  -18.57366187    0.0000000000
  -18.54760511    0.0000000000
  -18.52154836    0.0000000000
  -18.49549161    0.0000000000
  -18.46943485    0.0000000000
  -18.44337810    0.0000000000
  -18.41732135    0.0000000000
  -18.39126459    0.0000000000
  -18.36520784    0.0000000000
  -18.33915109    0.0000000000
  -18.31309433    0.0000000000
  -18.28703758    0.0000000000
  -18.26098083    0.0000000000
  -18.23492408    0.0000000000
  -18.20886732    0.0000000000
  -18.18281057    0.0000000000
  -18.15675382    0.0000000000
  -18.13069706    0.0000000000
  -18.10464031    0.0000000000
  -18.07858356    0.0000000000
  -18.05252680    0.0000000000
  -18.02647005    0.0000000000
  -18.00041330    0.0000000000
  -17.97435654    0.0000000000
  -17.94829979    0.0000000000
  -17.92224304    0.0000000000
  -17.89618628    0.0000000000
  -17.87012953    0.0000000000
  -17.84407278    0.0000000000
  -17.81801602    0.0000000000
  -17.79195927    0.0000000000
  -17.76590252    0.0000000000
  -17.73984576    0.0000000000
  -17.71378901    0.0000000000
  -17.68773226    0.0000000000
  -17.66167550    0.0000000000
  -17.63561875    0.0000000000
  -17.60956200    0.0000000000
  -17.58350524    0.0000000000
  -17.55744849    0.0000000000
  -17.53139174    0.0000000000
  -17.50533498    0.0000000000
  -17.47927823    0.0000000000
  -17.45322148    0.0000000000
  -17.42716472    0.0000000000
  -17.40110797    0.0000000000
  -17.37505122    0.0000000000
  -17.34899446    0.0000000000
  -17.32293771    0.0000000000
  -17.29688096    0.0000000000
  -17.27082420    0.0000000000
  -17.24476745    0.0000000000
  -17.21871070    0.0000000000
  -17.19265394    0.0000000000
  -17.16659719    0.0000000000
  -17.14054044    0.0000000000
  -17.11448368    0.0000000000
  -17.08842693    0.0000000000
  -17.06237018    0.0000000000
  -17.03631342    0.0000000000
  -17.01025667    0.0000000000
  -16.98419992    0.0000000000
  -16.95814316    0.0000000000
  -16.93208641    0.0000000000
  -16.90602966    0.0000000000
  -16.87997290    0.0000000000
  -16.85391615    0.0000000000
  -16.82785940    0.0000000000
  -16.80180264    0.0000000000
  -16.77574589    0.0000000000
  -16.74968914    0.0000000000
  -16.72363238    0.0000000000
  -16.69757563    0.0000000000
  -16.67151888    0.0000000000
  -16.64546212    0.0000000000
  -16.61940537    0.0000000000
  -16.59334862    0.0000000000
  -16.56729186    0.0000000000
  -16.54123511    0.0000000000
  -16.51517836    0.0000000000
  -16.48912160    0.0000000000
  -16.46306485    0.0000000000
  -16.43700810    0.0000000000
  -16.41095134    0.0000000000
  -16.38489459    0.0000000000
  -16.35883784    0.0000000000
  -16.33278108    0.0000000000
  -16.30672433    0.0000000000
  -16.28066758    0.0000000000
  -16.25461082    0.0000000000
  -16.22855407    0.0000000000
  -16.20249732    0.0000000000
  -16.17644056    0.0000000000
  -16.15038381    0.0000000000
  -16.12432706    0.0000000000
  -16.09827030    0.0000000000
  -16.07221355    0.0000000000
  -16.04615680    0.0000000000
  -16.02010004    0.0000000000
  -15.99404329    0.0000000000
  -15.96798654    0.0000000000
  -15.94192978    0.0000000000
  -15.91587303    0.0000000000
  -15.88981628    0.0000000000
  -15.86375953    0.0000000000
  -15.83770277    0.0000000000
  -15.81164602    0.0000000000
  -15.78558927    0.0000000000
  -15.75953251    0.0000000000
  -15.73347576    0.0000000000
  -15.70741901    0.0000000000
  -15.68136225    0.0000000000
  -15.65530550    0.0000000000
  -15.62924875    0.0000000000
  -15.60319199    0.0000000000
  -15.57713524    0.0000000000
  -15.55107849    0.0000000000
  -15.52502173    0.0000000000
  -15.49896498    0.0000000000
  -15.47290823    0.0000000000
  -15.44685147    0.0000000000
  -15.42079472    0.0000000000
  -15.39473797    0.0000000000
  -15.36868121    0.0000000000
  -15.34262446    0.0000000000
  -15.31656771    0.0000000000
  -15.29051095    0.0000000000
  -15.26445420    0.0000000000
  -15.23839745    0.0000000000
  -15.21234069    0.0000000000
  -15.18628394    0.0000000000
  -15.16022719    0.0000000000
  -15.13417043    0.0000000000
  -15.10811368    0.0000000000
  -15.08205693    0.0000000000
  -15.05600017    0.0000000000
  -15.02994342    0.0000000000
  -15.00388667    0.0000000000
  -14.97782991    0.0000000000
  -14.95177316    0.0000000000
  -14.92571641    0.0000000000
  -14.89965965    0.0000000000
  -14.87360290    0.0000000000
  -14.84754615    0.0000000000
  -14.82148939    0.0000000000
  -14.79543264    0.0000000000
  -14.76937589    0.0000000000
  -14.74331913    0.0000000000
  -14.71726238    0.0000000000
  -14.69120563    0.0000000000
  -14.66514887    0.0000000000
  -14.63909212    0.0000000000
  -14.61303537    0.0000000000
  -14.58697861    0.0000000000
  -14.56092186    0.0000000000
  -14.53486511    0.0000000000
  -14.50880835    0.0000000000
  -14.48275160    0.0000000000
  -14.45669485    0.0000000000
  -14.43063809    0.0000000000
  -14.40458134    0.0000000000
  -14.37852459    0.0000000000
  -14.35246783    0.0000000000
  -14.32641108    0.0000000000
  -14.30035433    0.0000000000
  -14.27429757    0.0000000000
  -14.24824082    0.0000000000
  -14.22218407    0.0000000000
  -14.19612731    0.0000000000
  -14.17007056    0.0000000000
  -14.14401381    0.0000000000
  -14.11795705    0.0000000000
  -14.09190030    0.0000000000
  -14.06584355    0.0000000000
  -14.03978679    0.0000000000
  -14.01373004    0.0000000000
  -13.98767329    0.0000000000
  -13.96161653    0.0000000000
  -13.93555978    0.0000000000
  -13.90950303    0.0000000000
  -13.88344627    0.0000000000
  -13.85738952    0.0000000000
  -13.83133277    0.0000000000
  -13.80527601    0.0000000000
  -13.77921926    0.0000000000
  -13.75316251    0.0000000000
  -13.72710575    0.0000000000
  -13.70104900    0.0000000000
  -13.67499225    0.0000000000
  -13.64893549    0.0000000000
  -13.62287874    0.0000000000
  -13.59682199    0.0000000000
  -13.57076523    0.0000000000
  -13.54470848    0.0000000000
  -13.51865173    0.0000000000
  -13.49259498    0.0000000000
  -13.46653822    0.0000000000
  -13.44048147    0.0000000000
  -13.41442472    0.0000000000
  -13.38836796    0.0000000000
  -13.36231121    0.0000000000
  -13.33625446    0.0000000000
  -13.31019770    0.0000000000
  -13.28414095    0.0000000000
  -13.25808420    0.0000000000
  -13.23202744    0.0000000000
  -13.20597069    0.0000000000
  -13.17991394    0.0000000000
  -13.15385718    0.0000000000
  -13.12780043    0.0000000000
  -13.10174368    0.0000000000
  -13.07568692    0.0000000000
  -13.04963017    0.0000000000
  -13.02357342    0.0000000000
  -12.99751666    0.0000000000
  -12.97145991    0.0000000000
  -12.94540316    0.0000000000
  -12.91934640    0.0000000000
  -12.89328965    0.0000000000
  -12.86723290    0.0000000000
  -12.84117614    0.0000000000
  -12.81511939    0.0000000000
  -12.78906264    0.0000000000
  -12.76300588    0.0000000000
  -12.73694913    0.0000000000
  -12.71089238    0.0000000000
  -12.68483562    0.0000000000
  -12.65877887    0.0000000000
  -12.63272212    0.0000000000
  -12.60666536    0.0000000000
  -12.58060861    0.0000000000
  -12.55455186    0.0000000000
  -12.52849510    0.0000000000
  -12.50243835    0.0000000000
  -12.47638160    0.0000000000
  -12.45032484    0.0000000000
  -12.42426809    0.0000000000
  -12.39821134    0.0000000000
  -12.37215458    0.0000000000
  -12.34609783    0.0000000000
  -12.32004108    0.0000000000
  -12.29398432    0.0000000000
  -12.26792757    0.0000000000
  -12.24187082    0.0000000000
  -12.21581406    0.0000000000
  -12.18975731    0.0000000000
  -12.16370056    0.0000000000
  -12.13764380    0.0000000000
  -12.11158705    0.0000000000
  -12.08553030    0.0000000000
  -12.05947354    0.0000000000
  -12.03341679    0.0000000000
  -12.00736004    0.0000000000
  -11.98130328    0.0000000000
  -11.95524653    0.0000000000
  -11.92918978    0.0000000000
  -11.90313302    0.0000000000
  -11.87707627    0.0000000000
  -11.85101952    0.0000000000
  -11.82496276    0.0000000000
  -11.79890601    0.0000000000
  -11.77284926    0.0000000000
  -11.74679250    0.0000000000
  -11.72073575    0.0000000000
  -11.69467900    0.0000000000
  -11.66862224    0.0000000000
  -11.64256549    0.0000000000
  -11.61650874    0.0000000000
  -11.59045198    0.0000000000
  -11.56439523    0.0000000000
  -11.53833848    0.0000000000
  -11.51228172    0.0000000000
  -11.48622497    0.0000000000
  -11.46016822    0.0000000000
  -11.43411146    0.0000000000
  -11.40805471    0.0000000000
  -11.38199796    0.0000000000
  -11.35594120    0.0000000002
  -11.32988445    0.0000000013
  -11.30382770    0.0000000096
  -11.27777094    0.0000000638
  -11.25171419    0.0000003860
  -11.22565744    0.0000021243
  -11.19960068    0.0000106413
  -11.17354393    0.0000485167
  -11.14748718    0.0002013314
  -11.12143043    0.0007604203
  -11.09537367    0.0026140756
  -11.06931692    0.0081790845
  -11.04326017    0.0232923542
  -11.01720341    0.0603732026
  -10.99114666    0.1424285919
  -10.96508991    0.3058245078
  -10.93903315    0.5976811074
  -10.91297640    1.0631362058
  -10.88691965    1.7211963921
  -10.86086289    2.5362618166
  -10.83480614    3.4015736433
  -10.80874939    4.1522912677
  -10.78269263    4.6133656776
  -10.75663588    4.6651980818
  -10.73057913    4.2938259313
  -10.70452237    3.5970039809
  -10.67846562    2.7425814890
  -10.65240887    1.9032695536
  -10.62635211    1.2021625597
  -10.60029536    0.6911116818
  -10.57423861    0.3616224694
  -10.54818185    0.1722204498
  -10.52212510    0.0746510926
  -10.49606835    0.0294516585
  -10.47001159    0.0105756113
  -10.44395484    0.0034563948
  -10.41789809    0.0010281663
  -10.39184133    0.0002783720
  -10.36578458    0.0000685977
  -10.33972783    0.0000153857
  -10.31367107    0.0000031408
  -10.28761432    0.0000005836
  -10.26155757    0.0000000987
  -10.23550081    0.0000000152
  -10.20944406    0.0000000021
  -10.18338731    0.0000000003
  -10.15733055    0.0000000000
  -10.13127380    0.0000000000
  -10.10521705    0.0000000000
  -10.07916029    0.0000000000
  -10.05310354    0.0000000000
  -10.02704679    0.0000000000
  -10.00099003    0.0000000000
   -9.97493328    0.0000000000
   -9.94887653    0.0000000000
   -9.92281977    0.0000000000
   -9.89676302    0.0000000000
   -9.87070627    0.0000000000
   -9.84464951    0.0000000000
   -9.81859276    0.0000000000
   -9.79253601    0.0000000000
   -9.76647925    0.0000000000
   -9.74042250    0.0000000000
   -9.71436575    0.0000000000
   -9.68830899    0.0000000000
   -9.66225224    0.0000000000
   -9.63619549    0.0000000000
   -9.61013873    0.0000000000
   -9.58408198    0.0000000000
   -9.55802523    0.0000000000
   -9.53196847    0.0000000000
   -9.50591172    0.0000000000
   -9.47985497    0.0000000000
   -9.45379821    0.0000000001
   -9.42774146    0.0000000005
   -9.40168471    0.0000000039
   -9.37562795    0.0000000269
   -9.34957120    0.0000001698
   -9.32351445    0.0000009764
   -9.29745769    0.0000051087
   -9.27140094    0.0000243289
   -9.24534419    0.0001054520
   -9.21928743    0.0004160158
   -9.19323068    0.0014937818
   -9.16717393    0.0048818741
   -9.14111717    0.0145213882
   -9.11506042    0.0393144162
   -9.08900367    0.0968763270
   -9.06294691    0.2172729377
   -9.03689016    0.4435225913
   -9.01083341    0.8240394308
   -8.98477665    1.3934852592
   -8.95871990    2.1447609924
   -8.93266315    3.0045370492
   -8.90660639    3.8308783664
   -8.88054964    4.4457117461
   -8.85449289    4.6957652259
   -8.82843613    4.5143329665
   -8.80237938    3.9500531515
   -8.77632263    3.1458240509
   -8.75026588    2.2802793553
   -8.72420912    1.5044017162
   -8.69815237    0.9033618023
   -8.67209562    0.4937211861
   -8.64603886    0.2455975003
   -8.61998211    0.1111957680
   -8.59392536    0.0458220709
   -8.56786860    0.0171863363
   -8.54181185    0.0058669723
   -8.51575510    0.0018229170
   -8.48969834    0.0005155157
   -8.46364159    0.0001326903
   -8.43758484    0.0000310855
   -8.41152808    0.0000066283
   -8.38547133    0.0000012864
   -8.35941458    0.0000002272
   -8.33335782    0.0000000365
   -8.30730107    0.0000000053
   -8.28124432    0.0000000007
   -8.25518756    0.0000000001
   -8.22913081    0.0000000000
   -8.20307406    0.0000000000
   -8.17701730    0.0000000000
   -8.15096055    0.0000000000
   -8.12490380    0.0000000000
   -8.09884704    0.0000000000
   -8.07279029    0.0000000000
   -8.04673354    0.0000000000
   -8.02067678    0.0000000000
   -7.99462003    0.0000000000
   -7.96856328    0.0000000000
   -7.94250652    0.0000000000
   -7.91644977    0.0000000000
   -7.89039302    0.0000000000
   -7.86433626    0.0000000000
   -7.83827951    0.0000000000
   -7.81222276    0.0000000000
   -7.78616600    0.0000000000
   -7.76010925    0.0000000000
   -7.73405250    0.0000000000
   -7.70799574    0.0000000000
   -7.68193899    0.0000000000
   -7.65588224    0.0000000000
   -7.62982548    0.0000000000
   -7.60376873    0.0000000000
   -7.57771198    0.0000000000
   -7.55165522    0.0000000000
   -7.52559847    0.0000000000
   -7.49954172    0.0000000000
   -7.47348496    0.0000000000
   -7.44742821    0.0000000000
   -7.42137146    0.0000000000
   -7.39531470    0.0000000000
   -7.36925795    0.0000000000
   -7.34320120    0.0000000000
   -7.31714444    0.0000000000
   -7.29108769    0.0000000000
   -7.26503094    0.0000000000
   -7.23897418    0.0000000000
   -7.21291743    0.0000000000
   -7.18686068    0.0000000000
   -7.16080392    0.0000000000
   -7.13474717    0.0000000000
   -7.10869042    0.0000000000
   -7.08263366    0.0000000000
   -7.05657691    0.0000000000
   -7.03052016    0.0000000000
   -7.00446340    0.0000000000
   -6.97840665    0.0000000000
   -6.95234990    0.0000000000
   -6.92629314    0.0000000000
   -6.90023639    0.0000000000
   -6.87417964    0.0000000000
   -6.84812288    0.0000000000
   -6.82206613    0.0000000000
   -6.79600938    0.0000000000
   -6.76995262    0.0000000000
   -6.74389587    0.0000000000
   -6.71783912    0.0000000000
   -6.69178236    0.0000000000
   -6.66572561    0.0000000000
   -6.63966886    0.0000000000
   -6.61361210    0.0000000000
   -6.58755535    0.0000000000
   -6.56149860    0.0000000000
   -6.53544184    0.0000000000
   -6.50938509    0.0000000000
   -6.48332834    0.0000000000
   -6.45727158    0.0000000000
   -6.43121483    0.0000000000
   -6.40515808    0.0000000000
   -6.37910133    0.0000000000
   -6.35304457    0.0000000000
   -6.32698782    0.0000000000
   -6.30093107    0.0000000000
   -6.27487431    0.0000000000
   -6.24881756    0.0000000000
   -6.22276081    0.0000000000
   -6.19670405    0.0000000000
   -6.17064730    0.0000000000
   -6.14459055    0.0000000000
   -6.11853379    0.0000000000
   -6.09247704    0.0000000000
   -6.06642029    0.0000000000
   -6.04036353    0.0000000000
   -6.01430678    0.0000000000
   -5.98825003    0.0000000000
   -5.96219327    0.0000000000
   -5.93613652    0.0000000000
   -5.91007977    0.0000000000
   -5.88402301    0.0000000000
   -5.85796626    0.0000000000
   -5.83190951    0.0000000000
   -5.80585275    0.0000000000
   -5.77979600    0.0000000000
   -5.75373925    0.0000000000
   -5.72768249    0.0000000000
   -5.70162574    0.0000000000
   -5.67556899    0.0000000000
   -5.64951223    0.0000000000
   -5.62345548    0.0000000000
   -5.59739873    0.0000000000
   -5.57134197    0.0000000000
   -5.54528522    0.0000000000
   -5.51922847    0.0000000000
   -5.49317171    0.0000000000
   -5.46711496    0.0000000000
   -5.44105821    0.0000000000
   -5.41500145    0.0000000000
   -5.38894470    0.0000000000
   -5.36288795    0.0000000000
   -5.33683119    0.0000000000
   -5.31077444    0.0000000000
   -5.28471769    0.0000000000
   -5.25866093    0.0000000000
   -5.23260418    0.0000000000
   -5.20654743    0.0000000000
   -5.18049067    0.0000000000
   -5.15443392    0.0000000000
   -5.12837717    0.0000000000
   -5.10232041    0.0000000000
   -5.07626366    0.0000000000
   -5.05020691    0.0000000000
   -5.02415015    0.0000000000
   -4.99809340    0.0000000000
   -4.97203665    0.0000000000
   -4.94597989    0.0000000000
   -4.91992314    0.0000000000
   -4.89386639    0.0000000000
   -4.86780963    0.0000000000
   -4.84175288    0.0000000004
   -4.81569613    0.0000000029
   -4.78963937    0.0000000206
   -4.76358262    0.0000001321
   -4.73752587    0.0000007695
   -4.71146911    0.0000040795
   -4.68541236    0.0000196839
   -4.65935561    0.0000864453
   -4.63329885    0.0003455359
   -4.60724210    0.0012570927
   -4.58118535    0.0041625897
   -4.55512859    0.0125453284
   -4.52907184    0.0344130053
   -4.50301509    0.0859182271
   -4.47695833    0.1952406077
   -4.45090158    0.4038100583
   -4.42484483    0.7601621683
   -4.39878807    1.3024393514
   -4.37273132    2.0310981228
   -4.34667457    2.8828791562
   -4.32061781    3.7242953038
   -4.29456106    4.3790904801
   -4.26850431    4.6864702643
   -4.24244755    4.5648861534
   -4.21639080    4.0470276715
   -4.19033405    3.2656116360
   -4.16427729    2.3983636524
   -4.13822054    1.6031998759
   -4.11216379    0.9753993129
   -4.08610703    0.5401313164
   -4.06005028    0.2722315204
   -4.03399353    0.1248819287
   -4.00793678    0.0521414283
   -3.98188002    0.0198147405
   -3.95582327    0.0068535564
   -3.92976652    0.0021575742
   -3.90370976    0.0006182123
   -3.87765301    0.0001612247
   -3.85159626    0.0000382691
   -3.82553950    0.0000082677
   -3.79948275    0.0000016257
   -3.77342600    0.0000002910
   -3.74736924    0.0000000474
   -3.72131249    0.0000000070
   -3.69525574    0.0000000009
   -3.66919898    0.0000000001
   -3.64314223    0.0000000000
   -3.61708548    0.0000000000
   -3.59102872    0.0000000000
   -3.56497197    0.0000000000
   -3.53891522    0.0000000000
   -3.51285846    0.0000000000
   -3.48680171    0.0000000000
   -3.46074496    0.0000000000
   -3.43468820    0.0000000000
   -3.40863145    0.0000000000
   -3.38257470    0.0000000000
   -3.35651794    0.0000000000
   -3.33046119    0.0000000000
   -3.30440444    0.0000000000
   -3.27834768    0.0000000000
   -3.25229093    0.0000000000
   -3.22623418    0.0000000000
   -3.20017742    0.0000000000
   -3.17412067    0.0000000000
   -3.14806392    0.0000000000
   -3.12200716    0.0000000000
   -3.09595041    0.0000000000
   -3.06989366    0.0000000000
   -3.04383690    0.0000000000
   -3.01778015    0.0000000000
   -2.99172340    0.0000000000
   -2.96566664    0.0000000000
   -2.93960989    0.0000000000
   -2.91355314    0.0000000000
   -2.88749638    0.0000000000
   -2.86143963    0.0000000000
   -2.83538288    0.0000000000
   -2.80932612    0.0000000000
   -2.78326937    0.0000000000
   -2.75721262    0.0000000000
   -2.73115586    0.0000000000
   -2.70509911    0.0000000000
   -2.67904236    0.0000000000
   -2.65298560    0.0000000000
   -2.62692885    0.0000000000
   -2.60087210    0.0000000000
   -2.57481534    0.0000000000
   -2.54875859    0.0000000000
   -2.52270184    0.0000000000
   -2.49664508    0.0000000000
   -2.47058833    0.0000000000
   -2.44453158    0.0000000000
   -2.41847482    0.0000000000
   -2.39241807    0.0000000000
   -2.36636132    0.0000000000
   -2.34030456    0.0000000000
   -2.31424781    0.0000000000
   -2.28819106    0.0000000000
   -2.26213430    0.0000000000
   -2.23607755    0.0000000000
   -2.21002080    0.0000000000
   -2.18396404    0.0000000000
   -2.15790729    0.0000000000
   -2.13185054    0.0000000000
   -2.10579378    0.0000000000
   -2.07973703    0.0000000000
   -2.05368028    0.0000000000
   -2.02762352    0.0000000000
   -2.00156677    0.0000000000
   -1.97551002    0.0000000000
   -1.94945326    0.0000000000
   -1.92339651    0.0000000000
   -1.89733976    0.0000000000
   -1.87128300    0.0000000000
   -1.84522625    0.0000000000
   -1.81916950    0.0000000000
   -1.79311274    0.0000000000
   -1.76705599    0.0000000000
   -1.74099924    0.0000000000
   -1.71494248    0.0000000000
   -1.68888573    0.0000000000
   -1.66282898    0.0000000000
   -1.63677223    0.0000000000
   -1.61071547    0.0000000000
   -1.58465872    0.0000000000
   -1.55860197    0.0000000000
   -1.53254521    0.0000000000
   -1.50648846    0.0000000000
   -1.48043171    0.0000000000
   -1.45437495    0.0000000000
   -1.42831820    0.0000000000
   -1.40226145    0.0000000000
   -1.37620469    0.0000000000
   -1.35014794    0.0000000000
   -1.32409119    0.0000000000
   -1.29803443    0.0000000000
   -1.27197768    0.0000000000
   -1.24592093    0.0000000000
   -1.21986417    0.0000000000
   -1.19380742    0.0000000000
   -1.16775067    0.0000000000
   -1.14169391    0.0000000000
   -1.11563716    0.0000000000
   -1.08958041    0.0000000000
   -1.06352365    0.0000000000
   -1.03746690    0.0000000000
   -1.01141015    0.0000000000
   -0.98535339    0.0000000000
   -0.95929664    0.0000000000
   -0.93323989    0.0000000000
   -0.90718313    0.0000000000
   -0.88112638    0.0000000000
   -0.85506963    0.0000000000
   -0.82901287    0.0000000000
   -0.80295612    0.0000000000
   -0.77689937    0.0000000000
   -0.75084261    0.0000000000
   -0.72478586    0.0000000000
   -0.69872911    0.0000000000
   -0.67267235    0.0000000000
   -0.64661560    0.0000000000
   -0.62055885    0.0000000000
   -0.59450209    0.0000000000
   -0.56844534    0.0000000000
   -0.54238859    0.0000000000
   -0.51633183    0.0000000000
   -0.49027508    0.0000000000
   -0.46421833    0.0000000000
   -0.43816157    0.0000000000
   -0.41210482    0.0000000000
   -0.38604807    0.0000000000
   -0.35999131    0.0000000000
   -0.33393456    0.0000000000
   -0.30787781    0.0000000000
   -0.28182105    0.0000000000
   -0.25576430    0.0000000000
   -0.22970755    0.0000000000
   -0.20365079    0.0000000000
   -0.17759404    0.0000000000
   -0.15153729    0.0000000000
   -0.12548053    0.0000000000
   -0.09942378    0.0000000000
   -0.07336703    0.0000000000
   -0.04731027    0.0000000000
   -0.02125352    0.0000000000
    0.00480323    0.0000000000
    0.03085999    0.0000000000
    0.05691674    0.0000000000
    0.08297349    0.0000000000
    0.10903025    0.0000000000
    0.13508700    0.0000000000
    0.16114375    0.0000000000
    0.18720051    0.0000000000
    0.21325726    0.0000000000
    0.23931401    0.0000000000
    0.26537077    0.0000000000
    0.29142752    0.0000000000
    0.31748427    0.0000000000
    0.34354103    0.0000000000
    0.36959778    0.0000000000
    0.39565453    0.0000000000
    0.42171129    0.0000000000
    0.44776804    0.0000000000
    0.47382479    0.0000000000
    0.49988155    0.0000000000
    0.52593830    0.0000000000
    0.55199505    0.0000000000
    0.57805181    0.0000000000
    0.60410856    0.0000000000
    0.63016531    0.0000000000
    0.65622207    0.0000000000
    0.68227882    0.0000000000
    0.70833557    0.0000000000
    0.73439232    0.0000000000
    0.76044908    0.0000000000
    0.78650583    0.0000000000
    0.81256258    0.0000000000
    0.83861934    0.0000000000
    0.86467609    0.0000000000
    0.89073284    0.0000000000
    0.91678960    0.0000000000
    0.94284635    0.0000000000
    0.96890310    0.0000000000
    0.99495986    0.0000000000
    1.02101661    0.0000000000
    1.04707336    0.0000000000
    1.07313012    0.0000000000
    1.09918687    0.0000000000
    1.12524362    0.0000000000
    1.15130038    0.0000000000
    1.17735713    0.0000000000
    1.20341388    0.0000000000
    1.22947064    0.0000000000
    1.25552739    0.0000000000
    1.28158414    0.0000000000
    1.30764090    0.0000000000
    1.33369765    0.0000000000
    1.35975440    0.0000000000
    1.38581116    0.0000000000
    1.41186791    0.0000000000
    1.43792466    0.0000000000
    1.46398142    0.0000000000
    1.49003817    0.0000000000
    1.51609492    0.0000000000
    1.54215168    0.0000000000
    1.56820843    0.0000000000
    1.59426518    0.0000000000
    1.62032194    0.0000000000
    1.64637869    0.0000000000
    1.67243544    0.0000000000
    1.69849220    0.0000000000
    1.72454895    0.0000000000
    1.75060570    0.0000000000
    1.77666246    0.0000000000
    1.80271921    0.0000000000
    1.82877596    0.0000000000
    1.85483272    0.0000000000
    1.88088947    0.0000000000
    1.90694622    0.0000000000
    1.93300298    0.0000000000
    1.95905973    0.0000000000
    1.98511648    0.0000000000
    2.01117324    0.0000000000
    2.03722999    0.0000000000
    2.06328674    0.0000000000
    2.08934350    0.0000000000
    2.11540025    0.0000000000
    2.14145700    0.0000000000
    2.16751376    0.0000000000
    2.19357051    0.0000000000
    2.21962726    0.0000000000
    2.24568402    0.0000000000
    2.27174077    0.0000000000
    2.29779752    0.0000000000
    2.32385428    0.0000000000
    2.34991103    0.0000000000
    2.37596778    0.0000000000
    2.40202454    0.0000000000
    2.42808129    0.0000000000
    2.45413804    0.0000000000
    2.48019480    0.0000000000
    2.50625155    0.0000000000
    2.53230830    0.0000000000
    2.55836506    0.0000000000
    2.58442181    0.0000000000
    2.61047856    0.0000000000
    2.63653532    0.0000000000
    2.66259207    0.0000000000
    2.68864882    0.0000000000
    2.71470558    0.0000000000
    2.74076233    0.0000000000
    2.76681908    0.0000000000
    2.79287584    0.0000000000
    2.81893259    0.0000000000
    2.84498934    0.0000000000
    2.87104610    0.0000000000
    2.89710285    0.0000000000
    2.92315960    0.0000000000
    2.94921636    0.0000000000
    2.97527311    0.0000000000
    3.00132986    0.0000000000
    3.02738662    0.0000000000
    3.05344337    0.0000000000
    3.07950012    0.0000000000
    3.10555687    0.0000000000
    3.13161363    0.0000000000
    3.15767038    0.0000000000
    3.18372713    0.0000000000
    3.20978389    0.0000000000
    3.23584064    0.0000000000
    3.26189739    0.0000000000
    3.28795415    0.0000000000
    3.31401090    0.0000000000
    3.34006765    0.0000000000
    3.36612441    0.0000000000
    3.39218116    0.0000000000
    3.41823791    0.0000000000
    3.44429467    0.0000000000
    3.47035142    0.0000000000
    3.49640817    0.0000000000
    3.52246493    0.0000000000
    3.54852168    0.0000000000
    3.57457843    0.0000000000
    3.60063519    0.0000000000
    3.62669194    0.0000000000
    3.65274869    0.0000000000
    3.67880545    0.0000000003
    3.70486220    0.0000000020
    3.73091895    0.0000000144
    3.75697571    0.0000000935
    3.78303246    0.0000005547
    3.80908921    0.0000029937
    3.83514597    0.0000147056
    3.86120272    0.0000657466
    3.88725947    0.0002675386
    3.91331623    0.0009908818
    3.93937298    0.0033402527
    3.96542973    0.0102484680
    3.99148649    0.0286194124
    4.01754324    0.0727418957
    4.04359999    0.1682792840
    4.06965675    0.3543225836
    4.09571350    0.6790302944
    4.12177025    1.1844087436
    4.14782701    1.8803391874
    4.17388376    2.7170205761
    4.19994051    3.5733190572
    4.22599727    4.2773304323
    4.25205402    4.6601076133
    4.27811077    4.6210559596
    4.30416753    4.1706970772
    4.33022428    3.4260855685
    4.35628103    2.5615916642
    4.38233779    1.7431860231
    4.40839454    1.0796915606
    4.43445129    0.6086642811
    4.46050805    0.3123043719
    4.48656480    0.1458479904
    4.51262155    0.0619933311
    4.53867831    0.0239834488
    4.56473506    0.0084450152
    4.59079181    0.0027065208
    4.61684857    0.0007894860
    4.64290532    0.0002096040
    4.66896207    0.0000506497
    4.69501883    0.0000111398
    4.72107558    0.0000022300
    4.74713233    0.0000004063
    4.77318909    0.0000000674
    4.79924584    0.0000000102
    4.82530259    0.0000000014
    4.85135935    0.0000000002
    4.87741610    0.0000000000
    4.90347285    0.0000000000
    4.92952961    0.0000000000
    4.95558636    0.0000000000
    4.98164311    0.0000000000
    5.00769987    0.0000000000
    5.03375662    0.0000000000
    5.05981337    0.0000000000
    5.08587013    0.0000000000
    5.11192688    0.0000000000
    5.13798363    0.0000000000
    5.16404039    0.0000000000
    5.19009714    0.0000000000
    5.21615389    0.0000000000
    5.24221065    0.0000000000
    5.26826740    0.0000000000
    5.29432415    0.0000000000
    5.32038091    0.0000000000
    5.34643766    0.0000000000
    5.37249441    0.0000000000
    5.39855117    0.0000000000
    5.42460792    0.0000000000
    5.45066467    0.0000000000
    5.47672142    0.0000000000
    5.50277818    0.0000000000
    5.52883493    0.0000000000
    5.55489168    0.0000000000
    5.58094844    0.0000000000
    5.60700519    0.0000000000
    5.63306194    0.0000000000
    5.65911870    0.0000000000
    5.68517545    0.0000000000
    5.71123220    0.0000000000
    5.73728896    0.0000000000
    5.76334571    0.0000000000
    5.78940246    0.0000000000
    5.81545922    0.0000000000
    5.84151597    0.0000000000
    5.86757272    0.0000000000
    5.89362948    0.0000000000
    5.91968623    0.0000000000
    5.94574298    0.0000000000
    5.97179974    0.0000000000
    5.99785649    0.0000000000
    6.02391324    0.0000000000
    6.04997000    0.0000000000
    6.07602675    0.0000000000
    6.10208350    0.0000000000
    6.12814026    0.0000000000
    6.15419701    0.0000000000
    6.18025376    0.0000000000
    6.20631052    0.0000000000
    6.23236727    0.0000000000
    6.25842402    0.0000000000
    6.28448078    0.0000000000
    6.31053753    0.0000000000
    6.33659428    0.0000000000
    6.36265104    0.0000000000
    6.38870779    0.0000000000
    6.41476454    0.0000000000
    6.44082130    0.0000000000
    6.46687805    0.0000000000
    6.49293480    0.0000000000
    6.51899156    0.0000000000
    6.54504831    0.0000000000
    6.57110506    0.0000000000
    6.59716182    0.0000000000
    6.62321857    0.0000000000
    6.64927532    0.0000000000
    6.67533208    0.0000000000
    6.70138883    0.0000000000
    6.72744558    0.0000000000
    6.75350234    0.0000000000
    6.77955909    0.0000000000
    6.80561584    0.0000000000
    6.83167260    0.0000000000
    6.85772935    0.0000000000
    6.88378610    0.0000000000
    6.90984286    0.0000000000
    6.93589961    0.0000000000
    6.96195636    0.0000000000
    6.98801312    0.0000000000
    7.01406987    0.0000000000
    7.04012662    0.0000000000
    7.06618338    0.0000000000
    7.09224013    0.0000000000
    7.11829688    0.0000000000
    7.14435364    0.0000000001
    7.17041039    0.0000000008
    7.19646714    0.0000000059
    7.22252390    0.0000000403
    7.24858065    0.0000002492
    7.27463740    0.0000014039
    7.30069416    0.0000071988
    7.32675091    0.0000335967
    7.35280766    0.0001427100
    7.37886442    0.0005517399
    7.40492117    0.0019414962
    7.43097792    0.0062181441
    7.45703468    0.0181262168
    7.48309143    0.0480923161
    7.50914818    0.1161358640
    7.53520494    0.2552578781
    7.56126169    0.5106391310
    7.58731844    0.9297606632
    7.61337520    1.5408145872
    7.63943195    2.3240835286
    7.66548870    3.1906210203
    7.69154546    3.9867669500
    7.71760221    4.5340741110
    7.74365896    4.6933021838
    7.76971572    4.4217130849
    7.79577247    3.7916194094
    7.82182922    2.9592459009
    7.84788597    2.1021297068
    7.87394273    1.3591271950
    7.89999948    0.7998026397
    7.92605623    0.4283785356
    7.95211299    0.2088308751
    7.97816974    0.0926581987
    8.00422649    0.0374192549
    8.03028325    0.0137539853
    8.05634000    0.0046013378
    8.08239675    0.0014010764
    8.10845351    0.0003882949
    8.13451026    0.0000979453
    8.16056701    0.0000224868
    8.18662377    0.0000046989
    8.21268052    0.0000008937
    8.23873727    0.0000001547
    8.26479403    0.0000000244
    8.29085078    0.0000000035
    8.31690753    0.0000000005
    8.34296429    0.0000000001
    8.36902104    0.0000000000
    8.39507779    0.0000000000
    8.42113455    0.0000000000
    8.44719130    0.0000000000
    8.47324805    0.0000000000
    8.49930481    0.0000000000
    8.52536156    0.0000000000
    8.55141831    0.0000000000
    8.57747507    0.0000000000
    8.60353182    0.0000000000
    8.62958857    0.0000000000
    8.65564533    0.0000000000
    8.68170208    0.0000000000
    8.70775883    0.0000000000
    8.73381559    0.0000000000
    8.75987234    0.0000000000
    8.78592909    0.0000000000
    8.81198585    0.0000000000
    8.83804260    0.0000000000
    8.86409935    0.0000000000
    8.89015611    0.0000000000
    8.91621286    0.0000000000
    8.94226961    0.0000000000
    8.96832637    0.0000000000
    8.99438312    0.0000000000
    9.02043987    0.0000000000
    9.04649663    0.0000000000
    9.07255338    0.0000000000
    9.09861013    0.0000000000
    9.12466689    0.0000000000
    9.15072364    0.0000000000
    9.17678039    0.0000000000
    9.20283715    0.0000000000
    9.22889390    0.0000000000
    9.25495065    0.0000000000
    9.28100741    0.0000000000
    9.30706416    0.0000000000
    9.33312091    0.0000000000
    9.35917767    0.0000000000
    9.38523442    0.0000000000
    9.41129117    0.0000000000
    9.43734793    0.0000000000
    9.46340468    0.0000000000
    9.48946143    0.0000000000
    9.51551819    0.0000000000
    9.54157494    0.0000000000
    9.56763169    0.0000000000
    9.59368845    0.0000000000
    9.61974520    0.0000000000
    9.64580195    0.0000000000
    9.67185871    0.0000000000
    9.69791546    0.0000000000
    9.72397221    0.0000000000
    9.75002897    0.0000000000
    9.77608572    0.0000000000
    9.80214247    0.0000000000
    9.82819923    0.0000000000
    9.85425598    0.0000000000
    9.88031273    0.0000000000
    9.90636949    0.0000000000
    9.93242624    0.0000000000
    9.95848299    0.0000000000
    9.98453975    0.0000000000
   10.01059650    0.0000000000
   10.03665325    0.0000000000
   10.06271001    0.0000000000
   10.08876676    0.0000000000
   10.11482351    0.0000000000
   10.14088027    0.0000000000
   10.16693702    0.0000000000
   10.19299377    0.0000000000
   10.21905052    0.0000000000
   10.24510728    0.0000000000
   10.27116403    0.0000000000
   10.29722078    0.0000000000
   10.32327754    0.0000000000
   10.34933429    0.0000000000
   10.37539104    0.0000000000
   10.40144780    0.0000000000
   10.42750455    0.0000000000
   10.45356130    0.0000000000
   10.47961806    0.0000000000
   10.50567481    0.0000000000
   10.53173156    0.0000000000
   10.55778832    0.0000000000
   10.58384507    0.0000000000
   10.60990182    0.0000000000
   10.63595858    0.0000000000
   10.66201533    0.0000000000
   10.68807208    0.0000000000
   10.71412884    0.0000000000
   10.74018559    0.0000000000
