#  Energy (eV) |  DOS (states/eV)
  -28.00332865    0.0000000000
  -27.98432378    0.0000000000
  -27.96531891    0.0000000000
  -27.94631404    0.0000000000
  -27.92730918    0.0000000000
  -27.90830431    0.0000000000
  -27.88929944    0.0000000000
  -27.87029458    0.0000000000
  -27.85128971    0.0000000000
  -27.83228484    0.0000000000
  -27.81327998    0.0000000000
  -27.79427511    0.0000000000
  -27.77527024    0.0000000000
  -27.75626537    0.0000000000
  -27.73726051    0.0000000000
  -27.71825564    0.0000000000
  -27.69925077    0.0000000000
  -27.68024591    0.0000000000
  -27.66124104    0.0000000000
  -27.64223617    0.0000000000
  -27.62323131    0.0000000000
  -27.60422644    0.0000000000
  -27.58522157    0.0000000000
  -27.56621670    0.0000000000
  -27.54721184    0.0000000000
  -27.52820697    0.0000000000
  -27.50920210    0.0000000000
  -27.49019724    0.0000000000
  -27.47119237    0.0000000000
  -27.45218750    0.0000000000
  -27.43318264    0.0000000000
  -27.41417777    0.0000000000
  -27.39517290    0.0000000000
  -27.37616804    0.0000000000
  -27.35716317    0.0000000000
  -27.33815830    0.0000000000
  -27.31915343    0.0000000000
  -27.30014857    0.0000000000
  -27.28114370    0.0000000000
  -27.26213883    0.0000000000
  -27.24313397    0.0000000000
  -27.22412910    0.0000000000
  -27.20512423    0.0000000000
  -27.18611937    0.0000000000
  -27.16711450    0.0000000000
  -27.14810963    0.0000000000
  -27.12910476    0.0000000000
  -27.11009990    0.0000000000
  -27.09109503    0.0000000000
  -27.07209016    0.0000000000
  -27.05308530    0.0000000000
  -27.03408043    0.0000000000
  -27.01507556    0.0000000000
  -26.99607070    0.0000000000
  -26.97706583    0.0000000000
  -26.95806096    0.0000000000
  -26.93905609    0.0000000000
  -26.92005123    0.0000000000
  -26.90104636    0.0000000000
  -26.88204149    0.0000000000
  -26.86303663    0.0000000000
  -26.84403176    0.0000000000
  -26.82502689    0.0000000000
  -26.80602203    0.0000000000
  -26.78701716    0.0000000000
  -26.76801229    0.0000000000
  -26.74900742    0.0000000000
  -26.73000256    0.0000000000
  -26.71099769    0.0000000000
  -26.69199282    0.0000000000
  -26.67298796    0.0000000000
  -26.65398309    0.0000000000
  -26.63497822    0.0000000000
  -26.61597336    0.0000000000
  -26.59696849    0.0000000000
  -26.57796362    0.0000000000
  -26.55895875    0.0000000000
  -26.53995389    0.0000000000
  -26.52094902    0.0000000000
  -26.50194415    0.0000000000
  -26.48293929    0.0000000000
  -26.46393442    0.0000000000
  -26.44492955    0.0000000000
  -26.42592469    0.0000000000
  -26.40691982    0.0000000000
  -26.38791495    0.0000000000
  -26.36891008    0.0000000000
  -26.34990522    0.0000000000
  -26.33090035    0.0000000000
  -26.31189548    0.0000000000
  -26.29289062    0.0000000000
  -26.27388575    0.0000000000
  -26.25488088    0.0000000000
  -26.23587602    0.0000000000
  -26.21687115    0.0000000000
  -26.19786628    0.0000000000
  -26.17886142    0.0000000000
  -26.15985655    0.0000000000
  -26.14085168    0.0000000000
  -26.12184681    0.0000000000
  -26.10284195    0.0000000000
  -26.08383708    0.0000000000
  -26.06483221    0.0000000000
  -26.04582735    0.0000000000
  -26.02682248    0.0000000000
  -26.00781761    0.0000000000
  -25.98881275    0.0000000000
  -25.96980788    0.0000000000
  -25.95080301    0.0000000000
  -25.93179814    0.0000000000
  -25.91279328    0.0000000000
  -25.89378841    0.0000000000
  -25.87478354    0.0000000000
  -25.85577868    0.0000000000
  -25.83677381    0.0000000000
  -25.81776894    0.0000000000
  -25.79876408    0.0000000000
  -25.77975921    0.0000000000
  -25.76075434    0.0000000000
  -25.74174947    0.0000000000
  -25.72274461    0.0000000000
  -25.70373974    0.0000000000
  -25.68473487    0.0000000000
  -25.66573001    0.0000000000
  -25.64672514    0.0000000000
  -25.62772027    0.0000000000
  -25.60871541    0.0000000000
  -25.58971054    0.0000000002
  -25.57070567    0.0000000010
  -25.55170080    0.0000000042
  -25.53269594    0.0000000172
  -25.51369107    0.0000000677
  -25.49468620    0.0000002534
  -25.47568134    0.0000009020
  -25.45667647    0.0000030538
  -25.43767160    0.0000098332
  -25.41866674    0.0000301168
  -25.39966187    0.0000877358
  -25.38065700    0.0002431080
  -25.36165213    0.0006407312
  -25.34264727    0.0016062255
  -25.32364240    0.0038299341
  -25.30463753    0.0086862071
  -25.28563267    0.0187379971
  -25.26662780    0.0384476911
  -25.24762293    0.0750363099
  -25.22861807    0.1392921941
  -25.20961320    0.2459439806
  -25.19060833    0.4130472391
  -25.17160346    0.6598076654
  -25.15259860    1.0025108857
  -25.13359373    1.4488217091
  -25.11458886    1.9915669010
  -25.09558400    2.6039279439
  -25.07657913    3.2383003884
  -25.05757426    3.8305347714
  -25.03856940    4.3097868660
  -25.01956453    4.6121803907
  -25.00055966    4.6947328487
  -24.98155480    4.5453736538
  -24.96254993    4.1858378815
  -24.94354506    3.6664800392
  -24.92454019    3.0547125790
  -24.90553533    2.4207251870
  -24.88653046    1.8246296672
  -24.86752559    1.3081516164
  -24.84852073    0.8920630272
  -24.82951586    0.5786115582
  -24.81051099    0.3569708695
  -24.79150613    0.2094751725
  -24.77250126    0.1169193638
  -24.75349639    0.0620718140
  -24.73449152    0.0313441531
  -24.71548666    0.0150547223
  -24.69648179    0.0068776974
  -24.67747692    0.0029885979
  -24.65847206    0.0012352248
  -24.63946719    0.0004856000
  -24.62046232    0.0001815789
  -24.60145746    0.0000645812
  -24.58245259    0.0000218475
  -24.56344772    0.0000070299
  -24.54444285    0.0000021516
  -24.52543799    0.0000006263
  -24.50643312    0.0000001734
  -24.48742825    0.0000000457
  -24.46842339    0.0000000114
  -24.44941852    0.0000000027
  -24.43041365    0.0000000006
  -24.41140879    0.0000000001
  -24.39240392    0.0000000000
  -24.37339905    0.0000000000
  -24.35439418    0.0000000000
  -24.33538932    0.0000000000
  -24.31638445    0.0000000000
  -24.29737958    0.0000000000
  -24.27837472    0.0000000000
  -24.25936985    0.0000000000
  -24.24036498    0.0000000000
  -24.22136012    0.0000000000
  -24.20235525    0.0000000000
  -24.18335038    0.0000000000
  -24.16434551    0.0000000000
  -24.14534065    0.0000000000
  -24.12633578    0.0000000000
  -24.10733091    0.0000000000
  -24.08832605    0.0000000000
  -24.06932118    0.0000000000
  -24.05031631    0.0000000000
  -24.03131145    0.0000000000
  -24.01230658    0.0000000000
  -23.99330171    0.0000000000
  -23.97429684    0.0000000000
  -23.95529198    0.0000000000
  -23.93628711    0.0000000000
  -23.91728224    0.0000000000
  -23.89827738    0.0000000000
  -23.87927251    0.0000000000
  -23.86026764    0.0000000000
  -23.84126278    0.0000000000
  -23.82225791    0.0000000000
  -23.80325304    0.0000000000
  -23.78424818    0.0000000000
  -23.76524331    0.0000000000
  -23.74623844    0.0000000000
  -23.72723357    0.0000000000
  -23.70822871    0.0000000000
  -23.68922384    0.0000000000
  -23.67021897    0.0000000000
  -23.65121411    0.0000000000
  -23.63220924    0.0000000000
  -23.61320437    0.0000000000
  -23.59419951    0.0000000000
  -23.57519464    0.0000000000
  -23.55618977    0.0000000000
  -23.53718490    0.0000000000
  -23.51818004    0.0000000000
  -23.49917517    0.0000000000
  -23.48017030    0.0000000000
  -23.46116544    0.0000000000
  -23.44216057    0.0000000000
  -23.42315570    0.0000000000
  -23.40415084    0.0000000000
  -23.38514597    0.0000000000
  -23.36614110    0.0000000000
  -23.34713623    0.0000000000
  -23.32813137    0.0000000000
  -23.30912650    0.0000000000
  -23.29012163    0.0000000000
  -23.27111677    0.0000000000
  -23.25211190    0.0000000000
  -23.23310703    0.0000000000
  -23.21410217    0.0000000000
  -23.19509730    0.0000000000
  -23.17609243    0.0000000000
  -23.15708756    0.0000000000
  -23.13808270    0.0000000000
  -23.11907783    0.0000000000
  -23.10007296    0.0000000000
  -23.08106810    0.0000000000
  -23.06206323    0.0000000000
  -23.04305836    0.0000000000
  -23.02405350    0.0000000000
  -23.00504863    0.0000000000
  -22.98604376    0.0000000000
  -22.96703889    0.0000000000
  -22.94803403    0.0000000000
  -22.92902916    0.0000000000
  -22.91002429    0.0000000000
  -22.89101943    0.0000000000
  -22.87201456    0.0000000000
  -22.85300969    0.0000000000
  -22.83400483    0.0000000000
  -22.81499996    0.0000000000
  -22.79599509    0.0000000000
  -22.77699022    0.0000000000
  -22.75798536    0.0000000000
  -22.73898049    0.0000000000
  -22.71997562    0.0000000000
  -22.70097076    0.0000000000
  -22.68196589    0.0000000000
  -22.66296102    0.0000000000
  -22.64395616    0.0000000000
  -22.62495129    0.0000000000
  -22.60594642    0.0000000000
  -22.58694155    0.0000000000
  -22.56793669    0.0000000000
  -22.54893182    0.0000000000
  -22.52992695    0.0000000000
  -22.51092209    0.0000000000
  -22.49191722    0.0000000000
  -22.47291235    0.0000000000
  -22.45390749    0.0000000000
  -22.43490262    0.0000000000
  -22.41589775    0.0000000000
  -22.39689289    0.0000000000
  -22.37788802    0.0000000000
  -22.35888315    0.0000000000
  -22.33987828    0.0000000000
  -22.32087342    0.0000000000
  -22.30186855    0.0000000000
  -22.28286368    0.0000000000
  -22.26385882    0.0000000000
  -22.24485395    0.0000000000
  -22.22584908    0.0000000000
  -22.20684422    0.0000000000
  -22.18783935    0.0000000000
  -22.16883448    0.0000000000
  -22.14982961    0.0000000000
  -22.13082475    0.0000000000
  -22.11181988    0.0000000000
  -22.09281501    0.0000000000
  -22.07381015    0.0000000000
  -22.05480528    0.0000000000
  -22.03580041    0.0000000000
  -22.01679555    0.0000000000
  -21.99779068    0.0000000000
  -21.97878581    0.0000000000
  -21.95978094    0.0000000000
  -21.94077608    0.0000000000
  -21.92177121    0.0000000000
  -21.90276634    0.0000000000
  -21.88376148    0.0000000000
  -21.86475661    0.0000000000
  -21.84575174    0.0000000000
  -21.82674688    0.0000000000
  -21.80774201    0.0000000000
  -21.78873714    0.0000000000
  -21.76973227    0.0000000000
  -21.75072741    0.0000000000
  -21.73172254    0.0000000000
  -21.71271767    0.0000000000
  -21.69371281    0.0000000000
  -21.67470794    0.0000000000
  -21.65570307    0.0000000000
  -21.63669821    0.0000000000
  -21.61769334    0.0000000000
  -21.59868847    0.0000000000
  -21.57968360    0.0000000000
  -21.56067874    0.0000000000
  -21.54167387    0.0000000000
  -21.52266900    0.0000000000
  -21.50366414    0.0000000000
  -21.48465927    0.0000000000
  -21.46565440    0.0000000000
  -21.44664954    0.0000000000
  -21.42764467    0.0000000000
  -21.40863980    0.0000000000
  -21.38963493    0.0000000000
  -21.37063007    0.0000000000
  -21.35162520    0.0000000000
  -21.33262033    0.0000000000
  -21.31361547    0.0000000000
  -21.29461060    0.0000000000
  -21.27560573    0.0000000000
  -21.25660087    0.0000000000
  -21.23759600    0.0000000000
  -21.21859113    0.0000000000
  -21.19958627    0.0000000000
  -21.18058140    0.0000000000
  -21.16157653    0.0000000000
  -21.14257166    0.0000000000
  -21.12356680    0.0000000000
  -21.10456193    0.0000000000
  -21.08555706    0.0000000000
  -21.06655220    0.0000000000
  -21.04754733    0.0000000000
  -21.02854246    0.0000000000
  -21.00953760    0.0000000000
  -20.99053273    0.0000000000
  -20.97152786    0.0000000000
  -20.95252299    0.0000000000
  -20.93351813    0.0000000000
  -20.91451326    0.0000000000
  -20.89550839    0.0000000000
  -20.87650353    0.0000000000
  -20.85749866    0.0000000000
  -20.83849379    0.0000000000
  -20.81948893    0.0000000000
  -20.80048406    0.0000000000
  -20.78147919    0.0000000000
  -20.76247432    0.0000000000
  -20.74346946    0.0000000000
  -20.72446459    0.0000000000
  -20.70545972    0.0000000000
  -20.68645486    0.0000000000
  -20.66744999    0.0000000000
  -20.64844512    0.0000000000
  -20.62944026    0.0000000000
  -20.61043539    0.0000000000
  -20.59143052    0.0000000000
  -20.57242565    0.0000000000
  -20.55342079    0.0000000000
  -20.53441592    0.0000000000
  -20.51541105    0.0000000000
  -20.49640619    0.0000000000
  -20.47740132    0.0000000000
  -20.45839645    0.0000000000
  -20.43939159    0.0000000000
  -20.42038672    0.0000000000
  -20.40138185    0.0000000000
  -20.38237698    0.0000000000
  -20.36337212    0.0000000000
  -20.34436725    0.0000000000
  -20.32536238    0.0000000000
  -20.30635752    0.0000000000
  -20.28735265    0.0000000000
  -20.26834778    0.0000000000
  -20.24934292    0.0000000000
  -20.23033805    0.0000000000
  -20.21133318    0.0000000000
  -20.19232831    0.0000000000
  -20.17332345    0.0000000000
  -20.15431858    0.0000000000
  -20.13531371    0.0000000000
  -20.11630885    0.0000000000
  -20.09730398    0.0000000000
  -20.07829911    0.0000000000
  -20.05929425    0.0000000000
  -20.04028938    0.0000000000
  -20.02128451    0.0000000000
  -20.00227965    0.0000000000
  -19.98327478    0.0000000000
  -19.96426991    0.0000000000
  -19.94526504    0.0000000000
  -19.92626018    0.0000000000
  -19.90725531    0.0000000000
  -19.88825044    0.0000000000
  -19.86924558    0.0000000000
  -19.85024071    0.0000000000
  -19.83123584    0.0000000000
  -19.81223098    0.0000000000
  -19.79322611    0.0000000000
  -19.77422124    0.0000000000
  -19.75521637    0.0000000000
  -19.73621151    0.0000000000
  -19.71720664    0.0000000000
  -19.69820177    0.0000000000
  -19.67919691    0.0000000000
  -19.66019204    0.0000000000
  -19.64118717    0.0000000000
  -19.62218231    0.0000000000
  -19.60317744    0.0000000000
  -19.58417257    0.0000000000
  -19.56516770    0.0000000000
  -19.54616284    0.0000000000
  -19.52715797    0.0000000000
  -19.50815310    0.0000000000
  -19.48914824    0.0000000000
  -19.47014337    0.0000000000
  -19.45113850    0.0000000000
  -19.43213364    0.0000000000
  -19.41312877    0.0000000000
  -19.39412390    0.0000000000
  -19.37511903    0.0000000000
  -19.35611417    0.0000000000
  -19.33710930    0.0000000000
  -19.31810443    0.0000000000
  -19.29909957    0.0000000000
  -19.28009470    0.0000000000
  -19.26108983    0.0000000000
  -19.24208497    0.0000000000
  -19.22308010    0.0000000000
  -19.20407523    0.0000000000
  -19.18507036    0.0000000000
  -19.16606550    0.0000000000
  -19.14706063    0.0000000000
  -19.12805576    0.0000000000
  -19.10905090    0.0000000000
  -19.09004603    0.0000000000
  -19.07104116    0.0000000000
  -19.05203630    0.0000000000
  -19.03303143    0.0000000000
  -19.01402656    0.0000000000
  -18.99502169    0.0000000000
  -18.97601683    0.0000000000
  -18.95701196    0.0000000000
  -18.93800709    0.0000000000
  -18.91900223    0.0000000000
  -18.89999736    0.0000000000
  -18.88099249    0.0000000000
  -18.86198763    0.0000000000
  -18.84298276    0.0000000000
  -18.82397789    0.0000000000
  -18.80497303    0.0000000000
  -18.78596816    0.0000000000
  -18.76696329    0.0000000000
  -18.74795842    0.0000000000
  -18.72895356    0.0000000000
  -18.70994869    0.0000000000
  -18.69094382    0.0000000000
  -18.67193896    0.0000000000
  -18.65293409    0.0000000000
  -18.63392922    0.0000000000
  -18.61492436    0.0000000000
  -18.59591949    0.0000000000
  -18.57691462    0.0000000000
  -18.55790975    0.0000000000
  -18.53890489    0.0000000000
  -18.51990002    0.0000000000
  -18.50089515    0.0000000000
  -18.48189029    0.0000000000
  -18.46288542    0.0000000000
  -18.44388055    0.0000000000
  -18.42487569    0.0000000000
  -18.40587082    0.0000000000
  -18.38686595    0.0000000000
  -18.36786108    0.0000000000
  -18.34885622    0.0000000000
  -18.32985135    0.0000000000
  -18.31084648    0.0000000000
  -18.29184162    0.0000000000
  -18.27283675    0.0000000000
  -18.25383188    0.0000000000
  -18.23482702    0.0000000000
  -18.21582215    0.0000000000
  -18.19681728    0.0000000000
  -18.17781241    0.0000000000
  -18.15880755    0.0000000000
  -18.13980268    0.0000000000
  -18.12079781    0.0000000000
  -18.10179295    0.0000000000
  -18.08278808    0.0000000000
  -18.06378321    0.0000000000
  -18.04477835    0.0000000000
  -18.02577348    0.0000000000
  -18.00676861    0.0000000000
  -17.98776374    0.0000000000
  -17.96875888    0.0000000000
  -17.94975401    0.0000000000
  -17.93074914    0.0000000000
  -17.91174428    0.0000000000
  -17.89273941    0.0000000000
  -17.87373454    0.0000000000
  -17.85472968    0.0000000000
  -17.83572481    0.0000000000
  -17.81671994    0.0000000000
  -17.79771507    0.0000000000
  -17.77871021    0.0000000000
  -17.75970534    0.0000000000
  -17.74070047    0.0000000000
  -17.72169561    0.0000000000
  -17.70269074    0.0000000000
  -17.68368587    0.0000000000
  -17.66468101    0.0000000000
  -17.64567614    0.0000000000
  -17.62667127    0.0000000000
  -17.60766641    0.0000000000
  -17.58866154    0.0000000000
  -17.56965667    0.0000000000
  -17.55065180    0.0000000000
  -17.53164694    0.0000000000
  -17.51264207    0.0000000000
  -17.49363720    0.0000000000
  -17.47463234    0.0000000000
  -17.45562747    0.0000000000
  -17.43662260    0.0000000000
  -17.41761774    0.0000000000
  -17.39861287    0.0000000000
  -17.37960800    0.0000000000
  -17.36060313    0.0000000000
  -17.34159827    0.0000000000
  -17.32259340    0.0000000000
  -17.30358853    0.0000000000
  -17.28458367    0.0000000000
  -17.26557880    0.0000000000
  -17.24657393    0.0000000000
  -17.22756907    0.0000000000
  -17.20856420    0.0000000000
  -17.18955933    0.0000000000
  -17.17055446    0.0000000000
  -17.15154960    0.0000000000
  -17.13254473    0.0000000000
  -17.11353986    0.0000000000
  -17.09453500    0.0000000000
  -17.07553013    0.0000000000
  -17.05652526    0.0000000000
  -17.03752040    0.0000000000
  -17.01851553    0.0000000000
  -16.99951066    0.0000000000
  -16.98050579    0.0000000000
  -16.96150093    0.0000000000
  -16.94249606    0.0000000000
  -16.92349119    0.0000000000
  -16.90448633    0.0000000000
  -16.88548146    0.0000000000
  -16.86647659    0.0000000000
  -16.84747173    0.0000000000
  -16.82846686    0.0000000000
  -16.80946199    0.0000000000
  -16.79045712    0.0000000000
  -16.77145226    0.0000000000
  -16.75244739    0.0000000000
  -16.73344252    0.0000000000
  -16.71443766    0.0000000000
  -16.69543279    0.0000000000
  -16.67642792    0.0000000000
  -16.65742306    0.0000000000
  -16.63841819    0.0000000000
  -16.61941332    0.0000000000
  -16.60040845    0.0000000000
  -16.58140359    0.0000000000
  -16.56239872    0.0000000000
  -16.54339385    0.0000000000
  -16.52438899    0.0000000000
  -16.50538412    0.0000000000
  -16.48637925    0.0000000000
  -16.46737439    0.0000000000
  -16.44836952    0.0000000000
  -16.42936465    0.0000000000
  -16.41035978    0.0000000000
  -16.39135492    0.0000000000
  -16.37235005    0.0000000000
  -16.35334518    0.0000000000
  -16.33434032    0.0000000000
  -16.31533545    0.0000000000
  -16.29633058    0.0000000000
  -16.27732572    0.0000000000
  -16.25832085    0.0000000000
  -16.23931598    0.0000000000
  -16.22031112    0.0000000000
  -16.20130625    0.0000000000
  -16.18230138    0.0000000000
  -16.16329651    0.0000000000
  -16.14429165    0.0000000000
  -16.12528678    0.0000000000
  -16.10628191    0.0000000000
  -16.08727705    0.0000000000
  -16.06827218    0.0000000000
  -16.04926731    0.0000000000
  -16.03026245    0.0000000000
  -16.01125758    0.0000000000
  -15.99225271    0.0000000000
  -15.97324784    0.0000000000
  -15.95424298    0.0000000000
  -15.93523811    0.0000000000
  -15.91623324    0.0000000000
  -15.89722838    0.0000000000
  -15.87822351    0.0000000000
  -15.85921864    0.0000000000
  -15.84021378    0.0000000000
  -15.82120891    0.0000000000
  -15.80220404    0.0000000000
  -15.78319917    0.0000000000
  -15.76419431    0.0000000000
  -15.74518944    0.0000000000
  -15.72618457    0.0000000000
  -15.70717971    0.0000000000
  -15.68817484    0.0000000000
  -15.66916997    0.0000000000
  -15.65016511    0.0000000000
  -15.63116024    0.0000000000
  -15.61215537    0.0000000000
  -15.59315050    0.0000000000
  -15.57414564    0.0000000000
  -15.55514077    0.0000000000
  -15.53613590    0.0000000000
  -15.51713104    0.0000000000
  -15.49812617    0.0000000000
  -15.47912130    0.0000000000
  -15.46011644    0.0000000000
  -15.44111157    0.0000000000
  -15.42210670    0.0000000000
  -15.40310183    0.0000000000
  -15.38409697    0.0000000000
  -15.36509210    0.0000000000
  -15.34608723    0.0000000000
  -15.32708237    0.0000000000
  -15.30807750    0.0000000000
  -15.28907263    0.0000000000
  -15.27006777    0.0000000000
  -15.25106290    0.0000000000
  -15.23205803    0.0000000000
  -15.21305316    0.0000000000
  -15.19404830    0.0000000000
  -15.17504343    0.0000000000
  -15.15603856    0.0000000000
  -15.13703370    0.0000000000
  -15.11802883    0.0000000000
  -15.09902396    0.0000000000
  -15.08001910    0.0000000000
  -15.06101423    0.0000000000
  -15.04200936    0.0000000000
  -15.02300450    0.0000000000
  -15.00399963    0.0000000000
  -14.98499476    0.0000000000
  -14.96598989    0.0000000000
  -14.94698503    0.0000000000
  -14.92798016    0.0000000000
  -14.90897529    0.0000000000
  -14.88997043    0.0000000000
  -14.87096556    0.0000000000
  -14.85196069    0.0000000000
  -14.83295583    0.0000000000
  -14.81395096    0.0000000000
  -14.79494609    0.0000000000
  -14.77594122    0.0000000000
  -14.75693636    0.0000000000
  -14.73793149    0.0000000000
  -14.71892662    0.0000000000
  -14.69992176    0.0000000000
  -14.68091689    0.0000000000
  -14.66191202    0.0000000000
  -14.64290716    0.0000000000
  -14.62390229    0.0000000000
  -14.60489742    0.0000000000
  -14.58589255    0.0000000000
  -14.56688769    0.0000000000
  -14.54788282    0.0000000000
  -14.52887795    0.0000000000
  -14.50987309    0.0000000000
  -14.49086822    0.0000000000
  -14.47186335    0.0000000000
  -14.45285849    0.0000000000
  -14.43385362    0.0000000000
  -14.41484875    0.0000000000
  -14.39584388    0.0000000000
  -14.37683902    0.0000000000
  -14.35783415    0.0000000000
  -14.33882928    0.0000000000
  -14.31982442    0.0000000000
  -14.30081955    0.0000000000
  -14.28181468    0.0000000000
  -14.26280982    0.0000000000
  -14.24380495    0.0000000000
  -14.22480008    0.0000000000
  -14.20579521    0.0000000000
  -14.18679035    0.0000000000
  -14.16778548    0.0000000000
  -14.14878061    0.0000000000
  -14.12977575    0.0000000000
  -14.11077088    0.0000000000
  -14.09176601    0.0000000000
  -14.07276115    0.0000000000
  -14.05375628    0.0000000000
  -14.03475141    0.0000000000
  -14.01574654    0.0000000000
  -13.99674168    0.0000000000
  -13.97773681    0.0000000000
  -13.95873194    0.0000000000
  -13.93972708    0.0000000000
  -13.92072221    0.0000000000
  -13.90171734    0.0000000000
  -13.88271248    0.0000000000
  -13.86370761    0.0000000000
  -13.84470274    0.0000000000
  -13.82569788    0.0000000000
  -13.80669301    0.0000000000
  -13.78768814    0.0000000000
  -13.76868327    0.0000000000
  -13.74967841    0.0000000000
  -13.73067354    0.0000000000
  -13.71166867    0.0000000000
  -13.69266381    0.0000000000
  -13.67365894    0.0000000000
  -13.65465407    0.0000000000
  -13.63564921    0.0000000000
  -13.61664434    0.0000000000
  -13.59763947    0.0000000000
  -13.57863460    0.0000000000
  -13.55962974    0.0000000000
  -13.54062487    0.0000000000
  -13.52162000    0.0000000000
  -13.50261514    0.0000000000
  -13.48361027    0.0000000000
  -13.46460540    0.0000000000
  -13.44560054    0.0000000000
  -13.42659567    0.0000000000
  -13.40759080    0.0000000000
  -13.38858593    0.0000000000
  -13.36958107    0.0000000000
  -13.35057620    0.0000000000
  -13.33157133    0.0000000000
  -13.31256647    0.0000000000
  -13.29356160    0.0000000000
  -13.27455673    0.0000000000
  -13.25555187    0.0000000000
  -13.23654700    0.0000000000
  -13.21754213    0.0000000000
  -13.19853726    0.0000000000
  -13.17953240    0.0000000000
  -13.16052753    0.0000000000
  -13.14152266    0.0000000000
  -13.12251780    0.0000000000
  -13.10351293    0.0000000000
  -13.08450806    0.0000000000
  -13.06550320    0.0000000000
  -13.04649833    0.0000000000
  -13.02749346    0.0000000000
  -13.00848859    0.0000000000
  -12.98948373    0.0000000000
  -12.97047886    0.0000000000
  -12.95147399    0.0000000000
  -12.93246913    0.0000000000
  -12.91346426    0.0000000000
  -12.89445939    0.0000000000
  -12.87545453    0.0000000000
  -12.85644966    0.0000000000
  -12.83744479    0.0000000000
  -12.81843992    0.0000000000
  -12.79943506    0.0000000000
  -12.78043019    0.0000000000
  -12.76142532    0.0000000000
  -12.74242046    0.0000000000
  -12.72341559    0.0000000000
  -12.70441072    0.0000000000
  -12.68540586    0.0000000000
  -12.66640099    0.0000000000
  -12.64739612    0.0000000000
  -12.62839126    0.0000000000
  -12.60938639    0.0000000000
  -12.59038152    0.0000000000
  -12.57137665    0.0000000000
  -12.55237179    0.0000000000
  -12.53336692    0.0000000000
  -12.51436205    0.0000000000
  -12.49535719    0.0000000000
  -12.47635232    0.0000000000
  -12.45734745    0.0000000000
  -12.43834259    0.0000000000
  -12.41933772    0.0000000000
  -12.40033285    0.0000000000
  -12.38132798    0.0000000000
  -12.36232312    0.0000000000
  -12.34331825    0.0000000000
  -12.32431338    0.0000000000
  -12.30530852    0.0000000000
  -12.28630365    0.0000000000
  -12.26729878    0.0000000000
  -12.24829392    0.0000000000
  -12.22928905    0.0000000000
  -12.21028418    0.0000000000
  -12.19127931    0.0000000000
  -12.17227445    0.0000000000
  -12.15326958    0.0000000000
  -12.13426471    0.0000000000
  -12.11525985    0.0000000000
  -12.09625498    0.0000000000
  -12.07725011    0.0000000000
  -12.05824525    0.0000000000
  -12.03924038    0.0000000000
  -12.02023551    0.0000000000
  -12.00123064    0.0000000000
  -11.98222578    0.0000000000
  -11.96322091    0.0000000000
  -11.94421604    0.0000000000
  -11.92521118    0.0000000000
  -11.90620631    0.0000000000
  -11.88720144    0.0000000000
  -11.86819658    0.0000000000
  -11.84919171    0.0000000000
  -11.83018684    0.0000000000
  -11.81118197    0.0000000000
  -11.79217711    0.0000000000
  -11.77317224    0.0000000000
  -11.75416737    0.0000000000
  -11.73516251    0.0000000000
  -11.71615764    0.0000000000
  -11.69715277    0.0000000000
  -11.67814791    0.0000000000
  -11.65914304    0.0000000000
  -11.64013817    0.0000000000
  -11.62113330    0.0000000000
  -11.60212844    0.0000000000
  -11.58312357    0.0000000000
  -11.56411870    0.0000000000
  -11.54511384    0.0000000000
  -11.52610897    0.0000000000
  -11.50710410    0.0000000000
  -11.48809924    0.0000000000
  -11.46909437    0.0000000000
  -11.45008950    0.0000000000
  -11.43108464    0.0000000000
  -11.41207977    0.0000000000
  -11.39307490    0.0000000000
  -11.37407003    0.0000000000
  -11.35506517    0.0000000000
  -11.33606030    0.0000000000
  -11.31705543    0.0000000000
  -11.29805057    0.0000000000
  -11.27904570    0.0000000000
  -11.26004083    0.0000000000
  -11.24103597    0.0000000000
  -11.22203110    0.0000000000
  -11.20302623    0.0000000000
  -11.18402136    0.0000000000
  -11.16501650    0.0000000000
  -11.14601163    0.0000000000
  -11.12700676    0.0000000000
  -11.10800190    0.0000000000
  -11.08899703    0.0000000000
  -11.06999216    0.0000000000
  -11.05098730    0.0000000000
  -11.03198243    0.0000000000
  -11.01297756    0.0000000000
  -10.99397269    0.0000000000
  -10.97496783    0.0000000000
  -10.95596296    0.0000000000
  -10.93695809    0.0000000000
  -10.91795323    0.0000000000
  -10.89894836    0.0000000000
  -10.87994349    0.0000000000
  -10.86093863    0.0000000000
  -10.84193376    0.0000000000
  -10.82292889    0.0000000000
  -10.80392402    0.0000000000
  -10.78491916    0.0000000000
  -10.76591429    0.0000000000
  -10.74690942    0.0000000000
  -10.72790456    0.0000000000
  -10.70889969    0.0000000000
  -10.68989482    0.0000000000
  -10.67088996    0.0000000001
  -10.65188509    0.0000000003
  -10.63288022    0.0000000012
  -10.61387535    0.0000000053
  -10.59487049    0.0000000217
  -10.57586562    0.0000000846
  -10.55686075    0.0000003139
  -10.53785589    0.0000011078
  -10.51885102    0.0000037195
  -10.49984615    0.0000118779
  -10.48084129    0.0000360786
  -10.46183642    0.0001042353
  -10.44283155    0.0002864405
  -10.42382668    0.0007487003
  -10.40482182    0.0018613831
  -10.38581695    0.0044016714
  -10.36681208    0.0099004190
  -10.34780722    0.0211808625
  -10.32880235    0.0431010461
  -10.30979748    0.0834230548
  -10.29079262    0.1535813477
  -10.27178775    0.2689335390
  -10.25278288    0.4479252730
  -10.23377801    0.7096108944
  -10.21477315    1.0692742028
  -10.19576828    1.5325406797
  -10.17676341    2.0892434083
  -10.15775855    2.7090696903
  -10.13875368    3.3412226850
  -10.11974881    3.9196272897
  -10.10074395    4.3735916465
  -10.08173908    4.6417933007
  -10.06273421    4.6858401660
  -10.04372935    4.4992823859
  -10.02472448    4.1091608279
  -10.00571961    3.5695801238
   -9.98671474    2.9494106041
   -9.96770988    2.3179680596
   -9.94870501    1.7327414502
   -9.92970014    1.2320098760
   -9.91069528    0.8331989638
   -9.89169041    0.5359661483
   -9.87268554    0.3279292132
   -9.85368068    0.1908433190
   -9.83467581    0.1056398856
   -9.81567094    0.0556202569
   -9.79666607    0.0278542947
   -9.77766121    0.0132679996
   -9.75865634    0.0060113614
   -9.73965147    0.0025905641
   -9.72064661    0.0010618666
   -9.70164174    0.0004139993
   -9.68263687    0.0001535265
   -9.66363201    0.0000541529
   -9.64462714    0.0000181683
   -9.62562227    0.0000057978
   -9.60661740    0.0000017598
   -9.58761254    0.0000005081
   -9.56860767    0.0000001395
   -9.54960280    0.0000000364
   -9.53059794    0.0000000091
   -9.51159307    0.0000000021
   -9.49258820    0.0000000005
   -9.47358334    0.0000000001
   -9.45457847    0.0000000000
   -9.43557360    0.0000000000
   -9.41656873    0.0000000000
   -9.39756387    0.0000000000
   -9.37855900    0.0000000000
   -9.35955413    0.0000000000
   -9.34054927    0.0000000000
   -9.32154440    0.0000000000
   -9.30253953    0.0000000000
   -9.28353467    0.0000000000
   -9.26452980    0.0000000000
   -9.24552493    0.0000000000
   -9.22652006    0.0000000000
   -9.20751520    0.0000000000
   -9.18851033    0.0000000000
   -9.16950546    0.0000000000
   -9.15050060    0.0000000000
   -9.13149573    0.0000000000
   -9.11249086    0.0000000000
   -9.09348600    0.0000000000
   -9.07448113    0.0000000000
   -9.05547626    0.0000000000
   -9.03647139    0.0000000000
   -9.01746653    0.0000000000
   -8.99846166    0.0000000000
   -8.97945679    0.0000000000
   -8.96045193    0.0000000000
   -8.94144706    0.0000000000
   -8.92244219    0.0000000000
   -8.90343733    0.0000000000
   -8.88443246    0.0000000000
   -8.86542759    0.0000000000
   -8.84642273    0.0000000000
   -8.82741786    0.0000000000
   -8.80841299    0.0000000000
   -8.78940812    0.0000000000
   -8.77040326    0.0000000000
   -8.75139839    0.0000000000
   -8.73239352    0.0000000000
   -8.71338866    0.0000000000
   -8.69438379    0.0000000000
   -8.67537892    0.0000000000
   -8.65637406    0.0000000000
   -8.63736919    0.0000000000
   -8.61836432    0.0000000000
   -8.59935945    0.0000000000
   -8.58035459    0.0000000000
   -8.56134972    0.0000000000
   -8.54234485    0.0000000000
   -8.52333999    0.0000000000
   -8.50433512    0.0000000000
   -8.48533025    0.0000000000
   -8.46632539    0.0000000000
   -8.44732052    0.0000000000
   -8.42831565    0.0000000000
   -8.40931078    0.0000000000
   -8.39030592    0.0000000000
   -8.37130105    0.0000000000
   -8.35229618    0.0000000000
   -8.33329132    0.0000000000
   -8.31428645    0.0000000000
   -8.29528158    0.0000000000
   -8.27627672    0.0000000000
   -8.25727185    0.0000000000
   -8.23826698    0.0000000000
   -8.21926211    0.0000000000
   -8.20025725    0.0000000000
   -8.18125238    0.0000000000
   -8.16224751    0.0000000000
   -8.14324265    0.0000000000
   -8.12423778    0.0000000000
   -8.10523291    0.0000000000
   -8.08622805    0.0000000000
   -8.06722318    0.0000000000
   -8.04821831    0.0000000000
   -8.02921344    0.0000000000
   -8.01020858    0.0000000000
   -7.99120371    0.0000000000
   -7.97219884    0.0000000000
   -7.95319398    0.0000000000
   -7.93418911    0.0000000000
   -7.91518424    0.0000000000
   -7.89617938    0.0000000000
   -7.87717451    0.0000000000
   -7.85816964    0.0000000000
   -7.83916477    0.0000000002
   -7.82015991    0.0000000007
   -7.80115504    0.0000000032
   -7.78215017    0.0000000132
   -7.76314531    0.0000000525
   -7.74414044    0.0000001984
   -7.72513557    0.0000007127
   -7.70613071    0.0000024357
   -7.68712584    0.0000079173
   -7.66812097    0.0000244790
   -7.64911611    0.0000719884
   -7.63011124    0.0002013660
   -7.61110637    0.0005357520
   -7.59210150    0.0013558001
   -7.57309664    0.0032634852
   -7.55409177    0.0074717397
   -7.53508690    0.0162710630
   -7.51608204    0.0337026636
   -7.49707717    0.0663997787
   -7.47807230    0.1244294399
   -7.45906744    0.2217858159
   -7.44006257    0.3760092220
   -7.42105770    0.6063415542
   -7.40205283    0.9300156912
   -7.38304797    1.3568046608
   -7.36404310    1.8827752681
   -7.34503823    2.4850420976
   -7.32603337    3.1197739181
   -7.30702850    3.7253458969
   -7.28802363    4.2312062002
   -7.26901877    4.5710490876
   -7.25001390    4.6970121884
   -7.23100903    4.5907283686
   -7.21200416    4.2677170033
   -7.19299930    3.7736684178
   -7.17399443    3.1738468643
   -7.15498956    2.5389976986
   -7.13598470    1.9319360798
   -7.11697983    1.3982257842
   -7.09797496    0.9625337517
   -7.07897010    0.6302440222
   -7.05996523    0.3925144147
   -7.04096036    0.2325180077
   -7.02195549    0.1310121830
   -7.00295063    0.0702135417
   -6.98394576    0.0357918532
   -6.96494089    0.0173540801
   -6.94593603    0.0080033741
   -6.92693116    0.0035107406
   -6.90792629    0.0014648005
   -6.88892143    0.0005813161
   -6.86991656    0.0002194322
   -6.85091169    0.0000787848
   -6.83190682    0.0000269053
   -6.81290196    0.0000087395
   -6.79389709    0.0000027002
   -6.77489222    0.0000007935
   -6.75588736    0.0000002218
   -6.73688249    0.0000000590
   -6.71787762    0.0000000149
   -6.69887276    0.0000000036
   -6.67986789    0.0000000008
   -6.66086302    0.0000000002
   -6.64185815    0.0000000000
   -6.62285329    0.0000000000
   -6.60384842    0.0000000000
   -6.58484355    0.0000000000
   -6.56583869    0.0000000000
   -6.54683382    0.0000000000
   -6.52782895    0.0000000000
   -6.50882409    0.0000000000
   -6.48981922    0.0000000000
   -6.47081435    0.0000000000
   -6.45180949    0.0000000000
   -6.43280462    0.0000000000
   -6.41379975    0.0000000000
   -6.39479488    0.0000000000
   -6.37579002    0.0000000000
   -6.35678515    0.0000000000
   -6.33778028    0.0000000000
   -6.31877542    0.0000000000
   -6.29977055    0.0000000000
   -6.28076568    0.0000000000
   -6.26176082    0.0000000000
   -6.24275595    0.0000000000
   -6.22375108    0.0000000000
   -6.20474621    0.0000000000
   -6.18574135    0.0000000000
   -6.16673648    0.0000000000
   -6.14773161    0.0000000000
   -6.12872675    0.0000000000
   -6.10972188    0.0000000000
   -6.09071701    0.0000000000
   -6.07171215    0.0000000000
   -6.05270728    0.0000000000
   -6.03370241    0.0000000000
   -6.01469754    0.0000000000
   -5.99569268    0.0000000000
   -5.97668781    0.0000000000
   -5.95768294    0.0000000000
   -5.93867808    0.0000000000
   -5.91967321    0.0000000000
   -5.90066834    0.0000000000
   -5.88166348    0.0000000000
   -5.86265861    0.0000000000
   -5.84365374    0.0000000000
   -5.82464887    0.0000000000
   -5.80564401    0.0000000000
   -5.78663914    0.0000000000
   -5.76763427    0.0000000000
   -5.74862941    0.0000000000
   -5.72962454    0.0000000000
   -5.71061967    0.0000000000
   -5.69161481    0.0000000000
   -5.67260994    0.0000000000
   -5.65360507    0.0000000000
   -5.63460020    0.0000000000
   -5.61559534    0.0000000000
   -5.59659047    0.0000000000
   -5.57758560    0.0000000000
   -5.55858074    0.0000000000
   -5.53957587    0.0000000000
   -5.52057100    0.0000000000
   -5.50156614    0.0000000000
   -5.48256127    0.0000000000
   -5.46355640    0.0000000000
   -5.44455153    0.0000000000
   -5.42554667    0.0000000000
   -5.40654180    0.0000000000
   -5.38753693    0.0000000000
   -5.36853207    0.0000000000
   -5.34952720    0.0000000000
   -5.33052233    0.0000000000
   -5.31151747    0.0000000000
   -5.29251260    0.0000000000
   -5.27350773    0.0000000000
   -5.25450287    0.0000000000
   -5.23549800    0.0000000000
   -5.21649313    0.0000000000
   -5.19748826    0.0000000000
   -5.17848340    0.0000000000
   -5.15947853    0.0000000000
   -5.14047366    0.0000000000
   -5.12146880    0.0000000000
   -5.10246393    0.0000000000
   -5.08345906    0.0000000000
   -5.06445420    0.0000000000
   -5.04544933    0.0000000000
   -5.02644446    0.0000000000
   -5.00743959    0.0000000000
   -4.98843473    0.0000000000
   -4.96942986    0.0000000000
   -4.95042499    0.0000000000
   -4.93142013    0.0000000000
   -4.91241526    0.0000000000
   -4.89341039    0.0000000000
   -4.87440553    0.0000000002
   -4.85540066    0.0000000010
   -4.83639579    0.0000000042
   -4.81739092    0.0000000173
   -4.79838606    0.0000000681
   -4.77938119    0.0000002549
   -4.76037632    0.0000009072
   -4.74137146    0.0000030704
   -4.72236659    0.0000098846
   -4.70336172    0.0000302674
   -4.68435686    0.0000881545
   -4.66535199    0.0002442125
   -4.64634712    0.0006434951
   -4.62734225    0.0016127860
   -4.60833739    0.0038446992
   -4.58933252    0.0087177033
   -4.57032765    0.0188016478
   -4.55132279    0.0385694857
   -4.53231792    0.0752568248
   -4.51331305    0.1396696486
   -4.49430819    0.2465541390
   -4.47530332    0.4139774282
   -4.45629845    0.6611425888
   -4.43729358    1.0043098292
   -4.41828872    1.4510901685
   -4.39928385    1.9942297623
   -4.38027898    2.6068142995
   -4.36127412    3.2411497948
   -4.34226925    3.8330300047
   -4.32326438    4.3116097171
   -4.30425952    4.6130777298
   -4.28525465    4.6945742279
   -4.26624978    4.5441824007
   -4.24724491    4.1837854747
   -4.22824005    3.6638456338
   -4.20923518    3.0518208420
   -4.19023031    2.4178814818
   -4.17122545    1.8220701392
   -4.15222058    1.3060183527
   -4.13321571    0.8904049717
   -4.11421085    0.5774042550
   -4.09520598    0.3561447043
   -4.07620111    0.2089426552
   -4.05719624    0.1165955123
   -4.03819138    0.0618857514
   -4.01918651    0.0312430633
   -4.00018164    0.0150027425
   -3.98117678    0.0068523859
   -3.96217191    0.0029769194
   -3.94316704    0.0012301171
   -3.92416218    0.0004834816
   -3.90515731    0.0001807455
   -3.88615244    0.0000642701
   -3.86714758    0.0000217373
   -3.84814271    0.0000069929
   -3.82913784    0.0000021397
   -3.81013297    0.0000006228
   -3.79112811    0.0000001724
   -3.77212324    0.0000000454
   -3.75311837    0.0000000114
   -3.73411351    0.0000000027
   -3.71510864    0.0000000006
   -3.69610377    0.0000000001
   -3.67709891    0.0000000000
   -3.65809404    0.0000000000
   -3.63908917    0.0000000000
   -3.62008430    0.0000000000
   -3.60107944    0.0000000000
   -3.58207457    0.0000000000
   -3.56306970    0.0000000000
   -3.54406484    0.0000000000
   -3.52505997    0.0000000000
   -3.50605510    0.0000000000
   -3.48705024    0.0000000000
   -3.46804537    0.0000000000
   -3.44904050    0.0000000000
   -3.43003563    0.0000000000
   -3.41103077    0.0000000000
   -3.39202590    0.0000000000
   -3.37302103    0.0000000000
   -3.35401617    0.0000000000
   -3.33501130    0.0000000000
   -3.31600643    0.0000000000
   -3.29700157    0.0000000000
   -3.27799670    0.0000000000
   -3.25899183    0.0000000000
   -3.23998696    0.0000000000
   -3.22098210    0.0000000000
   -3.20197723    0.0000000000
   -3.18297236    0.0000000000
   -3.16396750    0.0000000000
   -3.14496263    0.0000000000
   -3.12595776    0.0000000000
   -3.10695290    0.0000000000
   -3.08794803    0.0000000000
   -3.06894316    0.0000000000
   -3.04993829    0.0000000000
   -3.03093343    0.0000000000
   -3.01192856    0.0000000000
   -2.99292369    0.0000000000
   -2.97391883    0.0000000000
   -2.95491396    0.0000000000
   -2.93590909    0.0000000000
   -2.91690423    0.0000000000
   -2.89789936    0.0000000000
   -2.87889449    0.0000000000
   -2.85988962    0.0000000000
   -2.84088476    0.0000000000
   -2.82187989    0.0000000000
   -2.80287502    0.0000000000
   -2.78387016    0.0000000000
   -2.76486529    0.0000000000
   -2.74586042    0.0000000000
   -2.72685556    0.0000000000
   -2.70785069    0.0000000000
   -2.68884582    0.0000000000
   -2.66984096    0.0000000000
   -2.65083609    0.0000000000
   -2.63183122    0.0000000000
   -2.61282635    0.0000000000
   -2.59382149    0.0000000000
   -2.57481662    0.0000000000
   -2.55581175    0.0000000000
   -2.53680689    0.0000000000
   -2.51780202    0.0000000000
   -2.49879715    0.0000000000
   -2.47979229    0.0000000000
   -2.46078742    0.0000000000
   -2.44178255    0.0000000000
   -2.42277768    0.0000000000
   -2.40377282    0.0000000000
   -2.38476795    0.0000000000
   -2.36576308    0.0000000000
   -2.34675822    0.0000000000
   -2.32775335    0.0000000000
   -2.30874848    0.0000000000
   -2.28974362    0.0000000000
   -2.27073875    0.0000000000
   -2.25173388    0.0000000000
   -2.23272901    0.0000000000
   -2.21372415    0.0000000000
   -2.19471928    0.0000000000
   -2.17571441    0.0000000000
   -2.15670955    0.0000000000
   -2.13770468    0.0000000000
   -2.11869981    0.0000000000
   -2.09969495    0.0000000000
   -2.08069008    0.0000000000
   -2.06168521    0.0000000000
   -2.04268034    0.0000000000
   -2.02367548    0.0000000000
   -2.00467061    0.0000000000
   -1.98566574    0.0000000000
   -1.96666088    0.0000000000
   -1.94765601    0.0000000000
   -1.92865114    0.0000000000
   -1.90964628    0.0000000000
   -1.89064141    0.0000000000
   -1.87163654    0.0000000000
   -1.85263167    0.0000000000
   -1.83362681    0.0000000000
   -1.81462194    0.0000000000
   -1.79561707    0.0000000000
   -1.77661221    0.0000000000
   -1.75760734    0.0000000000
   -1.73860247    0.0000000000
   -1.71959761    0.0000000000
   -1.70059274    0.0000000000
   -1.68158787    0.0000000000
   -1.66258300    0.0000000000
   -1.64357814    0.0000000000
   -1.62457327    0.0000000000
   -1.60556840    0.0000000000
   -1.58656354    0.0000000000
   -1.56755867    0.0000000000
   -1.54855380    0.0000000000
   -1.52954894    0.0000000000
   -1.51054407    0.0000000000
   -1.49153920    0.0000000000
   -1.47253434    0.0000000000
   -1.45352947    0.0000000000
   -1.43452460    0.0000000000
   -1.41551973    0.0000000000
   -1.39651487    0.0000000000
   -1.37751000    0.0000000000
   -1.35850513    0.0000000000
   -1.33950027    0.0000000000
   -1.32049540    0.0000000000
   -1.30149053    0.0000000000
   -1.28248567    0.0000000000
   -1.26348080    0.0000000000
   -1.24447593    0.0000000000
   -1.22547106    0.0000000000
   -1.20646620    0.0000000000
   -1.18746133    0.0000000000
   -1.16845646    0.0000000000
   -1.14945160    0.0000000000
   -1.13044673    0.0000000000
   -1.11144186    0.0000000000
   -1.09243700    0.0000000000
   -1.07343213    0.0000000000
   -1.05442726    0.0000000000
   -1.03542239    0.0000000000
   -1.01641753    0.0000000000
   -0.99741266    0.0000000000
   -0.97840779    0.0000000000
   -0.95940293    0.0000000000
   -0.94039806    0.0000000000
   -0.92139319    0.0000000000
   -0.90238833    0.0000000000
   -0.88338346    0.0000000000
   -0.86437859    0.0000000000
   -0.84537372    0.0000000000
   -0.82636886    0.0000000000
   -0.80736399    0.0000000000
   -0.78835912    0.0000000000
   -0.76935426    0.0000000000
   -0.75034939    0.0000000000
   -0.73134452    0.0000000000
   -0.71233966    0.0000000000
   -0.69333479    0.0000000000
   -0.67432992    0.0000000000
   -0.65532505    0.0000000000
   -0.63632019    0.0000000000
   -0.61731532    0.0000000000
   -0.59831045    0.0000000000
   -0.57930559    0.0000000000
   -0.56030072    0.0000000000
   -0.54129585    0.0000000000
   -0.52229099    0.0000000000
   -0.50328612    0.0000000000
   -0.48428125    0.0000000000
   -0.46527638    0.0000000000
   -0.44627152    0.0000000000
   -0.42726665    0.0000000000
   -0.40826178    0.0000000000
   -0.38925692    0.0000000000
   -0.37025205    0.0000000000
   -0.35124718    0.0000000000
   -0.33224232    0.0000000000
   -0.31323745    0.0000000000
   -0.29423258    0.0000000000
   -0.27522772    0.0000000000
   -0.25622285    0.0000000000
   -0.23721798    0.0000000000
   -0.21821311    0.0000000000
   -0.19920825    0.0000000000
   -0.18020338    0.0000000000
   -0.16119851    0.0000000000
   -0.14219365    0.0000000000
   -0.12318878    0.0000000000
   -0.10418391    0.0000000000
   -0.08517905    0.0000000000
   -0.06617418    0.0000000000
   -0.04716931    0.0000000000
   -0.02816444    0.0000000000
   -0.00915958    0.0000000000
    0.00984529    0.0000000000
    0.02885016    0.0000000000
    0.04785502    0.0000000000
    0.06685989    0.0000000000
    0.08586476    0.0000000000
    0.10486962    0.0000000000
    0.12387449    0.0000000000
    0.14287936    0.0000000000
    0.16188423    0.0000000000
    0.18088909    0.0000000000
    0.19989396    0.0000000000
    0.21889883    0.0000000000
    0.23790369    0.0000000000
    0.25690856    0.0000000000
    0.27591343    0.0000000000
    0.29491829    0.0000000000
    0.31392316    0.0000000000
    0.33292803    0.0000000000
    0.35193290    0.0000000000
    0.37093776    0.0000000000
    0.38994263    0.0000000000
    0.40894750    0.0000000000
    0.42795236    0.0000000000
    0.44695723    0.0000000000
    0.46596210    0.0000000000
    0.48496696    0.0000000000
    0.50397183    0.0000000000
    0.52297670    0.0000000000
    0.54198157    0.0000000000
    0.56098643    0.0000000000
    0.57999130    0.0000000000
    0.59899617    0.0000000000
    0.61800103    0.0000000000
    0.63700590    0.0000000000
    0.65601077    0.0000000000
    0.67501563    0.0000000000
    0.69402050    0.0000000000
    0.71302537    0.0000000000
    0.73203024    0.0000000000
    0.75103510    0.0000000000
    0.77003997    0.0000000000
    0.78904484    0.0000000000
    0.80804970    0.0000000000
    0.82705457    0.0000000000
    0.84605944    0.0000000000
    0.86506430    0.0000000000
    0.88406917    0.0000000000
    0.90307404    0.0000000000
    0.92207891    0.0000000000
    0.94108377    0.0000000000
    0.96008864    0.0000000000
    0.97909351    0.0000000000
    0.99809837    0.0000000000
    1.01710324    0.0000000000
    1.03610811    0.0000000000
    1.05511297    0.0000000000
    1.07411784    0.0000000000
    1.09312271    0.0000000000
    1.11212757    0.0000000000
    1.13113244    0.0000000000
    1.15013731    0.0000000000
    1.16914218    0.0000000000
    1.18814704    0.0000000000
    1.20715191    0.0000000000
    1.22615678    0.0000000000
    1.24516164    0.0000000000
    1.26416651    0.0000000000
    1.28317138    0.0000000000
    1.30217624    0.0000000000
    1.32118111    0.0000000000
    1.34018598    0.0000000000
    1.35919085    0.0000000000
    1.37819571    0.0000000000
    1.39720058    0.0000000000
    1.41620545    0.0000000000
    1.43521031    0.0000000000
    1.45421518    0.0000000000
    1.47322005    0.0000000000
    1.49222491    0.0000000000
    1.51122978    0.0000000000
    1.53023465    0.0000000000
    1.54923952    0.0000000000
    1.56824438    0.0000000000
    1.58724925    0.0000000000
    1.60625412    0.0000000000
    1.62525898    0.0000000000
    1.64426385    0.0000000000
    1.66326872    0.0000000000
    1.68227358    0.0000000000
    1.70127845    0.0000000000
    1.72028332    0.0000000000
    1.73928819    0.0000000000
    1.75829305    0.0000000000
    1.77729792    0.0000000000
    1.79630279    0.0000000000
    1.81530765    0.0000000000
    1.83431252    0.0000000000
    1.85331739    0.0000000000
    1.87232225    0.0000000000
    1.89132712    0.0000000000
    1.91033199    0.0000000000
    1.92933686    0.0000000000
    1.94834172    0.0000000000
    1.96734659    0.0000000000
    1.98635146    0.0000000000
    2.00535632    0.0000000000
    2.02436119    0.0000000000
    2.04336606    0.0000000000
    2.06237092    0.0000000000
    2.08137579    0.0000000000
    2.10038066    0.0000000000
    2.11938553    0.0000000000
    2.13839039    0.0000000000
    2.15739526    0.0000000000
    2.17640013    0.0000000000
    2.19540499    0.0000000000
    2.21440986    0.0000000000
    2.23341473    0.0000000000
    2.25241959    0.0000000000
    2.27142446    0.0000000000
    2.29042933    0.0000000000
    2.30943419    0.0000000000
    2.32843906    0.0000000000
    2.34744393    0.0000000000
    2.36644880    0.0000000000
    2.38545366    0.0000000000
    2.40445853    0.0000000000
    2.42346340    0.0000000000
    2.44246826    0.0000000000
    2.46147313    0.0000000000
    2.48047800    0.0000000000
    2.49948286    0.0000000000
    2.51848773    0.0000000000
    2.53749260    0.0000000000
    2.55649747    0.0000000000
    2.57550233    0.0000000000
    2.59450720    0.0000000000
    2.61351207    0.0000000000
    2.63251693    0.0000000000
    2.65152180    0.0000000000
    2.67052667    0.0000000000
    2.68953153    0.0000000000
    2.70853640    0.0000000000
    2.72754127    0.0000000000
    2.74654614    0.0000000000
    2.76555100    0.0000000000
    2.78455587    0.0000000000
    2.80356074    0.0000000000
    2.82256560    0.0000000000
    2.84157047    0.0000000000
    2.86057534    0.0000000000
    2.87958020    0.0000000000
    2.89858507    0.0000000000
    2.91758994    0.0000000000
    2.93659481    0.0000000000
    2.95559967    0.0000000000
    2.97460454    0.0000000000
    2.99360941    0.0000000000
    3.01261427    0.0000000000
    3.03161914    0.0000000000
    3.05062401    0.0000000000
    3.06962887    0.0000000000
    3.08863374    0.0000000000
    3.10763861    0.0000000000
    3.12664348    0.0000000000
    3.14564834    0.0000000000
    3.16465321    0.0000000000
    3.18365808    0.0000000000
    3.20266294    0.0000000000
    3.22166781    0.0000000000
    3.24067268    0.0000000000
    3.25967754    0.0000000000
    3.27868241    0.0000000000
    3.29768728    0.0000000000
    3.31669215    0.0000000000
    3.33569701    0.0000000000
    3.35470188    0.0000000000
    3.37370675    0.0000000000
    3.39271161    0.0000000000
    3.41171648    0.0000000000
    3.43072135    0.0000000000
    3.44972621    0.0000000000
    3.46873108    0.0000000000
    3.48773595    0.0000000000
    3.50674081    0.0000000000
    3.52574568    0.0000000000
    3.54475055    0.0000000000
    3.56375542    0.0000000000
    3.58276028    0.0000000000
    3.60176515    0.0000000000
    3.62077002    0.0000000000
    3.63977488    0.0000000000
    3.65877975    0.0000000000
    3.67778462    0.0000000000
    3.69678948    0.0000000001
    3.71579435    0.0000000006
    3.73479922    0.0000000029
    3.75380409    0.0000000120
    3.77280895    0.0000000477
    3.79181382    0.0000001807
    3.81081869    0.0000006517
    3.82982355    0.0000022351
    3.84882842    0.0000072913
    3.86783329    0.0000226240
    3.88683815    0.0000667713
    3.90584302    0.0001874405
    3.92484789    0.0005004852
    3.94385276    0.0012710809
    3.96285762    0.0030705007
    3.98186249    0.0070550375
    4.00086736    0.0154185511
    4.01987222    0.0320510236
    4.03887709    0.0633715534
    4.05788196    0.1191793215
    4.07688682    0.2131874190
    4.09589169    0.3627240419
    4.11489656    0.5870096220
    4.13390143    0.9035833198
    4.15290629    1.3229556875
    4.17191116    1.8423684909
    4.19091603    2.4404044297
    4.20992089    3.0746891767
    4.22892576    3.6846372716
    4.24793063    4.1999330739
    4.26693549    4.5534870562
    4.28594036    4.6956957543
    4.30494523    4.6058511788
    4.32395010    4.2970851499
    4.34295496    3.8132223107
    4.36195983    3.2185806680
    4.38096470    2.5839897037
    4.39996956    1.9732007258
    4.41897443    1.4331969048
    4.43797930    0.9901353452
    4.45698416    0.6506349278
    4.47598903    0.4066626540
    4.49499390    0.2417604832
    4.51399877    0.1367069036
    4.53300363    0.0735274807
    4.55200850    0.0376151703
    4.57101337    0.0183033458
    4.59001823    0.0084713387
    4.60902310    0.0037293034
    4.62802797    0.0015615557
    4.64703283    0.0006219298
    4.66603770    0.0002356022
    4.68504257    0.0000848929
    4.70404743    0.0000290950
    4.72305230    0.0000094846
    4.74205717    0.0000029408
    4.76106204    0.0000008673
    4.78006690    0.0000002433
    4.79907177    0.0000000649
    4.81807664    0.0000000165
    4.83708150    0.0000000040
    4.85608637    0.0000000009
    4.87509124    0.0000000002
    4.89409610    0.0000000000
    4.91310097    0.0000000000
    4.93210584    0.0000000000
    4.95111071    0.0000000000
    4.97011557    0.0000000000
    4.98912044    0.0000000000
    5.00812531    0.0000000000
    5.02713017    0.0000000000
    5.04613504    0.0000000000
    5.06513991    0.0000000000
    5.08414477    0.0000000000
    5.10314964    0.0000000000
    5.12215451    0.0000000000
    5.14115938    0.0000000000
    5.16016424    0.0000000000
    5.17916911    0.0000000000
    5.19817398    0.0000000000
    5.21717884    0.0000000000
    5.23618371    0.0000000000
    5.25518858    0.0000000000
    5.27419344    0.0000000000
    5.29319831    0.0000000000
    5.31220318    0.0000000000
    5.33120805    0.0000000000
    5.35021291    0.0000000000
    5.36921778    0.0000000000
    5.38822265    0.0000000000
    5.40722751    0.0000000000
    5.42623238    0.0000000000
    5.44523725    0.0000000000
    5.46424211    0.0000000000
    5.48324698    0.0000000000
    5.50225185    0.0000000000
    5.52125672    0.0000000000
    5.54026158    0.0000000000
    5.55926645    0.0000000000
    5.57827132    0.0000000000
    5.59727618    0.0000000000
    5.61628105    0.0000000000
    5.63528592    0.0000000000
    5.65429078    0.0000000000
    5.67329565    0.0000000000
    5.69230052    0.0000000000
    5.71130539    0.0000000000
    5.73031025    0.0000000000
    5.74931512    0.0000000000
    5.76831999    0.0000000000
    5.78732485    0.0000000000
    5.80632972    0.0000000000
    5.82533459    0.0000000000
    5.84433945    0.0000000000
    5.86334432    0.0000000000
    5.88234919    0.0000000000
    5.90135405    0.0000000000
    5.92035892    0.0000000000
    5.93936379    0.0000000000
    5.95836866    0.0000000000
    5.97737352    0.0000000000
    5.99637839    0.0000000000
    6.01538326    0.0000000000
    6.03438812    0.0000000000
    6.05339299    0.0000000000
    6.07239786    0.0000000000
    6.09140272    0.0000000000
    6.11040759    0.0000000000
    6.12941246    0.0000000000
    6.14841733    0.0000000000
    6.16742219    0.0000000000
    6.18642706    0.0000000000
    6.20543193    0.0000000000
    6.22443679    0.0000000000
    6.24344166    0.0000000000
    6.26244653    0.0000000000
    6.28145139    0.0000000000
    6.30045626    0.0000000000
    6.31946113    0.0000000000
    6.33846600    0.0000000000
    6.35747086    0.0000000000
    6.37647573    0.0000000000
    6.39548060    0.0000000000
    6.41448546    0.0000000001
    6.43349033    0.0000000006
    6.45249520    0.0000000027
    6.47150006    0.0000000114
    6.49050493    0.0000000457
    6.50950980    0.0000001734
    6.52851467    0.0000006263
    6.54751953    0.0000021516
    6.56652440    0.0000070299
    6.58552927    0.0000218475
    6.60453413    0.0000645812
    6.62353900    0.0001815789
    6.64254387    0.0004856000
    6.66154873    0.0012352248
    6.68055360    0.0029885979
    6.69955847    0.0068776974
    6.71856334    0.0150547223
    6.73756820    0.0313441531
    6.75657307    0.0620718140
    6.77557794    0.1169193638
    6.79458280    0.2094751724
    6.81358767    0.3569708694
    6.83259254    0.5786115582
    6.85159740    0.8920630272
    6.87060227    1.3081516164
    6.88960714    1.8246296671
    6.90861201    2.4207251870
    6.92761687    3.0547125790
    6.94662174    3.6664800392
    6.96562661    4.1858378815
    6.98463147    4.5453736538
    7.00363634    4.6947328487
    7.02264121    4.6121803907
    7.04164607    4.3097868661
    7.06065094    3.8305347714
    7.07965581    3.2383003885
    7.09866068    2.6039279440
    7.11766554    1.9915669010
    7.13667041    1.4488217091
    7.15567528    1.0025108858
    7.17468014    0.6598076654
    7.19368501    0.4130472392
    7.21268988    0.2459439807
    7.23169474    0.1392921941
    7.25069961    0.0750363099
    7.26970448    0.0384476911
    7.28870934    0.0187379971
    7.30771421    0.0086862071
    7.32671908    0.0038299341
    7.34572395    0.0016062255
    7.36472881    0.0006407312
    7.38373368    0.0002431080
    7.40273855    0.0000877358
    7.42174341    0.0000301168
    7.44074828    0.0000098332
    7.45975315    0.0000030538
    7.47875801    0.0000009020
    7.49776288    0.0000002534
    7.51676775    0.0000000677
    7.53577262    0.0000000172
    7.55477748    0.0000000042
    7.57378235    0.0000000010
    7.59278722    0.0000000002
    7.61179208    0.0000000000
    7.63079695    0.0000000000
    7.64980182    0.0000000000
    7.66880668    0.0000000000
    7.68781155    0.0000000000
    7.70681642    0.0000000000
    7.72582129    0.0000000000
    7.74482615    0.0000000000
    7.76383102    0.0000000000
    7.78283589    0.0000000000
    7.80184075    0.0000000000
    7.82084562    0.0000000000
    7.83985049    0.0000000000
    7.85885535    0.0000000000
    7.87786022    0.0000000000
    7.89686509    0.0000000000
    7.91586996    0.0000000000
    7.93487482    0.0000000000
    7.95387969    0.0000000000
    7.97288456    0.0000000000
    7.99188942    0.0000000000
    8.01089429    0.0000000000
    8.02989916    0.0000000000
    8.04890402    0.0000000000
    8.06790889    0.0000000000
    8.08691376    0.0000000000
    8.10591863    0.0000000000
    8.12492349    0.0000000000
    8.14392836    0.0000000000
    8.16293323    0.0000000000
    8.18193809    0.0000000000
    8.20094296    0.0000000000
    8.21994783    0.0000000000
    8.23895269    0.0000000000
    8.25795756    0.0000000000
    8.27696243    0.0000000000
    8.29596730    0.0000000000
    8.31497216    0.0000000000
    8.33397703    0.0000000000
    8.35298190    0.0000000000
    8.37198676    0.0000000000
    8.39099163    0.0000000000
    8.40999650    0.0000000000
    8.42900136    0.0000000000
    8.44800623    0.0000000000
    8.46701110    0.0000000000
    8.48601596    0.0000000000
    8.50502083    0.0000000000
    8.52402570    0.0000000000
    8.54303057    0.0000000000
    8.56203543    0.0000000000
    8.58104030    0.0000000000
    8.60004517    0.0000000000
    8.61905003    0.0000000000
    8.63805490    0.0000000000
    8.65705977    0.0000000000
    8.67606463    0.0000000000
    8.69506950    0.0000000000
    8.71407437    0.0000000000
    8.73307924    0.0000000000
    8.75208410    0.0000000000
    8.77108897    0.0000000000
    8.79009384    0.0000000000
    8.80909870    0.0000000000
    8.82810357    0.0000000000
    8.84710844    0.0000000000
    8.86611330    0.0000000000
    8.88511817    0.0000000000
    8.90412304    0.0000000000
    8.92312791    0.0000000000
    8.94213277    0.0000000000
    8.96113764    0.0000000000
    8.98014251    0.0000000000
    8.99914737    0.0000000000
    9.01815224    0.0000000000
    9.03715711    0.0000000000
    9.05616197    0.0000000000
    9.07516684    0.0000000000
    9.09417171    0.0000000000
    9.11317658    0.0000000000
    9.13218144    0.0000000000
    9.15118631    0.0000000000
    9.17019118    0.0000000000
    9.18919604    0.0000000000
    9.20820091    0.0000000000
    9.22720578    0.0000000000
    9.24621064    0.0000000000
    9.26521551    0.0000000000
    9.28422038    0.0000000000
    9.30322525    0.0000000000
    9.32223011    0.0000000000
    9.34123498    0.0000000000
    9.36023985    0.0000000000
    9.37924471    0.0000000000
    9.39824958    0.0000000000
    9.41725445    0.0000000000
    9.43625931    0.0000000000
    9.45526418    0.0000000000
    9.47426905    0.0000000000
    9.49327392    0.0000000000
    9.51227878    0.0000000000
    9.53128365    0.0000000000
    9.55028852    0.0000000000
    9.56929338    0.0000000000
    9.58829825    0.0000000000
    9.60730312    0.0000000000
    9.62630798    0.0000000000
    9.64531285    0.0000000000
    9.66431772    0.0000000000
    9.68332258    0.0000000000
    9.70232745    0.0000000000
    9.72133232    0.0000000000
    9.74033719    0.0000000000
    9.75934205    0.0000000000
    9.77834692    0.0000000000
    9.79735179    0.0000000000
    9.81635665    0.0000000000
    9.83536152    0.0000000000
    9.85436639    0.0000000000
    9.87337125    0.0000000000
    9.89237612    0.0000000000
    9.91138099    0.0000000000
    9.93038586    0.0000000000
    9.94939072    0.0000000000
    9.96839559    0.0000000000
    9.98740046    0.0000000000
   10.00640532    0.0000000000
