#  Energy (eV) |  DOS (states/eV)
  -30.19766240    0.0000000000
  -30.17745682    0.0000000000
  -30.15725124    0.0000000000
  -30.13704565    0.0000000000
  -30.11684007    0.0000000000
  -30.09663449    0.0000000000
  -30.07642890    0.0000000000
  -30.05622332    0.0000000000
  -30.03601774    0.0000000000
  -30.01581215    0.0000000000
  -29.99560657    0.0000000000
  -29.97540099    0.0000000000
  -29.95519541    0.0000000000
  -29.93498982    0.0000000000
  -29.91478424    0.0000000000
  -29.89457866    0.0000000000
  -29.87437307    0.0000000000
  -29.85416749    0.0000000000
  -29.83396191    0.0000000000
  -29.81375632    0.0000000000
  -29.79355074    0.0000000000
  -29.77334516    0.0000000000
  -29.75313957    0.0000000000
  -29.73293399    0.0000000000
  -29.71272841    0.0000000000
  -29.69252282    0.0000000000
  -29.67231724    0.0000000000
  -29.65211166    0.0000000000
  -29.63190607    0.0000000000
  -29.61170049    0.0000000000
  -29.59149491    0.0000000000
  -29.57128933    0.0000000000
  -29.55108374    0.0000000000
  -29.53087816    0.0000000000
  -29.51067258    0.0000000000
  -29.49046699    0.0000000000
  -29.47026141    0.0000000000
  -29.45005583    0.0000000000
  -29.42985024    0.0000000000
  -29.40964466    0.0000000000
  -29.38943908    0.0000000000
  -29.36923349    0.0000000000
  -29.34902791    0.0000000000
  -29.32882233    0.0000000000
  -29.30861674    0.0000000000
  -29.28841116    0.0000000000
  -29.26820558    0.0000000000
  -29.24799999    0.0000000000
  -29.22779441    0.0000000000
  -29.20758883    0.0000000000
  -29.18738325    0.0000000000
  -29.16717766    0.0000000000
  -29.14697208    0.0000000000
  -29.12676650    0.0000000000
  -29.10656091    0.0000000000
  -29.08635533    0.0000000000
  -29.06614975    0.0000000000
  -29.04594416    0.0000000000
  -29.02573858    0.0000000000
  -29.00553300    0.0000000000
  -28.98532741    0.0000000000
  -28.96512183    0.0000000000
  -28.94491625    0.0000000000
  -28.92471066    0.0000000000
  -28.90450508    0.0000000000
  -28.88429950    0.0000000000
  -28.86409391    0.0000000000
  -28.84388833    0.0000000000
  -28.82368275    0.0000000000
  -28.80347717    0.0000000000
  -28.78327158    0.0000000000
  -28.76306600    0.0000000000
  -28.74286042    0.0000000000
  -28.72265483    0.0000000000
  -28.70244925    0.0000000000
  -28.68224367    0.0000000000
  -28.66203808    0.0000000000
  -28.64183250    0.0000000000
  -28.62162692    0.0000000000
  -28.60142133    0.0000000000
  -28.58121575    0.0000000000
  -28.56101017    0.0000000000
  -28.54080458    0.0000000000
  -28.52059900    0.0000000000
  -28.50039342    0.0000000000
  -28.48018783    0.0000000000
  -28.45998225    0.0000000000
  -28.43977667    0.0000000000
  -28.41957108    0.0000000000
  -28.39936550    0.0000000000
  -28.37915992    0.0000000000
  -28.35895434    0.0000000000
  -28.33874875    0.0000000000
  -28.31854317    0.0000000000
  -28.29833759    0.0000000000
  -28.27813200    0.0000000000
  -28.25792642    0.0000000000
  -28.23772084    0.0000000000
  -28.21751525    0.0000000000
  -28.19730967    0.0000000000
  -28.17710409    0.0000000000
  -28.15689850    0.0000000000
  -28.13669292    0.0000000000
  -28.11648734    0.0000000000
  -28.09628175    0.0000000000
  -28.07607617    0.0000000000
  -28.05587059    0.0000000000
  -28.03566500    0.0000000000
  -28.01545942    0.0000000000
  -27.99525384    0.0000000000
  -27.97504826    0.0000000000
  -27.95484267    0.0000000000
  -27.93463709    0.0000000000
  -27.91443151    0.0000000000
  -27.89422592    0.0000000000
  -27.87402034    0.0000000000
  -27.85381476    0.0000000000
  -27.83360917    0.0000000000
  -27.81340359    0.0000000000
  -27.79319801    0.0000000001
  -27.77299242    0.0000000005
  -27.75278684    0.0000000025
  -27.73258126    0.0000000114
  -27.71237567    0.0000000497
  -27.69217009    0.0000002044
  -27.67196451    0.0000007937
  -27.65175892    0.0000029133
  -27.63155334    0.0000101044
  -27.61134776    0.0000331173
  -27.59114218    0.0001025701
  -27.57093659    0.0003001971
  -27.55073101    0.0008302548
  -27.53052543    0.0021698809
  -27.51031984    0.0053589524
  -27.49011426    0.0125067201
  -27.46990868    0.0275820464
  -27.44970309    0.0574816277
  -27.42949751    0.1132012315
  -27.40929193    0.2106651835
  -27.38908634    0.3704707298
  -27.36888076    0.6156509533
  -27.34867518    0.9667957493
  -27.32846959    1.4346779673
  -27.30826401    2.0118409595
  -27.28805843    2.6659523534
  -27.26785284    3.3383405779
  -27.24764726    3.9502849115
  -27.22744168    4.4171863253
  -27.20723610    4.6674807837
  -27.18703051    4.6605683197
  -27.16682493    4.3975900300
  -27.14661935    3.9211198831
  -27.12641376    3.3038857603
  -27.10620818    2.6306280361
  -27.08600260    1.9793080319
  -27.06579701    1.4073005267
  -27.04559143    0.9455398433
  -27.02538585    0.6003331676
  -27.00518026    0.3601839553
  -26.98497468    0.2042094841
  -26.96476910    0.1094074697
  -26.94456351    0.0553907901
  -26.92435793    0.0265001094
  -26.90415235    0.0119805649
  -26.88394676    0.0051183083
  -26.86374118    0.0020663083
  -26.84353560    0.0007882851
  -26.82333002    0.0002841784
  -26.80312443    0.0000968096
  -26.78291885    0.0000311648
  -26.76271327    0.0000094805
  -26.74250768    0.0000027253
  -26.72230210    0.0000007403
  -26.70209652    0.0000001900
  -26.68189093    0.0000000461
  -26.66168535    0.0000000106
  -26.64147977    0.0000000023
  -26.62127418    0.0000000005
  -26.60106860    0.0000000001
  -26.58086302    0.0000000000
  -26.56065743    0.0000000000
  -26.54045185    0.0000000000
  -26.52024627    0.0000000000
  -26.50004068    0.0000000000
  -26.47983510    0.0000000000
  -26.45962952    0.0000000000
  -26.43942394    0.0000000000
  -26.41921835    0.0000000000
  -26.39901277    0.0000000000
  -26.37880719    0.0000000000
  -26.35860160    0.0000000000
  -26.33839602    0.0000000000
  -26.31819044    0.0000000000
  -26.29798485    0.0000000000
  -26.27777927    0.0000000000
  -26.25757369    0.0000000000
  -26.23736810    0.0000000000
  -26.21716252    0.0000000000
  -26.19695694    0.0000000000
  -26.17675135    0.0000000000
  -26.15654577    0.0000000000
  -26.13634019    0.0000000000
  -26.11613460    0.0000000000
  -26.09592902    0.0000000000
  -26.07572344    0.0000000000
  -26.05551785    0.0000000000
  -26.03531227    0.0000000000
  -26.01510669    0.0000000000
  -25.99490111    0.0000000000
  -25.97469552    0.0000000000
  -25.95448994    0.0000000000
  -25.93428436    0.0000000000
  -25.91407877    0.0000000000
  -25.89387319    0.0000000000
  -25.87366761    0.0000000000
  -25.85346202    0.0000000000
  -25.83325644    0.0000000000
  -25.81305086    0.0000000000
  -25.79284527    0.0000000000
  -25.77263969    0.0000000000
  -25.75243411    0.0000000000
  -25.73222852    0.0000000000
  -25.71202294    0.0000000000
  -25.69181736    0.0000000000
  -25.67161177    0.0000000000
  -25.65140619    0.0000000000
  -25.63120061    0.0000000000
  -25.61099503    0.0000000000
  -25.59078944    0.0000000000
  -25.57058386    0.0000000000
  -25.55037828    0.0000000000
  -25.53017269    0.0000000000
  -25.50996711    0.0000000000
  -25.48976153    0.0000000000
  -25.46955594    0.0000000000
  -25.44935036    0.0000000000
  -25.42914478    0.0000000000
  -25.40893919    0.0000000000
  -25.38873361    0.0000000000
  -25.36852803    0.0000000000
  -25.34832244    0.0000000000
  -25.32811686    0.0000000000
  -25.30791128    0.0000000000
  -25.28770569    0.0000000000
  -25.26750011    0.0000000000
  -25.24729453    0.0000000000
  -25.22708895    0.0000000000
  -25.20688336    0.0000000000
  -25.18667778    0.0000000000
  -25.16647220    0.0000000000
  -25.14626661    0.0000000000
  -25.12606103    0.0000000000
  -25.10585545    0.0000000000
  -25.08564986    0.0000000000
  -25.06544428    0.0000000000
  -25.04523870    0.0000000000
  -25.02503311    0.0000000000
  -25.00482753    0.0000000000
  -24.98462195    0.0000000000
  -24.96441636    0.0000000000
  -24.94421078    0.0000000000
  -24.92400520    0.0000000000
  -24.90379961    0.0000000000
  -24.88359403    0.0000000000
  -24.86338845    0.0000000000
  -24.84318287    0.0000000000
  -24.82297728    0.0000000000
  -24.80277170    0.0000000000
  -24.78256612    0.0000000000
  -24.76236053    0.0000000000
  -24.74215495    0.0000000000
  -24.72194937    0.0000000000
  -24.70174378    0.0000000000
  -24.68153820    0.0000000000
  -24.66133262    0.0000000000
  -24.64112703    0.0000000000
  -24.62092145    0.0000000000
  -24.60071587    0.0000000000
  -24.58051028    0.0000000000
  -24.56030470    0.0000000000
  -24.54009912    0.0000000000
  -24.51989353    0.0000000000
  -24.49968795    0.0000000000
  -24.47948237    0.0000000000
  -24.45927679    0.0000000000
  -24.43907120    0.0000000000
  -24.41886562    0.0000000000
  -24.39866004    0.0000000000
  -24.37845445    0.0000000000
  -24.35824887    0.0000000000
  -24.33804329    0.0000000000
  -24.31783770    0.0000000000
  -24.29763212    0.0000000000
  -24.27742654    0.0000000000
  -24.25722095    0.0000000000
  -24.23701537    0.0000000000
  -24.21680979    0.0000000000
  -24.19660420    0.0000000000
  -24.17639862    0.0000000000
  -24.15619304    0.0000000000
  -24.13598745    0.0000000000
  -24.11578187    0.0000000000
  -24.09557629    0.0000000000
  -24.07537070    0.0000000000
  -24.05516512    0.0000000000
  -24.03495954    0.0000000000
  -24.01475396    0.0000000000
  -23.99454837    0.0000000000
  -23.97434279    0.0000000000
  -23.95413721    0.0000000000
  -23.93393162    0.0000000000
  -23.91372604    0.0000000000
  -23.89352046    0.0000000000
  -23.87331487    0.0000000000
  -23.85310929    0.0000000000
  -23.83290371    0.0000000000
  -23.81269812    0.0000000000
  -23.79249254    0.0000000000
  -23.77228696    0.0000000000
  -23.75208137    0.0000000000
  -23.73187579    0.0000000000
  -23.71167021    0.0000000000
  -23.69146462    0.0000000000
  -23.67125904    0.0000000000
  -23.65105346    0.0000000000
  -23.63084788    0.0000000000
  -23.61064229    0.0000000000
  -23.59043671    0.0000000000
  -23.57023113    0.0000000000
  -23.55002554    0.0000000000
  -23.52981996    0.0000000000
  -23.50961438    0.0000000000
  -23.48940879    0.0000000000
  -23.46920321    0.0000000000
  -23.44899763    0.0000000000
  -23.42879204    0.0000000000
  -23.40858646    0.0000000000
  -23.38838088    0.0000000000
  -23.36817529    0.0000000000
  -23.34796971    0.0000000000
  -23.32776413    0.0000000000
  -23.30755854    0.0000000000
  -23.28735296    0.0000000000
  -23.26714738    0.0000000000
  -23.24694180    0.0000000000
  -23.22673621    0.0000000000
  -23.20653063    0.0000000000
  -23.18632505    0.0000000000
  -23.16611946    0.0000000000
  -23.14591388    0.0000000000
  -23.12570830    0.0000000000
  -23.10550271    0.0000000000
  -23.08529713    0.0000000000
  -23.06509155    0.0000000000
  -23.04488596    0.0000000000
  -23.02468038    0.0000000000
  -23.00447480    0.0000000000
  -22.98426921    0.0000000000
  -22.96406363    0.0000000000
  -22.94385805    0.0000000000
  -22.92365246    0.0000000000
  -22.90344688    0.0000000000
  -22.88324130    0.0000000000
  -22.86303572    0.0000000000
  -22.84283013    0.0000000000
  -22.82262455    0.0000000000
  -22.80241897    0.0000000000
  -22.78221338    0.0000000000
  -22.76200780    0.0000000000
  -22.74180222    0.0000000000
  -22.72159663    0.0000000000
  -22.70139105    0.0000000000
  -22.68118547    0.0000000000
  -22.66097988    0.0000000000
  -22.64077430    0.0000000000
  -22.62056872    0.0000000000
  -22.60036313    0.0000000000
  -22.58015755    0.0000000000
  -22.55995197    0.0000000000
  -22.53974638    0.0000000000
  -22.51954080    0.0000000000
  -22.49933522    0.0000000000
  -22.47912964    0.0000000000
  -22.45892405    0.0000000000
  -22.43871847    0.0000000000
  -22.41851289    0.0000000000
  -22.39830730    0.0000000000
  -22.37810172    0.0000000000
  -22.35789614    0.0000000000
  -22.33769055    0.0000000000
  -22.31748497    0.0000000000
  -22.29727939    0.0000000000
  -22.27707380    0.0000000000
  -22.25686822    0.0000000000
  -22.23666264    0.0000000000
  -22.21645705    0.0000000000
  -22.19625147    0.0000000000
  -22.17604589    0.0000000000
  -22.15584030    0.0000000000
  -22.13563472    0.0000000000
  -22.11542914    0.0000000000
  -22.09522356    0.0000000000
  -22.07501797    0.0000000000
  -22.05481239    0.0000000000
  -22.03460681    0.0000000000
  -22.01440122    0.0000000000
  -21.99419564    0.0000000000
  -21.97399006    0.0000000000
  -21.95378447    0.0000000000
  -21.93357889    0.0000000000
  -21.91337331    0.0000000000
  -21.89316772    0.0000000000
  -21.87296214    0.0000000000
  -21.85275656    0.0000000000
  -21.83255097    0.0000000000
  -21.81234539    0.0000000000
  -21.79213981    0.0000000000
  -21.77193422    0.0000000000
  -21.75172864    0.0000000000
  -21.73152306    0.0000000000
  -21.71131747    0.0000000000
  -21.69111189    0.0000000000
  -21.67090631    0.0000000000
  -21.65070073    0.0000000000
  -21.63049514    0.0000000000
  -21.61028956    0.0000000000
  -21.59008398    0.0000000000
  -21.56987839    0.0000000000
  -21.54967281    0.0000000000
  -21.52946723    0.0000000000
  -21.50926164    0.0000000000
  -21.48905606    0.0000000000
  -21.46885048    0.0000000000
  -21.44864489    0.0000000000
  -21.42843931    0.0000000000
  -21.40823373    0.0000000000
  -21.38802814    0.0000000000
  -21.36782256    0.0000000000
  -21.34761698    0.0000000000
  -21.32741139    0.0000000000
  -21.30720581    0.0000000000
  -21.28700023    0.0000000000
  -21.26679465    0.0000000000
  -21.24658906    0.0000000000
  -21.22638348    0.0000000000
  -21.20617790    0.0000000000
  -21.18597231    0.0000000000
  -21.16576673    0.0000000000
  -21.14556115    0.0000000000
  -21.12535556    0.0000000000
  -21.10514998    0.0000000000
  -21.08494440    0.0000000000
  -21.06473881    0.0000000000
  -21.04453323    0.0000000000
  -21.02432765    0.0000000000
  -21.00412206    0.0000000000
  -20.98391648    0.0000000000
  -20.96371090    0.0000000000
  -20.94350531    0.0000000000
  -20.92329973    0.0000000000
  -20.90309415    0.0000000000
  -20.88288857    0.0000000000
  -20.86268298    0.0000000000
  -20.84247740    0.0000000000
  -20.82227182    0.0000000000
  -20.80206623    0.0000000000
  -20.78186065    0.0000000000
  -20.76165507    0.0000000000
  -20.74144948    0.0000000000
  -20.72124390    0.0000000000
  -20.70103832    0.0000000000
  -20.68083273    0.0000000000
  -20.66062715    0.0000000000
  -20.64042157    0.0000000000
  -20.62021598    0.0000000000
  -20.60001040    0.0000000000
  -20.57980482    0.0000000000
  -20.55959923    0.0000000000
  -20.53939365    0.0000000000
  -20.51918807    0.0000000000
  -20.49898249    0.0000000000
  -20.47877690    0.0000000000
  -20.45857132    0.0000000000
  -20.43836574    0.0000000000
  -20.41816015    0.0000000000
  -20.39795457    0.0000000000
  -20.37774899    0.0000000000
  -20.35754340    0.0000000000
  -20.33733782    0.0000000000
  -20.31713224    0.0000000000
  -20.29692665    0.0000000000
  -20.27672107    0.0000000000
  -20.25651549    0.0000000000
  -20.23630990    0.0000000000
  -20.21610432    0.0000000000
  -20.19589874    0.0000000000
  -20.17569315    0.0000000000
  -20.15548757    0.0000000000
  -20.13528199    0.0000000000
  -20.11507641    0.0000000000
  -20.09487082    0.0000000000
  -20.07466524    0.0000000000
  -20.05445966    0.0000000000
  -20.03425407    0.0000000000
  -20.01404849    0.0000000000
  -19.99384291    0.0000000000
  -19.97363732    0.0000000000
  -19.95343174    0.0000000000
  -19.93322616    0.0000000000
  -19.91302057    0.0000000000
  -19.89281499    0.0000000000
  -19.87260941    0.0000000000
  -19.85240382    0.0000000000
  -19.83219824    0.0000000000
  -19.81199266    0.0000000000
  -19.79178707    0.0000000000
  -19.77158149    0.0000000000
  -19.75137591    0.0000000000
  -19.73117033    0.0000000000
  -19.71096474    0.0000000000
  -19.69075916    0.0000000000
  -19.67055358    0.0000000000
  -19.65034799    0.0000000000
  -19.63014241    0.0000000000
  -19.60993683    0.0000000000
  -19.58973124    0.0000000000
  -19.56952566    0.0000000000
  -19.54932008    0.0000000000
  -19.52911449    0.0000000000
  -19.50890891    0.0000000000
  -19.48870333    0.0000000000
  -19.46849774    0.0000000000
  -19.44829216    0.0000000000
  -19.42808658    0.0000000000
  -19.40788099    0.0000000000
  -19.38767541    0.0000000000
  -19.36746983    0.0000000000
  -19.34726424    0.0000000000
  -19.32705866    0.0000000000
  -19.30685308    0.0000000000
  -19.28664750    0.0000000000
  -19.26644191    0.0000000000
  -19.24623633    0.0000000000
  -19.22603075    0.0000000000
  -19.20582516    0.0000000000
  -19.18561958    0.0000000000
  -19.16541400    0.0000000000
  -19.14520841    0.0000000000
  -19.12500283    0.0000000000
  -19.10479725    0.0000000000
  -19.08459166    0.0000000000
  -19.06438608    0.0000000000
  -19.04418050    0.0000000000
  -19.02397491    0.0000000000
  -19.00376933    0.0000000000
  -18.98356375    0.0000000000
  -18.96335816    0.0000000000
  -18.94315258    0.0000000000
  -18.92294700    0.0000000000
  -18.90274142    0.0000000000
  -18.88253583    0.0000000000
  -18.86233025    0.0000000000
  -18.84212467    0.0000000000
  -18.82191908    0.0000000000
  -18.80171350    0.0000000000
  -18.78150792    0.0000000000
  -18.76130233    0.0000000000
  -18.74109675    0.0000000000
  -18.72089117    0.0000000000
  -18.70068558    0.0000000000
  -18.68048000    0.0000000000
  -18.66027442    0.0000000000
  -18.64006883    0.0000000000
  -18.61986325    0.0000000000
  -18.59965767    0.0000000000
  -18.57945208    0.0000000000
  -18.55924650    0.0000000000
  -18.53904092    0.0000000000
  -18.51883534    0.0000000000
  -18.49862975    0.0000000000
  -18.47842417    0.0000000000
  -18.45821859    0.0000000000
  -18.43801300    0.0000000000
  -18.41780742    0.0000000000
  -18.39760184    0.0000000000
  -18.37739625    0.0000000000
  -18.35719067    0.0000000000
  -18.33698509    0.0000000000
  -18.31677950    0.0000000000
  -18.29657392    0.0000000000
  -18.27636834    0.0000000000
  -18.25616275    0.0000000000
  -18.23595717    0.0000000000
  -18.21575159    0.0000000000
  -18.19554600    0.0000000000
  -18.17534042    0.0000000000
  -18.15513484    0.0000000000
  -18.13492926    0.0000000000
  -18.11472367    0.0000000000
  -18.09451809    0.0000000000
  -18.07431251    0.0000000000
  -18.05410692    0.0000000000
  -18.03390134    0.0000000000
  -18.01369576    0.0000000000
  -17.99349017    0.0000000000
  -17.97328459    0.0000000000
  -17.95307901    0.0000000000
  -17.93287342    0.0000000000
  -17.91266784    0.0000000000
  -17.89246226    0.0000000000
  -17.87225667    0.0000000000
  -17.85205109    0.0000000000
  -17.83184551    0.0000000000
  -17.81163992    0.0000000000
  -17.79143434    0.0000000000
  -17.77122876    0.0000000000
  -17.75102318    0.0000000000
  -17.73081759    0.0000000000
  -17.71061201    0.0000000000
  -17.69040643    0.0000000000
  -17.67020084    0.0000000000
  -17.64999526    0.0000000000
  -17.62978968    0.0000000000
  -17.60958409    0.0000000000
  -17.58937851    0.0000000000
  -17.56917293    0.0000000000
  -17.54896734    0.0000000000
  -17.52876176    0.0000000000
  -17.50855618    0.0000000000
  -17.48835059    0.0000000000
  -17.46814501    0.0000000000
  -17.44793943    0.0000000000
  -17.42773384    0.0000000000
  -17.40752826    0.0000000000
  -17.38732268    0.0000000000
  -17.36711709    0.0000000000
  -17.34691151    0.0000000000
  -17.32670593    0.0000000000
  -17.30650035    0.0000000000
  -17.28629476    0.0000000000
  -17.26608918    0.0000000000
  -17.24588360    0.0000000000
  -17.22567801    0.0000000000
  -17.20547243    0.0000000000
  -17.18526685    0.0000000000
  -17.16506126    0.0000000000
  -17.14485568    0.0000000000
  -17.12465010    0.0000000000
  -17.10444451    0.0000000000
  -17.08423893    0.0000000000
  -17.06403335    0.0000000000
  -17.04382776    0.0000000000
  -17.02362218    0.0000000000
  -17.00341660    0.0000000000
  -16.98321101    0.0000000000
  -16.96300543    0.0000000000
  -16.94279985    0.0000000000
  -16.92259427    0.0000000000
  -16.90238868    0.0000000000
  -16.88218310    0.0000000000
  -16.86197752    0.0000000000
  -16.84177193    0.0000000000
  -16.82156635    0.0000000000
  -16.80136077    0.0000000000
  -16.78115518    0.0000000000
  -16.76094960    0.0000000000
  -16.74074402    0.0000000000
  -16.72053843    0.0000000000
  -16.70033285    0.0000000000
  -16.68012727    0.0000000000
  -16.65992168    0.0000000000
  -16.63971610    0.0000000000
  -16.61951052    0.0000000000
  -16.59930493    0.0000000000
  -16.57909935    0.0000000000
  -16.55889377    0.0000000000
  -16.53868819    0.0000000000
  -16.51848260    0.0000000000
  -16.49827702    0.0000000000
  -16.47807144    0.0000000000
  -16.45786585    0.0000000000
  -16.43766027    0.0000000000
  -16.41745469    0.0000000000
  -16.39724910    0.0000000000
  -16.37704352    0.0000000000
  -16.35683794    0.0000000000
  -16.33663235    0.0000000000
  -16.31642677    0.0000000000
  -16.29622119    0.0000000000
  -16.27601560    0.0000000000
  -16.25581002    0.0000000000
  -16.23560444    0.0000000000
  -16.21539885    0.0000000000
  -16.19519327    0.0000000000
  -16.17498769    0.0000000000
  -16.15478211    0.0000000000
  -16.13457652    0.0000000000
  -16.11437094    0.0000000000
  -16.09416536    0.0000000000
  -16.07395977    0.0000000000
  -16.05375419    0.0000000000
  -16.03354861    0.0000000000
  -16.01334302    0.0000000000
  -15.99313744    0.0000000000
  -15.97293186    0.0000000000
  -15.95272627    0.0000000000
  -15.93252069    0.0000000000
  -15.91231511    0.0000000000
  -15.89210952    0.0000000000
  -15.87190394    0.0000000000
  -15.85169836    0.0000000000
  -15.83149277    0.0000000000
  -15.81128719    0.0000000000
  -15.79108161    0.0000000000
  -15.77087603    0.0000000000
  -15.75067044    0.0000000000
  -15.73046486    0.0000000000
  -15.71025928    0.0000000000
  -15.69005369    0.0000000000
  -15.66984811    0.0000000000
  -15.64964253    0.0000000000
  -15.62943694    0.0000000000
  -15.60923136    0.0000000000
  -15.58902578    0.0000000000
  -15.56882019    0.0000000000
  -15.54861461    0.0000000000
  -15.52840903    0.0000000000
  -15.50820344    0.0000000000
  -15.48799786    0.0000000000
  -15.46779228    0.0000000000
  -15.44758669    0.0000000000
  -15.42738111    0.0000000000
  -15.40717553    0.0000000000
  -15.38696995    0.0000000000
  -15.36676436    0.0000000000
  -15.34655878    0.0000000000
  -15.32635320    0.0000000000
  -15.30614761    0.0000000000
  -15.28594203    0.0000000000
  -15.26573645    0.0000000000
  -15.24553086    0.0000000000
  -15.22532528    0.0000000000
  -15.20511970    0.0000000000
  -15.18491411    0.0000000000
  -15.16470853    0.0000000000
  -15.14450295    0.0000000000
  -15.12429736    0.0000000000
  -15.10409178    0.0000000000
  -15.08388620    0.0000000000
  -15.06368061    0.0000000000
  -15.04347503    0.0000000000
  -15.02326945    0.0000000000
  -15.00306386    0.0000000000
  -14.98285828    0.0000000000
  -14.96265270    0.0000000000
  -14.94244712    0.0000000000
  -14.92224153    0.0000000000
  -14.90203595    0.0000000000
  -14.88183037    0.0000000000
  -14.86162478    0.0000000000
  -14.84141920    0.0000000000
  -14.82121362    0.0000000000
  -14.80100803    0.0000000000
  -14.78080245    0.0000000000
  -14.76059687    0.0000000000
  -14.74039128    0.0000000000
  -14.72018570    0.0000000000
  -14.69998012    0.0000000000
  -14.67977453    0.0000000000
  -14.65956895    0.0000000000
  -14.63936337    0.0000000000
  -14.61915778    0.0000000000
  -14.59895220    0.0000000000
  -14.57874662    0.0000000000
  -14.55854104    0.0000000000
  -14.53833545    0.0000000000
  -14.51812987    0.0000000000
  -14.49792429    0.0000000000
  -14.47771870    0.0000000000
  -14.45751312    0.0000000000
  -14.43730754    0.0000000000
  -14.41710195    0.0000000000
  -14.39689637    0.0000000000
  -14.37669079    0.0000000000
  -14.35648520    0.0000000000
  -14.33627962    0.0000000000
  -14.31607404    0.0000000000
  -14.29586845    0.0000000000
  -14.27566287    0.0000000000
  -14.25545729    0.0000000000
  -14.23525170    0.0000000000
  -14.21504612    0.0000000000
  -14.19484054    0.0000000000
  -14.17463496    0.0000000000
  -14.15442937    0.0000000000
  -14.13422379    0.0000000000
  -14.11401821    0.0000000000
  -14.09381262    0.0000000000
  -14.07360704    0.0000000000
  -14.05340146    0.0000000000
  -14.03319587    0.0000000000
  -14.01299029    0.0000000000
  -13.99278471    0.0000000000
  -13.97257912    0.0000000000
  -13.95237354    0.0000000000
  -13.93216796    0.0000000000
  -13.91196237    0.0000000000
  -13.89175679    0.0000000000
  -13.87155121    0.0000000000
  -13.85134562    0.0000000000
  -13.83114004    0.0000000000
  -13.81093446    0.0000000000
  -13.79072888    0.0000000000
  -13.77052329    0.0000000000
  -13.75031771    0.0000000000
  -13.73011213    0.0000000000
  -13.70990654    0.0000000000
  -13.68970096    0.0000000000
  -13.66949538    0.0000000000
  -13.64928979    0.0000000000
  -13.62908421    0.0000000000
  -13.60887863    0.0000000000
  -13.58867304    0.0000000000
  -13.56846746    0.0000000000
  -13.54826188    0.0000000000
  -13.52805629    0.0000000000
  -13.50785071    0.0000000000
  -13.48764513    0.0000000000
  -13.46743954    0.0000000000
  -13.44723396    0.0000000000
  -13.42702838    0.0000000000
  -13.40682280    0.0000000000
  -13.38661721    0.0000000000
  -13.36641163    0.0000000000
  -13.34620605    0.0000000000
  -13.32600046    0.0000000000
  -13.30579488    0.0000000000
  -13.28558930    0.0000000000
  -13.26538371    0.0000000000
  -13.24517813    0.0000000000
  -13.22497255    0.0000000000
  -13.20476696    0.0000000000
  -13.18456138    0.0000000000
  -13.16435580    0.0000000000
  -13.14415021    0.0000000000
  -13.12394463    0.0000000000
  -13.10373905    0.0000000000
  -13.08353346    0.0000000000
  -13.06332788    0.0000000000
  -13.04312230    0.0000000000
  -13.02291671    0.0000000000
  -13.00271113    0.0000000000
  -12.98250555    0.0000000000
  -12.96229997    0.0000000000
  -12.94209438    0.0000000000
  -12.92188880    0.0000000000
  -12.90168322    0.0000000000
  -12.88147763    0.0000000000
  -12.86127205    0.0000000000
  -12.84106647    0.0000000000
  -12.82086088    0.0000000000
  -12.80065530    0.0000000000
  -12.78044972    0.0000000000
  -12.76024413    0.0000000000
  -12.74003855    0.0000000000
  -12.71983297    0.0000000000
  -12.69962738    0.0000000000
  -12.67942180    0.0000000000
  -12.65921622    0.0000000000
  -12.63901063    0.0000000000
  -12.61880505    0.0000000000
  -12.59859947    0.0000000000
  -12.57839389    0.0000000000
  -12.55818830    0.0000000000
  -12.53798272    0.0000000000
  -12.51777714    0.0000000000
  -12.49757155    0.0000000000
  -12.47736597    0.0000000000
  -12.45716039    0.0000000000
  -12.43695480    0.0000000000
  -12.41674922    0.0000000000
  -12.39654364    0.0000000000
  -12.37633805    0.0000000000
  -12.35613247    0.0000000000
  -12.33592689    0.0000000000
  -12.31572130    0.0000000000
  -12.29551572    0.0000000000
  -12.27531014    0.0000000000
  -12.25510455    0.0000000000
  -12.23489897    0.0000000000
  -12.21469339    0.0000000000
  -12.19448781    0.0000000000
  -12.17428222    0.0000000000
  -12.15407664    0.0000000000
  -12.13387106    0.0000000000
  -12.11366547    0.0000000000
  -12.09345989    0.0000000000
  -12.07325431    0.0000000000
  -12.05304872    0.0000000000
  -12.03284314    0.0000000000
  -12.01263756    0.0000000000
  -11.99243197    0.0000000000
  -11.97222639    0.0000000000
  -11.95202081    0.0000000000
  -11.93181522    0.0000000000
  -11.91160964    0.0000000000
  -11.89140406    0.0000000000
  -11.87119847    0.0000000000
  -11.85099289    0.0000000000
  -11.83078731    0.0000000000
  -11.81058173    0.0000000000
  -11.79037614    0.0000000000
  -11.77017056    0.0000000000
  -11.74996498    0.0000000000
  -11.72975939    0.0000000000
  -11.70955381    0.0000000000
  -11.68934823    0.0000000000
  -11.66914264    0.0000000000
  -11.64893706    0.0000000000
  -11.62873148    0.0000000000
  -11.60852589    0.0000000000
  -11.58832031    0.0000000000
  -11.56811473    0.0000000000
  -11.54790914    0.0000000000
  -11.52770356    0.0000000000
  -11.50749798    0.0000000000
  -11.48729239    0.0000000000
  -11.46708681    0.0000000000
  -11.44688123    0.0000000000
  -11.42667565    0.0000000000
  -11.40647006    0.0000000000
  -11.38626448    0.0000000000
  -11.36605890    0.0000000000
  -11.34585331    0.0000000000
  -11.32564773    0.0000000000
  -11.30544215    0.0000000000
  -11.28523656    0.0000000000
  -11.26503098    0.0000000000
  -11.24482540    0.0000000000
  -11.22461981    0.0000000000
  -11.20441423    0.0000000000
  -11.18420865    0.0000000000
  -11.16400306    0.0000000000
  -11.14379748    0.0000000000
  -11.12359190    0.0000000000
  -11.10338631    0.0000000000
  -11.08318073    0.0000000000
  -11.06297515    0.0000000000
  -11.04276957    0.0000000000
  -11.02256398    0.0000000000
  -11.00235840    0.0000000000
  -10.98215282    0.0000000000
  -10.96194723    0.0000000000
  -10.94174165    0.0000000000
  -10.92153607    0.0000000000
  -10.90133048    0.0000000000
  -10.88112490    0.0000000000
  -10.86091932    0.0000000002
  -10.84071373    0.0000000012
  -10.82050815    0.0000000056
  -10.80030257    0.0000000251
  -10.78009698    0.0000001061
  -10.75989140    0.0000004232
  -10.73968582    0.0000015949
  -10.71948023    0.0000056805
  -10.69927465    0.0000191185
  -10.67906907    0.0000608054
  -10.65886348    0.0001827466
  -10.63865790    0.0005190108
  -10.61845232    0.0013929097
  -10.59824674    0.0035325559
  -10.57804115    0.0084659294
  -10.55783557    0.0191725449
  -10.53762999    0.0410302732
  -10.51742440    0.0829752507
  -10.49721882    0.1585667987
  -10.47701324    0.2863488638
  -10.45680765    0.4886503233
  -10.43660207    0.7879895122
  -10.41639649    1.2007765683
  -10.39619090    1.7291134638
  -10.37598532    2.3529045026
  -10.35577974    3.0255520569
  -10.33557415    3.6764145743
  -10.31536857    4.2214713775
  -10.29516299    4.5806039097
  -10.27495740    4.6967900830
  -10.25475182    4.5509187495
  -10.23454624    4.1669331565
  -10.21434066    3.6054004310
  -10.19413507    2.9478813487
  -10.17392949    2.2776448854
  -10.15372391    1.6629590191
  -10.13351832    1.1473518003
  -10.11331274    0.7480509460
  -10.09310716    0.4608772513
  -10.07290157    0.2683236100
  -10.05269599    0.1476223195
  -10.03249041    0.0767475785
  -10.01228482    0.0377048189
   -9.99207924    0.0175044536
   -9.97187366    0.0076792672
   -9.95166807    0.0031835415
   -9.93146249    0.0012471560
   -9.91125691    0.0004616901
   -9.89105132    0.0001615102
   -9.87084574    0.0000533911
   -9.85064016    0.0000166785
   -9.83043458    0.0000049234
   -9.81022899    0.0000013734
   -9.79002341    0.0000003620
   -9.76981783    0.0000000902
   -9.74961224    0.0000000212
   -9.72940666    0.0000000047
   -9.70920108    0.0000000010
   -9.68899549    0.0000000002
   -9.66878991    0.0000000000
   -9.64858433    0.0000000000
   -9.62837874    0.0000000000
   -9.60817316    0.0000000000
   -9.58796758    0.0000000000
   -9.56776199    0.0000000000
   -9.54755641    0.0000000000
   -9.52735083    0.0000000000
   -9.50714524    0.0000000000
   -9.48693966    0.0000000000
   -9.46673408    0.0000000000
   -9.44652850    0.0000000000
   -9.42632291    0.0000000000
   -9.40611733    0.0000000000
   -9.38591175    0.0000000000
   -9.36570616    0.0000000000
   -9.34550058    0.0000000000
   -9.32529500    0.0000000000
   -9.30508941    0.0000000000
   -9.28488383    0.0000000000
   -9.26467825    0.0000000000
   -9.24447266    0.0000000000
   -9.22426708    0.0000000000
   -9.20406150    0.0000000000
   -9.18385591    0.0000000000
   -9.16365033    0.0000000000
   -9.14344475    0.0000000000
   -9.12323916    0.0000000000
   -9.10303358    0.0000000000
   -9.08282800    0.0000000000
   -9.06262242    0.0000000000
   -9.04241683    0.0000000000
   -9.02221125    0.0000000000
   -9.00200567    0.0000000000
   -8.98180008    0.0000000000
   -8.96159450    0.0000000000
   -8.94138892    0.0000000000
   -8.92118333    0.0000000000
   -8.90097775    0.0000000000
   -8.88077217    0.0000000000
   -8.86056658    0.0000000000
   -8.84036100    0.0000000000
   -8.82015542    0.0000000000
   -8.79994983    0.0000000000
   -8.77974425    0.0000000000
   -8.75953867    0.0000000000
   -8.73933308    0.0000000000
   -8.71912750    0.0000000000
   -8.69892192    0.0000000000
   -8.67871633    0.0000000000
   -8.65851075    0.0000000000
   -8.63830517    0.0000000000
   -8.61809959    0.0000000000
   -8.59789400    0.0000000000
   -8.57768842    0.0000000000
   -8.55748284    0.0000000000
   -8.53727725    0.0000000000
   -8.51707167    0.0000000000
   -8.49686609    0.0000000000
   -8.47666050    0.0000000000
   -8.45645492    0.0000000000
   -8.43624934    0.0000000000
   -8.41604375    0.0000000000
   -8.39583817    0.0000000000
   -8.37563259    0.0000000000
   -8.35542700    0.0000000000
   -8.33522142    0.0000000000
   -8.31501584    0.0000000001
   -8.29481025    0.0000000006
   -8.27460467    0.0000000028
   -8.25439909    0.0000000128
   -8.23419351    0.0000000555
   -8.21398792    0.0000002271
   -8.19378234    0.0000008783
   -8.17357676    0.0000032099
   -8.15337117    0.0000110851
   -8.13316559    0.0000361749
   -8.11296001    0.0001115571
   -8.09275442    0.0003250916
   -8.07254884    0.0008952286
   -8.05234326    0.0023296017
   -8.03213767    0.0057286055
   -8.01193209    0.0133117663
   -7.99172651    0.0292308859
   -7.97152092    0.0606551650
   -7.95131534    0.1189359431
   -7.93110976    0.2203829405
   -7.91090417    0.3858889534
   -7.89069859    0.6385078488
   -7.87049301    0.9983657055
   -7.85028743    1.4751377904
   -7.83008184    2.0596576734
   -7.80987626    2.7175467246
   -7.78967068    3.3882739449
   -7.76946509    3.9920827310
   -7.74925951    4.4446756127
   -7.72905393    4.6762759149
   -7.70884834    4.6492158132
   -7.68864276    4.3679615336
   -7.66843718    3.8779073109
   -7.64823159    3.2533857813
   -7.62802601    2.5792487257
   -7.60782043    1.9322815429
   -7.58761484    1.3679401826
   -7.56740926    0.9151311297
   -7.54720368    0.5785209241
   -7.52699809    0.3456004778
   -7.50679251    0.1950963380
   -7.48658693    0.1040742816
   -7.46638135    0.0524634983
   -7.44617576    0.0249914003
   -7.42597018    0.0112497652
   -7.40576460    0.0047853735
   -7.38555901    0.0019235689
   -7.36535343    0.0007306665
   -7.34514785    0.0002622709
   -7.32494226    0.0000889612
   -7.30473668    0.0000285148
   -7.28453110    0.0000086369
   -7.26432551    0.0000024721
   -7.24411993    0.0000006686
   -7.22391435    0.0000001709
   -7.20370876    0.0000000413
   -7.18350318    0.0000000094
   -7.16329760    0.0000000020
   -7.14309201    0.0000000004
   -7.12288643    0.0000000001
   -7.10268085    0.0000000000
   -7.08247527    0.0000000000
   -7.06226968    0.0000000000
   -7.04206410    0.0000000000
   -7.02185852    0.0000000000
   -7.00165293    0.0000000000
   -6.98144735    0.0000000000
   -6.96124177    0.0000000000
   -6.94103618    0.0000000000
   -6.92083060    0.0000000000
   -6.90062502    0.0000000000
   -6.88041943    0.0000000000
   -6.86021385    0.0000000000
   -6.84000827    0.0000000000
   -6.81980268    0.0000000000
   -6.79959710    0.0000000000
   -6.77939152    0.0000000000
   -6.75918593    0.0000000000
   -6.73898035    0.0000000000
   -6.71877477    0.0000000000
   -6.69856919    0.0000000000
   -6.67836360    0.0000000000
   -6.65815802    0.0000000000
   -6.63795244    0.0000000000
   -6.61774685    0.0000000000
   -6.59754127    0.0000000000
   -6.57733569    0.0000000000
   -6.55713010    0.0000000000
   -6.53692452    0.0000000000
   -6.51671894    0.0000000000
   -6.49651335    0.0000000000
   -6.47630777    0.0000000000
   -6.45610219    0.0000000000
   -6.43589660    0.0000000000
   -6.41569102    0.0000000000
   -6.39548544    0.0000000000
   -6.37527985    0.0000000000
   -6.35507427    0.0000000000
   -6.33486869    0.0000000000
   -6.31466310    0.0000000000
   -6.29445752    0.0000000000
   -6.27425194    0.0000000000
   -6.25404636    0.0000000000
   -6.23384077    0.0000000000
   -6.21363519    0.0000000000
   -6.19342961    0.0000000000
   -6.17322402    0.0000000000
   -6.15301844    0.0000000000
   -6.13281286    0.0000000000
   -6.11260727    0.0000000000
   -6.09240169    0.0000000000
   -6.07219611    0.0000000000
   -6.05199052    0.0000000000
   -6.03178494    0.0000000000
   -6.01157936    0.0000000000
   -5.99137377    0.0000000000
   -5.97116819    0.0000000000
   -5.95096261    0.0000000000
   -5.93075702    0.0000000000
   -5.91055144    0.0000000000
   -5.89034586    0.0000000000
   -5.87014028    0.0000000000
   -5.84993469    0.0000000000
   -5.82972911    0.0000000000
   -5.80952353    0.0000000000
   -5.78931794    0.0000000000
   -5.76911236    0.0000000000
   -5.74890678    0.0000000000
   -5.72870119    0.0000000000
   -5.70849561    0.0000000000
   -5.68829003    0.0000000000
   -5.66808444    0.0000000000
   -5.64787886    0.0000000000
   -5.62767328    0.0000000000
   -5.60746769    0.0000000000
   -5.58726211    0.0000000000
   -5.56705653    0.0000000000
   -5.54685094    0.0000000000
   -5.52664536    0.0000000000
   -5.50643978    0.0000000000
   -5.48623420    0.0000000000
   -5.46602861    0.0000000000
   -5.44582303    0.0000000000
   -5.42561745    0.0000000000
   -5.40541186    0.0000000000
   -5.38520628    0.0000000000
   -5.36500070    0.0000000000
   -5.34479511    0.0000000000
   -5.32458953    0.0000000000
   -5.30438395    0.0000000000
   -5.28417836    0.0000000000
   -5.26397278    0.0000000000
   -5.24376720    0.0000000000
   -5.22356161    0.0000000000
   -5.20335603    0.0000000000
   -5.18315045    0.0000000000
   -5.16294486    0.0000000000
   -5.14273928    0.0000000000
   -5.12253370    0.0000000000
   -5.10232812    0.0000000000
   -5.08212253    0.0000000000
   -5.06191695    0.0000000000
   -5.04171137    0.0000000000
   -5.02150578    0.0000000000
   -5.00130020    0.0000000000
   -4.98109462    0.0000000000
   -4.96088903    0.0000000000
   -4.94068345    0.0000000000
   -4.92047787    0.0000000000
   -4.90027228    0.0000000000
   -4.88006670    0.0000000000
   -4.85986112    0.0000000000
   -4.83965553    0.0000000000
   -4.81944995    0.0000000000
   -4.79924437    0.0000000000
   -4.77903878    0.0000000000
   -4.75883320    0.0000000002
   -4.73862762    0.0000000008
   -4.71842204    0.0000000039
   -4.69821645    0.0000000176
   -4.67801087    0.0000000751
   -4.65780529    0.0000003038
   -4.63759970    0.0000011610
   -4.61739412    0.0000041924
   -4.59718854    0.0000143057
   -4.57698295    0.0000461293
   -4.55677737    0.0001405604
   -4.53657179    0.0004047336
   -4.51636620    0.0011012727
   -4.49616062    0.0028316531
   -4.47595504    0.0068802581
   -4.45574945    0.0157975206
   -4.43554387    0.0342761986
   -4.41533829    0.0702774331
   -4.39513270    0.1361628560
   -4.37492712    0.2492992281
   -4.35472154    0.4313231182
   -4.33451596    0.7051866128
   -4.31431037    1.0894941496
   -4.29410479    1.5906157059
   -4.27389921    2.1944472755
   -4.25369362    2.8609123715
   -4.23348804    3.5245484196
   -4.21328246    4.1031928301
   -4.19307687    4.5139827350
   -4.17287129    4.6926415393
   -4.15266571    4.6099306087
   -4.13246012    4.2794791640
   -4.11225454    3.7541097488
   -4.09204896    3.1120211066
   -4.07184337    2.4377974780
   -4.05163779    1.8045637687
   -4.03143221    1.2623109924
   -4.01122662    0.8344109895
   -3.99102104    0.5212105369
   -3.97081546    0.3076563470
   -3.95060987    0.1716082220
   -3.93040429    0.0904544266
   -3.91019871    0.0450548013
   -3.88999313    0.0212066395
   -3.86978754    0.0094323987
   -3.84958196    0.0039645323
   -3.82937638    0.0015746401
   -3.80917079    0.0005910036
   -3.78896521    0.0002096132
   -3.76875963    0.0000702533
   -3.74855404    0.0000222502
   -3.72834846    0.0000066592
   -3.70814288    0.0000018833
   -3.68793729    0.0000005033
   -3.66773171    0.0000001271
   -3.64752613    0.0000000303
   -3.62732054    0.0000000068
   -3.60711496    0.0000000015
   -3.58690938    0.0000000003
   -3.56670379    0.0000000001
   -3.54649821    0.0000000000
   -3.52629263    0.0000000000
   -3.50608705    0.0000000000
   -3.48588146    0.0000000000
   -3.46567588    0.0000000000
   -3.44547030    0.0000000000
   -3.42526471    0.0000000000
   -3.40505913    0.0000000000
   -3.38485355    0.0000000000
   -3.36464796    0.0000000000
   -3.34444238    0.0000000000
   -3.32423680    0.0000000000
   -3.30403121    0.0000000000
   -3.28382563    0.0000000000
   -3.26362005    0.0000000000
   -3.24341446    0.0000000000
   -3.22320888    0.0000000000
   -3.20300330    0.0000000000
   -3.18279771    0.0000000000
   -3.16259213    0.0000000000
   -3.14238655    0.0000000000
   -3.12218097    0.0000000000
   -3.10197538    0.0000000000
   -3.08176980    0.0000000000
   -3.06156422    0.0000000000
   -3.04135863    0.0000000000
   -3.02115305    0.0000000000
   -3.00094747    0.0000000000
   -2.98074188    0.0000000000
   -2.96053630    0.0000000000
   -2.94033072    0.0000000000
   -2.92012513    0.0000000000
   -2.89991955    0.0000000000
   -2.87971397    0.0000000000
   -2.85950838    0.0000000000
   -2.83930280    0.0000000000
   -2.81909722    0.0000000000
   -2.79889163    0.0000000000
   -2.77868605    0.0000000000
   -2.75848047    0.0000000000
   -2.73827489    0.0000000000
   -2.71806930    0.0000000000
   -2.69786372    0.0000000000
   -2.67765814    0.0000000000
   -2.65745255    0.0000000000
   -2.63724697    0.0000000000
   -2.61704139    0.0000000000
   -2.59683580    0.0000000000
   -2.57663022    0.0000000000
   -2.55642464    0.0000000000
   -2.53621905    0.0000000000
   -2.51601347    0.0000000000
   -2.49580789    0.0000000000
   -2.47560230    0.0000000000
   -2.45539672    0.0000000000
   -2.43519114    0.0000000000
   -2.41498555    0.0000000000
   -2.39477997    0.0000000000
   -2.37457439    0.0000000000
   -2.35436881    0.0000000000
   -2.33416322    0.0000000000
   -2.31395764    0.0000000000
   -2.29375206    0.0000000000
   -2.27354647    0.0000000000
   -2.25334089    0.0000000000
   -2.23313531    0.0000000000
   -2.21292972    0.0000000000
   -2.19272414    0.0000000000
   -2.17251856    0.0000000000
   -2.15231297    0.0000000000
   -2.13210739    0.0000000000
   -2.11190181    0.0000000000
   -2.09169622    0.0000000000
   -2.07149064    0.0000000000
   -2.05128506    0.0000000000
   -2.03107947    0.0000000000
   -2.01087389    0.0000000000
   -1.99066831    0.0000000000
   -1.97046272    0.0000000000
   -1.95025714    0.0000000000
   -1.93005156    0.0000000000
   -1.90984598    0.0000000000
   -1.88964039    0.0000000000
   -1.86943481    0.0000000000
   -1.84922923    0.0000000000
   -1.82902364    0.0000000000
   -1.80881806    0.0000000000
   -1.78861248    0.0000000000
   -1.76840689    0.0000000000
   -1.74820131    0.0000000000
   -1.72799573    0.0000000000
   -1.70779014    0.0000000000
   -1.68758456    0.0000000000
   -1.66737898    0.0000000000
   -1.64717339    0.0000000000
   -1.62696781    0.0000000000
   -1.60676223    0.0000000000
   -1.58655664    0.0000000000
   -1.56635106    0.0000000000
   -1.54614548    0.0000000000
   -1.52593990    0.0000000000
   -1.50573431    0.0000000000
   -1.48552873    0.0000000000
   -1.46532315    0.0000000000
   -1.44511756    0.0000000000
   -1.42491198    0.0000000000
   -1.40470640    0.0000000000
   -1.38450081    0.0000000000
   -1.36429523    0.0000000000
   -1.34408965    0.0000000000
   -1.32388406    0.0000000000
   -1.30367848    0.0000000000
   -1.28347290    0.0000000000
   -1.26326731    0.0000000000
   -1.24306173    0.0000000000
   -1.22285615    0.0000000000
   -1.20265056    0.0000000000
   -1.18244498    0.0000000000
   -1.16223940    0.0000000000
   -1.14203382    0.0000000000
   -1.12182823    0.0000000000
   -1.10162265    0.0000000000
   -1.08141707    0.0000000000
   -1.06121148    0.0000000000
   -1.04100590    0.0000000000
   -1.02080032    0.0000000000
   -1.00059473    0.0000000000
   -0.98038915    0.0000000000
   -0.96018357    0.0000000000
   -0.93997798    0.0000000000
   -0.91977240    0.0000000000
   -0.89956682    0.0000000000
   -0.87936123    0.0000000000
   -0.85915565    0.0000000000
   -0.83895007    0.0000000000
   -0.81874448    0.0000000000
   -0.79853890    0.0000000000
   -0.77833332    0.0000000000
   -0.75812774    0.0000000000
   -0.73792215    0.0000000000
   -0.71771657    0.0000000000
   -0.69751099    0.0000000000
   -0.67730540    0.0000000000
   -0.65709982    0.0000000000
   -0.63689424    0.0000000000
   -0.61668865    0.0000000000
   -0.59648307    0.0000000000
   -0.57627749    0.0000000000
   -0.55607190    0.0000000000
   -0.53586632    0.0000000000
   -0.51566074    0.0000000000
   -0.49545515    0.0000000000
   -0.47524957    0.0000000000
   -0.45504399    0.0000000000
   -0.43483840    0.0000000000
   -0.41463282    0.0000000000
   -0.39442724    0.0000000000
   -0.37422166    0.0000000000
   -0.35401607    0.0000000000
   -0.33381049    0.0000000000
   -0.31360491    0.0000000000
   -0.29339932    0.0000000000
   -0.27319374    0.0000000000
   -0.25298816    0.0000000000
   -0.23278257    0.0000000000
   -0.21257699    0.0000000000
   -0.19237141    0.0000000000
   -0.17216582    0.0000000000
   -0.15196024    0.0000000000
   -0.13175466    0.0000000000
   -0.11154907    0.0000000000
   -0.09134349    0.0000000000
   -0.07113791    0.0000000000
   -0.05093232    0.0000000000
   -0.03072674    0.0000000000
   -0.01052116    0.0000000000
    0.00968442    0.0000000000
    0.02989001    0.0000000000
    0.05009559    0.0000000000
    0.07030117    0.0000000000
    0.09050676    0.0000000000
    0.11071234    0.0000000000
    0.13091792    0.0000000000
    0.15112351    0.0000000000
    0.17132909    0.0000000000
    0.19153467    0.0000000000
    0.21174026    0.0000000000
    0.23194584    0.0000000000
    0.25215142    0.0000000000
    0.27235701    0.0000000000
    0.29256259    0.0000000000
    0.31276817    0.0000000000
    0.33297376    0.0000000000
    0.35317934    0.0000000000
    0.37338492    0.0000000000
    0.39359051    0.0000000000
    0.41379609    0.0000000000
    0.43400167    0.0000000000
    0.45420725    0.0000000000
    0.47441284    0.0000000000
    0.49461842    0.0000000000
    0.51482400    0.0000000000
    0.53502959    0.0000000000
    0.55523517    0.0000000000
    0.57544075    0.0000000000
    0.59564634    0.0000000000
    0.61585192    0.0000000000
    0.63605750    0.0000000000
    0.65626309    0.0000000000
    0.67646867    0.0000000000
    0.69667425    0.0000000000
    0.71687984    0.0000000000
    0.73708542    0.0000000000
    0.75729100    0.0000000000
    0.77749659    0.0000000000
    0.79770217    0.0000000000
    0.81790775    0.0000000000
    0.83811333    0.0000000000
    0.85831892    0.0000000000
    0.87852450    0.0000000000
    0.89873008    0.0000000000
    0.91893567    0.0000000000
    0.93914125    0.0000000000
    0.95934683    0.0000000000
    0.97955242    0.0000000000
    0.99975800    0.0000000000
    1.01996358    0.0000000000
    1.04016917    0.0000000000
    1.06037475    0.0000000000
    1.08058033    0.0000000000
    1.10078592    0.0000000000
    1.12099150    0.0000000000
    1.14119708    0.0000000000
    1.16140267    0.0000000000
    1.18160825    0.0000000000
    1.20181383    0.0000000000
    1.22201941    0.0000000000
    1.24222500    0.0000000000
    1.26243058    0.0000000000
    1.28263616    0.0000000000
    1.30284175    0.0000000000
    1.32304733    0.0000000000
    1.34325291    0.0000000000
    1.36345850    0.0000000000
    1.38366408    0.0000000000
    1.40386966    0.0000000000
    1.42407525    0.0000000000
    1.44428083    0.0000000000
    1.46448641    0.0000000000
    1.48469200    0.0000000000
    1.50489758    0.0000000000
    1.52510316    0.0000000000
    1.54530875    0.0000000000
    1.56551433    0.0000000000
    1.58571991    0.0000000000
    1.60592549    0.0000000000
    1.62613108    0.0000000000
    1.64633666    0.0000000000
    1.66654224    0.0000000000
    1.68674783    0.0000000000
    1.70695341    0.0000000000
    1.72715899    0.0000000000
    1.74736458    0.0000000000
    1.76757016    0.0000000000
    1.78777574    0.0000000000
    1.80798133    0.0000000000
    1.82818691    0.0000000000
    1.84839249    0.0000000000
    1.86859808    0.0000000000
    1.88880366    0.0000000000
    1.90900924    0.0000000000
    1.92921483    0.0000000000
    1.94942041    0.0000000000
    1.96962599    0.0000000000
    1.98983157    0.0000000000
    2.01003716    0.0000000000
    2.03024274    0.0000000000
    2.05044832    0.0000000000
    2.07065391    0.0000000000
    2.09085949    0.0000000000
    2.11106507    0.0000000000
    2.13127066    0.0000000000
    2.15147624    0.0000000000
    2.17168182    0.0000000000
    2.19188741    0.0000000000
    2.21209299    0.0000000000
    2.23229857    0.0000000000
    2.25250416    0.0000000000
    2.27270974    0.0000000000
    2.29291532    0.0000000000
    2.31312091    0.0000000000
    2.33332649    0.0000000000
    2.35353207    0.0000000000
    2.37373766    0.0000000000
    2.39394324    0.0000000000
    2.41414882    0.0000000000
    2.43435440    0.0000000000
    2.45455999    0.0000000000
    2.47476557    0.0000000000
    2.49497115    0.0000000000
    2.51517674    0.0000000000
    2.53538232    0.0000000000
    2.55558790    0.0000000000
    2.57579349    0.0000000000
    2.59599907    0.0000000000
    2.61620465    0.0000000000
    2.63641024    0.0000000000
    2.65661582    0.0000000000
    2.67682140    0.0000000000
    2.69702699    0.0000000000
    2.71723257    0.0000000000
    2.73743815    0.0000000000
    2.75764374    0.0000000000
    2.77784932    0.0000000000
    2.79805490    0.0000000000
    2.81826048    0.0000000000
    2.83846607    0.0000000000
    2.85867165    0.0000000000
    2.87887723    0.0000000000
    2.89908282    0.0000000000
    2.91928840    0.0000000000
    2.93949398    0.0000000000
    2.95969957    0.0000000000
    2.97990515    0.0000000000
    3.00011073    0.0000000000
    3.02031632    0.0000000000
    3.04052190    0.0000000000
    3.06072748    0.0000000000
    3.08093307    0.0000000000
    3.10113865    0.0000000000
    3.12134423    0.0000000000
    3.14154982    0.0000000000
    3.16175540    0.0000000000
    3.18196098    0.0000000000
    3.20216656    0.0000000000
    3.22237215    0.0000000000
    3.24257773    0.0000000000
    3.26278331    0.0000000000
    3.28298890    0.0000000000
    3.30319448    0.0000000000
    3.32340006    0.0000000000
    3.34360565    0.0000000000
    3.36381123    0.0000000000
    3.38401681    0.0000000000
    3.40422240    0.0000000000
    3.42442798    0.0000000000
    3.44463356    0.0000000000
    3.46483915    0.0000000000
    3.48504473    0.0000000000
    3.50525031    0.0000000000
    3.52545590    0.0000000000
    3.54566148    0.0000000000
    3.56586706    0.0000000001
    3.58607264    0.0000000003
    3.60627823    0.0000000014
    3.62648381    0.0000000064
    3.64668939    0.0000000286
    3.66689498    0.0000001199
    3.68710056    0.0000004760
    3.70730614    0.0000017852
    3.72751173    0.0000063270
    3.74771731    0.0000211898
    3.76792289    0.0000670620
    3.78812848    0.0002005610
    3.80833406    0.0005668080
    3.82853964    0.0015137182
    3.84874523    0.0038200899
    3.86895081    0.0091100692
    3.88915639    0.0205300158
    3.90936198    0.0437196232
    3.92956756    0.0879798179
    3.94977314    0.1673051184
    3.96997872    0.3006456449
    3.99018431    0.5105286593
    4.01038989    0.8192281318
    4.03059547    1.2422502939
    4.05080106    1.7800527795
    4.07100664    2.4103281421
    4.09121222    3.0841747968
    4.11141781    3.7292484408
    4.13162339    4.2611141667
    4.15182897    4.6009185418
    4.17203456    4.6944577928
    4.19224014    4.5263262477
    4.21244572    4.1240677312
    4.23265131    3.5507921027
    4.25285689    2.8889779149
    4.27306247    2.2211747044
    4.29326806    1.6137666514
    4.31347364    1.1079451854
    4.33367922    0.7188120240
    4.35388480    0.4406886977
    4.37409039    0.2553101096
    4.39429597    0.1397731112
    4.41450155    0.0723100685
    4.43470714    0.0353503269
    4.45491272    0.0163308059
    4.47511830    0.0071292085
    4.49532389    0.0029409967
    4.51552947    0.0011464821
    4.53573505    0.0004223374
    4.55594064    0.0001470183
    4.57614622    0.0000483618
    4.59635180    0.0000150333
    4.61655739    0.0000044159
    4.63676297    0.0000012258
    4.65696855    0.0000003215
    4.67717414    0.0000000797
    4.69737972    0.0000000187
    4.71758530    0.0000000041
    4.73779089    0.0000000009
    4.75799647    0.0000000002
    4.77820205    0.0000000000
    4.79840763    0.0000000000
    4.81861322    0.0000000000
    4.83881880    0.0000000000
    4.85902438    0.0000000000
    4.87922997    0.0000000000
    4.89943555    0.0000000000
    4.91964113    0.0000000000
    4.93984672    0.0000000000
    4.96005230    0.0000000000
    4.98025788    0.0000000000
    5.00046347    0.0000000000
    5.02066905    0.0000000000
    5.04087463    0.0000000000
    5.06108022    0.0000000000
    5.08128580    0.0000000000
    5.10149138    0.0000000000
    5.12169697    0.0000000000
    5.14190255    0.0000000000
    5.16210813    0.0000000000
    5.18231371    0.0000000000
    5.20251930    0.0000000000
    5.22272488    0.0000000000
    5.24293046    0.0000000000
    5.26313605    0.0000000000
    5.28334163    0.0000000000
    5.30354721    0.0000000000
    5.32375280    0.0000000000
    5.34395838    0.0000000000
    5.36416396    0.0000000000
    5.38436955    0.0000000000
    5.40457513    0.0000000000
    5.42478071    0.0000000000
    5.44498630    0.0000000000
    5.46519188    0.0000000000
    5.48539746    0.0000000000
    5.50560305    0.0000000000
    5.52580863    0.0000000000
    5.54601421    0.0000000000
    5.56621979    0.0000000000
    5.58642538    0.0000000000
    5.60663096    0.0000000000
    5.62683654    0.0000000000
    5.64704213    0.0000000000
    5.66724771    0.0000000000
    5.68745329    0.0000000000
    5.70765888    0.0000000000
    5.72786446    0.0000000000
    5.74807004    0.0000000000
    5.76827563    0.0000000000
    5.78848121    0.0000000000
    5.80868679    0.0000000000
    5.82889238    0.0000000000
    5.84909796    0.0000000000
    5.86930354    0.0000000000
    5.88950913    0.0000000000
    5.90971471    0.0000000000
    5.92992029    0.0000000000
    5.95012587    0.0000000000
    5.97033146    0.0000000000
    5.99053704    0.0000000000
    6.01074262    0.0000000000
    6.03094821    0.0000000000
    6.05115379    0.0000000000
    6.07135937    0.0000000000
    6.09156496    0.0000000000
    6.11177054    0.0000000000
    6.13197612    0.0000000000
    6.15218171    0.0000000000
    6.17238729    0.0000000000
    6.19259287    0.0000000000
    6.21279846    0.0000000000
    6.23300404    0.0000000000
    6.25320962    0.0000000000
    6.27341521    0.0000000000
    6.29362079    0.0000000000
    6.31382637    0.0000000000
    6.33403195    0.0000000000
    6.35423754    0.0000000000
    6.37444312    0.0000000000
    6.39464870    0.0000000000
    6.41485429    0.0000000000
    6.43505987    0.0000000000
    6.45526545    0.0000000000
    6.47547104    0.0000000000
    6.49567662    0.0000000000
    6.51588220    0.0000000000
    6.53608779    0.0000000000
    6.55629337    0.0000000000
    6.57649895    0.0000000000
    6.59670454    0.0000000000
    6.61691012    0.0000000001
    6.63711570    0.0000000005
    6.65732129    0.0000000023
    6.67752687    0.0000000106
    6.69773245    0.0000000461
    6.71793803    0.0000001900
    6.73814362    0.0000007403
    6.75834920    0.0000027253
    6.77855478    0.0000094805
    6.79876037    0.0000311648
    6.81896595    0.0000968096
    6.83917153    0.0002841784
    6.85937712    0.0007882851
    6.87958270    0.0020663083
    6.89978828    0.0051183083
    6.91999387    0.0119805649
    6.94019945    0.0265001094
    6.96040503    0.0553907901
    6.98061062    0.1094074697
    7.00081620    0.2042094841
    7.02102178    0.3601839553
    7.04122737    0.6003331675
    7.06143295    0.9455398433
    7.08163853    1.4073005267
    7.10184412    1.9793080319
    7.12204970    2.6306280360
    7.14225528    3.3038857603
    7.16246086    3.9211198831
    7.18266645    4.3975900299
    7.20287203    4.6605683197
    7.22307761    4.6674807837
    7.24328320    4.4171863254
    7.26348878    3.9502849115
    7.28369436    3.3383405779
    7.30389995    2.6659523535
    7.32410553    2.0118409595
    7.34431111    1.4346779673
    7.36451670    0.9667957493
    7.38472228    0.6156509533
    7.40492786    0.3704707298
    7.42513345    0.2106651835
    7.44533903    0.1132012315
    7.46554461    0.0574816277
    7.48575020    0.0275820464
    7.50595578    0.0125067201
    7.52616136    0.0053589524
    7.54636694    0.0021698809
    7.56657253    0.0008302548
    7.58677811    0.0003001971
    7.60698369    0.0001025701
    7.62718928    0.0000331173
    7.64739486    0.0000101044
    7.66760044    0.0000029133
    7.68780603    0.0000007937
    7.70801161    0.0000002044
    7.72821719    0.0000000497
    7.74842278    0.0000000114
    7.76862836    0.0000000025
    7.78883394    0.0000000005
    7.80903953    0.0000000001
    7.82924511    0.0000000000
    7.84945069    0.0000000000
    7.86965628    0.0000000000
    7.88986186    0.0000000000
    7.91006744    0.0000000000
    7.93027302    0.0000000000
    7.95047861    0.0000000000
    7.97068419    0.0000000000
    7.99088977    0.0000000000
    8.01109536    0.0000000000
    8.03130094    0.0000000000
    8.05150652    0.0000000000
    8.07171211    0.0000000000
    8.09191769    0.0000000000
    8.11212327    0.0000000000
    8.13232886    0.0000000000
    8.15253444    0.0000000000
    8.17274002    0.0000000000
    8.19294561    0.0000000000
    8.21315119    0.0000000000
    8.23335677    0.0000000000
    8.25356236    0.0000000000
    8.27376794    0.0000000000
    8.29397352    0.0000000000
    8.31417910    0.0000000000
    8.33438469    0.0000000000
    8.35459027    0.0000000000
    8.37479585    0.0000000000
    8.39500144    0.0000000000
    8.41520702    0.0000000000
    8.43541260    0.0000000000
    8.45561819    0.0000000000
    8.47582377    0.0000000000
    8.49602935    0.0000000000
    8.51623494    0.0000000000
    8.53644052    0.0000000000
    8.55664610    0.0000000000
    8.57685169    0.0000000000
    8.59705727    0.0000000000
    8.61726285    0.0000000000
    8.63746844    0.0000000000
    8.65767402    0.0000000000
    8.67787960    0.0000000000
    8.69808518    0.0000000000
    8.71829077    0.0000000000
    8.73849635    0.0000000000
    8.75870193    0.0000000000
    8.77890752    0.0000000000
    8.79911310    0.0000000000
    8.81931868    0.0000000000
    8.83952427    0.0000000000
    8.85972985    0.0000000000
    8.87993543    0.0000000000
    8.90014102    0.0000000000
    8.92034660    0.0000000000
    8.94055218    0.0000000000
    8.96075777    0.0000000000
    8.98096335    0.0000000000
    9.00116893    0.0000000000
    9.02137452    0.0000000000
    9.04158010    0.0000000000
    9.06178568    0.0000000000
    9.08199127    0.0000000000
    9.10219685    0.0000000000
    9.12240243    0.0000000000
    9.14260801    0.0000000000
    9.16281360    0.0000000000
    9.18301918    0.0000000000
    9.20322476    0.0000000000
    9.22343035    0.0000000000
    9.24363593    0.0000000000
    9.26384151    0.0000000000
    9.28404710    0.0000000000
    9.30425268    0.0000000000
    9.32445826    0.0000000000
    9.34466385    0.0000000000
    9.36486943    0.0000000000
    9.38507501    0.0000000000
    9.40528060    0.0000000000
    9.42548618    0.0000000000
    9.44569176    0.0000000000
    9.46589735    0.0000000000
    9.48610293    0.0000000000
    9.50630851    0.0000000000
    9.52651409    0.0000000000
    9.54671968    0.0000000000
    9.56692526    0.0000000000
    9.58713084    0.0000000000
    9.60733643    0.0000000000
    9.62754201    0.0000000000
    9.64774759    0.0000000000
    9.66795318    0.0000000000
    9.68815876    0.0000000000
    9.70836434    0.0000000000
    9.72856993    0.0000000000
    9.74877551    0.0000000000
    9.76898109    0.0000000000
    9.78918668    0.0000000000
    9.80939226    0.0000000000
    9.82959784    0.0000000000
    9.84980343    0.0000000000
    9.87000901    0.0000000000
    9.89021459    0.0000000000
    9.91042017    0.0000000000
    9.93062576    0.0000000000
    9.95083134    0.0000000000
    9.97103692    0.0000000000
    9.99124251    0.0000000000
   10.01144809    0.0000000000
   10.03165367    0.0000000000
   10.05185926    0.0000000000
   10.07206484    0.0000000000
   10.09227042    0.0000000000
   10.11247601    0.0000000000
   10.13268159    0.0000000000
   10.15288717    0.0000000000
   10.17309276    0.0000000000
   10.19329834    0.0000000000
   10.21350392    0.0000000000
