#  Energy (eV) |  DOS (states/eV)
  -26.05144259    0.0000000000
  -26.02960664    0.0000000000
  -26.00777069    0.0000000000
  -25.98593475    0.0000000000
  -25.96409880    0.0000000000
  -25.94226285    0.0000000000
  -25.92042690    0.0000000000
  -25.89859096    0.0000000000
  -25.87675501    0.0000000000
  -25.85491906    0.0000000000
  -25.83308312    0.0000000000
  -25.81124717    0.0000000000
  -25.78941122    0.0000000000
  -25.76757527    0.0000000000
  -25.74573933    0.0000000000
  -25.72390338    0.0000000000
  -25.70206743    0.0000000000
  -25.68023149    0.0000000000
  -25.65839554    0.0000000000
  -25.63655959    0.0000000000
  -25.61472364    0.0000000000
  -25.59288770    0.0000000000
  -25.57105175    0.0000000000
  -25.54921580    0.0000000000
  -25.52737985    0.0000000000
  -25.50554391    0.0000000000
  -25.48370796    0.0000000000
  -25.46187201    0.0000000000
  -25.44003607    0.0000000000
  -25.41820012    0.0000000000
  -25.39636417    0.0000000000
  -25.37452822    0.0000000000
  -25.35269228    0.0000000000
  -25.33085633    0.0000000000
  -25.30902038    0.0000000000
  -25.28718444    0.0000000000
  -25.26534849    0.0000000000
  -25.24351254    0.0000000000
  -25.22167659    0.0000000000
  -25.19984065    0.0000000000
  -25.17800470    0.0000000000
  -25.15616875    0.0000000000
  -25.13433281    0.0000000000
  -25.11249686    0.0000000000
  -25.09066091    0.0000000000
  -25.06882496    0.0000000000
  -25.04698902    0.0000000000
  -25.02515307    0.0000000000
  -25.00331712    0.0000000000
  -24.98148118    0.0000000000
  -24.95964523    0.0000000000
  -24.93780928    0.0000000000
  -24.91597333    0.0000000000
  -24.89413739    0.0000000000
  -24.87230144    0.0000000000
  -24.85046549    0.0000000000
  -24.82862955    0.0000000000
  -24.80679360    0.0000000000
  -24.78495765    0.0000000000
  -24.76312170    0.0000000000
  -24.74128576    0.0000000000
  -24.71944981    0.0000000000
  -24.69761386    0.0000000000
  -24.67577792    0.0000000000
  -24.65394197    0.0000000000
  -24.63210602    0.0000000000
  -24.61027007    0.0000000000
  -24.58843413    0.0000000000
  -24.56659818    0.0000000000
  -24.54476223    0.0000000000
  -24.52292629    0.0000000000
  -24.50109034    0.0000000000
  -24.47925439    0.0000000000
  -24.45741844    0.0000000000
  -24.43558250    0.0000000000
  -24.41374655    0.0000000000
  -24.39191060    0.0000000000
  -24.37007465    0.0000000000
  -24.34823871    0.0000000000
  -24.32640276    0.0000000000
  -24.30456681    0.0000000000
  -24.28273087    0.0000000000
  -24.26089492    0.0000000000
  -24.23905897    0.0000000000
  -24.21722302    0.0000000000
  -24.19538708    0.0000000000
  -24.17355113    0.0000000000
  -24.15171518    0.0000000000
  -24.12987924    0.0000000000
  -24.10804329    0.0000000000
  -24.08620734    0.0000000000
  -24.06437139    0.0000000000
  -24.04253545    0.0000000000
  -24.02069950    0.0000000000
  -23.99886355    0.0000000000
  -23.97702761    0.0000000000
  -23.95519166    0.0000000000
  -23.93335571    0.0000000000
  -23.91151976    0.0000000000
  -23.88968382    0.0000000000
  -23.86784787    0.0000000000
  -23.84601192    0.0000000000
  -23.82417598    0.0000000000
  -23.80234003    0.0000000000
  -23.78050408    0.0000000000
  -23.75866813    0.0000000000
  -23.73683219    0.0000000000
  -23.71499624    0.0000000000
  -23.69316029    0.0000000000
  -23.67132435    0.0000000000
  -23.64948840    0.0000000001
  -23.62765245    0.0000000005
  -23.60581650    0.0000000026
  -23.58398056    0.0000000136
  -23.56214461    0.0000000661
  -23.54030866    0.0000003002
  -23.51847272    0.0000012757
  -23.49663677    0.0000050744
  -23.47480082    0.0000188937
  -23.45296487    0.0000658483
  -23.43112893    0.0002148145
  -23.40929298    0.0006559572
  -23.38745703    0.0018749089
  -23.36562108    0.0050162313
  -23.34378514    0.0125622573
  -23.32194919    0.0294476447
  -23.30011324    0.0646139351
  -23.27827730    0.1327072241
  -23.25644135    0.2551265669
  -23.23460540    0.4591023884
  -23.21276945    0.7733145219
  -23.19093351    1.2192577539
  -23.16909756    1.7993996566
  -23.14726161    2.4857216049
  -23.12542567    3.2141792090
  -23.10358972    3.8902761860
  -23.08175377    4.4074107698
  -23.05991782    4.6738994926
  -23.03808188    4.6394655725
  -23.01624593    4.3107147973
  -22.99440998    3.7490684599
  -22.97257404    3.0520398389
  -22.95073809    2.3256790048
  -22.92890214    1.6588308098
  -22.90706619    1.1075087355
  -22.88523025    0.6921256980
  -22.86339430    0.4048699419
  -22.84155835    0.2216862938
  -22.81972241    0.1136200293
  -22.79788646    0.0545084331
  -22.77605051    0.0244773978
  -22.75421456    0.0102886772
  -22.73237862    0.0040480566
  -22.71054267    0.0014908240
  -22.68870672    0.0005139240
  -22.66687078    0.0001658304
  -22.64503483    0.0000500867
  -22.62319888    0.0000141603
  -22.60136293    0.0000037473
  -22.57952699    0.0000009282
  -22.55769104    0.0000002152
  -22.53585509    0.0000000467
  -22.51401915    0.0000000095
  -22.49218320    0.0000000018
  -22.47034725    0.0000000003
  -22.44851130    0.0000000001
  -22.42667536    0.0000000000
  -22.40483941    0.0000000000
  -22.38300346    0.0000000000
  -22.36116752    0.0000000000
  -22.33933157    0.0000000000
  -22.31749562    0.0000000000
  -22.29565967    0.0000000000
  -22.27382373    0.0000000000
  -22.25198778    0.0000000000
  -22.23015183    0.0000000000
  -22.20831588    0.0000000000
  -22.18647994    0.0000000000
  -22.16464399    0.0000000000
  -22.14280804    0.0000000000
  -22.12097210    0.0000000000
  -22.09913615    0.0000000000
  -22.07730020    0.0000000000
  -22.05546425    0.0000000000
  -22.03362831    0.0000000000
  -22.01179236    0.0000000000
  -21.98995641    0.0000000000
  -21.96812047    0.0000000000
  -21.94628452    0.0000000000
  -21.92444857    0.0000000000
  -21.90261262    0.0000000000
  -21.88077668    0.0000000000
  -21.85894073    0.0000000000
  -21.83710478    0.0000000000
  -21.81526884    0.0000000000
  -21.79343289    0.0000000000
  -21.77159694    0.0000000000
  -21.74976099    0.0000000000
  -21.72792505    0.0000000000
  -21.70608910    0.0000000000
  -21.68425315    0.0000000000
  -21.66241721    0.0000000000
  -21.64058126    0.0000000000
  -21.61874531    0.0000000000
  -21.59690936    0.0000000000
  -21.57507342    0.0000000000
  -21.55323747    0.0000000000
  -21.53140152    0.0000000000
  -21.50956558    0.0000000000
  -21.48772963    0.0000000000
  -21.46589368    0.0000000000
  -21.44405773    0.0000000000
  -21.42222179    0.0000000000
  -21.40038584    0.0000000000
  -21.37854989    0.0000000000
  -21.35671395    0.0000000000
  -21.33487800    0.0000000000
  -21.31304205    0.0000000000
  -21.29120610    0.0000000000
  -21.26937016    0.0000000000
  -21.24753421    0.0000000000
  -21.22569826    0.0000000000
  -21.20386232    0.0000000000
  -21.18202637    0.0000000000
  -21.16019042    0.0000000000
  -21.13835447    0.0000000000
  -21.11651853    0.0000000000
  -21.09468258    0.0000000000
  -21.07284663    0.0000000000
  -21.05101068    0.0000000000
  -21.02917474    0.0000000000
  -21.00733879    0.0000000000
  -20.98550284    0.0000000000
  -20.96366690    0.0000000000
  -20.94183095    0.0000000000
  -20.91999500    0.0000000000
  -20.89815905    0.0000000000
  -20.87632311    0.0000000000
  -20.85448716    0.0000000000
  -20.83265121    0.0000000000
  -20.81081527    0.0000000000
  -20.78897932    0.0000000000
  -20.76714337    0.0000000000
  -20.74530742    0.0000000000
  -20.72347148    0.0000000000
  -20.70163553    0.0000000000
  -20.67979958    0.0000000000
  -20.65796364    0.0000000000
  -20.63612769    0.0000000000
  -20.61429174    0.0000000000
  -20.59245579    0.0000000000
  -20.57061985    0.0000000000
  -20.54878390    0.0000000000
  -20.52694795    0.0000000000
  -20.50511201    0.0000000000
  -20.48327606    0.0000000000
  -20.46144011    0.0000000000
  -20.43960416    0.0000000000
  -20.41776822    0.0000000000
  -20.39593227    0.0000000000
  -20.37409632    0.0000000000
  -20.35226038    0.0000000000
  -20.33042443    0.0000000000
  -20.30858848    0.0000000000
  -20.28675253    0.0000000000
  -20.26491659    0.0000000000
  -20.24308064    0.0000000000
  -20.22124469    0.0000000000
  -20.19940875    0.0000000000
  -20.17757280    0.0000000000
  -20.15573685    0.0000000000
  -20.13390090    0.0000000000
  -20.11206496    0.0000000000
  -20.09022901    0.0000000000
  -20.06839306    0.0000000000
  -20.04655712    0.0000000000
  -20.02472117    0.0000000000
  -20.00288522    0.0000000000
  -19.98104927    0.0000000000
  -19.95921333    0.0000000000
  -19.93737738    0.0000000000
  -19.91554143    0.0000000000
  -19.89370548    0.0000000000
  -19.87186954    0.0000000000
  -19.85003359    0.0000000000
  -19.82819764    0.0000000000
  -19.80636170    0.0000000000
  -19.78452575    0.0000000000
  -19.76268980    0.0000000000
  -19.74085385    0.0000000000
  -19.71901791    0.0000000000
  -19.69718196    0.0000000000
  -19.67534601    0.0000000000
  -19.65351007    0.0000000000
  -19.63167412    0.0000000000
  -19.60983817    0.0000000000
  -19.58800222    0.0000000000
  -19.56616628    0.0000000000
  -19.54433033    0.0000000000
  -19.52249438    0.0000000000
  -19.50065844    0.0000000000
  -19.47882249    0.0000000000
  -19.45698654    0.0000000000
  -19.43515059    0.0000000000
  -19.41331465    0.0000000000
  -19.39147870    0.0000000000
  -19.36964275    0.0000000000
  -19.34780681    0.0000000000
  -19.32597086    0.0000000000
  -19.30413491    0.0000000000
  -19.28229896    0.0000000000
  -19.26046302    0.0000000000
  -19.23862707    0.0000000000
  -19.21679112    0.0000000000
  -19.19495518    0.0000000000
  -19.17311923    0.0000000000
  -19.15128328    0.0000000000
  -19.12944733    0.0000000000
  -19.10761139    0.0000000000
  -19.08577544    0.0000000000
  -19.06393949    0.0000000000
  -19.04210355    0.0000000000
  -19.02026760    0.0000000000
  -18.99843165    0.0000000000
  -18.97659570    0.0000000000
  -18.95475976    0.0000000000
  -18.93292381    0.0000000000
  -18.91108786    0.0000000000
  -18.88925192    0.0000000000
  -18.86741597    0.0000000000
  -18.84558002    0.0000000000
  -18.82374407    0.0000000000
  -18.80190813    0.0000000000
  -18.78007218    0.0000000000
  -18.75823623    0.0000000000
  -18.73640028    0.0000000000
  -18.71456434    0.0000000000
  -18.69272839    0.0000000000
  -18.67089244    0.0000000000
  -18.64905650    0.0000000000
  -18.62722055    0.0000000000
  -18.60538460    0.0000000000
  -18.58354865    0.0000000000
  -18.56171271    0.0000000000
  -18.53987676    0.0000000000
  -18.51804081    0.0000000000
  -18.49620487    0.0000000000
  -18.47436892    0.0000000000
  -18.45253297    0.0000000000
  -18.43069702    0.0000000000
  -18.40886108    0.0000000000
  -18.38702513    0.0000000000
  -18.36518918    0.0000000000
  -18.34335324    0.0000000000
  -18.32151729    0.0000000000
  -18.29968134    0.0000000000
  -18.27784539    0.0000000000
  -18.25600945    0.0000000000
  -18.23417350    0.0000000000
  -18.21233755    0.0000000000
  -18.19050161    0.0000000000
  -18.16866566    0.0000000000
  -18.14682971    0.0000000000
  -18.12499376    0.0000000000
  -18.10315782    0.0000000000
  -18.08132187    0.0000000000
  -18.05948592    0.0000000000
  -18.03764998    0.0000000000
  -18.01581403    0.0000000000
  -17.99397808    0.0000000000
  -17.97214213    0.0000000000
  -17.95030619    0.0000000000
  -17.92847024    0.0000000000
  -17.90663429    0.0000000000
  -17.88479835    0.0000000000
  -17.86296240    0.0000000000
  -17.84112645    0.0000000000
  -17.81929050    0.0000000000
  -17.79745456    0.0000000000
  -17.77561861    0.0000000000
  -17.75378266    0.0000000000
  -17.73194672    0.0000000000
  -17.71011077    0.0000000000
  -17.68827482    0.0000000000
  -17.66643887    0.0000000000
  -17.64460293    0.0000000000
  -17.62276698    0.0000000000
  -17.60093103    0.0000000000
  -17.57909508    0.0000000000
  -17.55725914    0.0000000000
  -17.53542319    0.0000000000
  -17.51358724    0.0000000000
  -17.49175130    0.0000000000
  -17.46991535    0.0000000000
  -17.44807940    0.0000000000
  -17.42624345    0.0000000000
  -17.40440751    0.0000000000
  -17.38257156    0.0000000000
  -17.36073561    0.0000000000
  -17.33889967    0.0000000000
  -17.31706372    0.0000000000
  -17.29522777    0.0000000000
  -17.27339182    0.0000000000
  -17.25155588    0.0000000000
  -17.22971993    0.0000000000
  -17.20788398    0.0000000000
  -17.18604804    0.0000000000
  -17.16421209    0.0000000000
  -17.14237614    0.0000000000
  -17.12054019    0.0000000000
  -17.09870425    0.0000000000
  -17.07686830    0.0000000000
  -17.05503235    0.0000000000
  -17.03319641    0.0000000000
  -17.01136046    0.0000000000
  -16.98952451    0.0000000000
  -16.96768856    0.0000000000
  -16.94585262    0.0000000000
  -16.92401667    0.0000000000
  -16.90218072    0.0000000000
  -16.88034478    0.0000000000
  -16.85850883    0.0000000000
  -16.83667288    0.0000000000
  -16.81483693    0.0000000000
  -16.79300099    0.0000000000
  -16.77116504    0.0000000000
  -16.74932909    0.0000000000
  -16.72749315    0.0000000000
  -16.70565720    0.0000000000
  -16.68382125    0.0000000000
  -16.66198530    0.0000000000
  -16.64014936    0.0000000000
  -16.61831341    0.0000000000
  -16.59647746    0.0000000000
  -16.57464151    0.0000000000
  -16.55280557    0.0000000000
  -16.53096962    0.0000000000
  -16.50913367    0.0000000000
  -16.48729773    0.0000000000
  -16.46546178    0.0000000000
  -16.44362583    0.0000000000
  -16.42178988    0.0000000000
  -16.39995394    0.0000000000
  -16.37811799    0.0000000000
  -16.35628204    0.0000000000
  -16.33444610    0.0000000000
  -16.31261015    0.0000000000
  -16.29077420    0.0000000000
  -16.26893825    0.0000000000
  -16.24710231    0.0000000000
  -16.22526636    0.0000000000
  -16.20343041    0.0000000000
  -16.18159447    0.0000000000
  -16.15975852    0.0000000000
  -16.13792257    0.0000000000
  -16.11608662    0.0000000000
  -16.09425068    0.0000000000
  -16.07241473    0.0000000000
  -16.05057878    0.0000000000
  -16.02874284    0.0000000000
  -16.00690689    0.0000000000
  -15.98507094    0.0000000000
  -15.96323499    0.0000000000
  -15.94139905    0.0000000000
  -15.91956310    0.0000000000
  -15.89772715    0.0000000000
  -15.87589121    0.0000000000
  -15.85405526    0.0000000000
  -15.83221931    0.0000000000
  -15.81038336    0.0000000000
  -15.78854742    0.0000000000
  -15.76671147    0.0000000000
  -15.74487552    0.0000000000
  -15.72303958    0.0000000000
  -15.70120363    0.0000000000
  -15.67936768    0.0000000000
  -15.65753173    0.0000000000
  -15.63569579    0.0000000000
  -15.61385984    0.0000000000
  -15.59202389    0.0000000000
  -15.57018795    0.0000000000
  -15.54835200    0.0000000000
  -15.52651605    0.0000000000
  -15.50468010    0.0000000000
  -15.48284416    0.0000000000
  -15.46100821    0.0000000000
  -15.43917226    0.0000000000
  -15.41733631    0.0000000000
  -15.39550037    0.0000000000
  -15.37366442    0.0000000000
  -15.35182847    0.0000000000
  -15.32999253    0.0000000000
  -15.30815658    0.0000000000
  -15.28632063    0.0000000000
  -15.26448468    0.0000000000
  -15.24264874    0.0000000000
  -15.22081279    0.0000000000
  -15.19897684    0.0000000000
  -15.17714090    0.0000000000
  -15.15530495    0.0000000000
  -15.13346900    0.0000000000
  -15.11163305    0.0000000000
  -15.08979711    0.0000000000
  -15.06796116    0.0000000000
  -15.04612521    0.0000000000
  -15.02428927    0.0000000000
  -15.00245332    0.0000000000
  -14.98061737    0.0000000000
  -14.95878142    0.0000000000
  -14.93694548    0.0000000000
  -14.91510953    0.0000000000
  -14.89327358    0.0000000000
  -14.87143764    0.0000000000
  -14.84960169    0.0000000000
  -14.82776574    0.0000000000
  -14.80592979    0.0000000000
  -14.78409385    0.0000000000
  -14.76225790    0.0000000000
  -14.74042195    0.0000000000
  -14.71858601    0.0000000000
  -14.69675006    0.0000000000
  -14.67491411    0.0000000000
  -14.65307816    0.0000000000
  -14.63124222    0.0000000000
  -14.60940627    0.0000000000
  -14.58757032    0.0000000000
  -14.56573438    0.0000000000
  -14.54389843    0.0000000000
  -14.52206248    0.0000000000
  -14.50022653    0.0000000000
  -14.47839059    0.0000000000
  -14.45655464    0.0000000000
  -14.43471869    0.0000000000
  -14.41288275    0.0000000000
  -14.39104680    0.0000000000
  -14.36921085    0.0000000000
  -14.34737490    0.0000000000
  -14.32553896    0.0000000000
  -14.30370301    0.0000000000
  -14.28186706    0.0000000000
  -14.26003111    0.0000000000
  -14.23819517    0.0000000000
  -14.21635922    0.0000000000
  -14.19452327    0.0000000000
  -14.17268733    0.0000000000
  -14.15085138    0.0000000000
  -14.12901543    0.0000000000
  -14.10717948    0.0000000000
  -14.08534354    0.0000000000
  -14.06350759    0.0000000000
  -14.04167164    0.0000000000
  -14.01983570    0.0000000000
  -13.99799975    0.0000000000
  -13.97616380    0.0000000000
  -13.95432785    0.0000000000
  -13.93249191    0.0000000000
  -13.91065596    0.0000000000
  -13.88882001    0.0000000000
  -13.86698407    0.0000000000
  -13.84514812    0.0000000000
  -13.82331217    0.0000000000
  -13.80147622    0.0000000000
  -13.77964028    0.0000000000
  -13.75780433    0.0000000000
  -13.73596838    0.0000000000
  -13.71413244    0.0000000000
  -13.69229649    0.0000000000
  -13.67046054    0.0000000000
  -13.64862459    0.0000000000
  -13.62678865    0.0000000000
  -13.60495270    0.0000000000
  -13.58311675    0.0000000000
  -13.56128081    0.0000000000
  -13.53944486    0.0000000000
  -13.51760891    0.0000000000
  -13.49577296    0.0000000000
  -13.47393702    0.0000000000
  -13.45210107    0.0000000000
  -13.43026512    0.0000000000
  -13.40842918    0.0000000000
  -13.38659323    0.0000000000
  -13.36475728    0.0000000000
  -13.34292133    0.0000000000
  -13.32108539    0.0000000000
  -13.29924944    0.0000000000
  -13.27741349    0.0000000000
  -13.25557755    0.0000000000
  -13.23374160    0.0000000000
  -13.21190565    0.0000000000
  -13.19006970    0.0000000000
  -13.16823376    0.0000000000
  -13.14639781    0.0000000000
  -13.12456186    0.0000000000
  -13.10272591    0.0000000000
  -13.08088997    0.0000000000
  -13.05905402    0.0000000000
  -13.03721807    0.0000000000
  -13.01538213    0.0000000000
  -12.99354618    0.0000000000
  -12.97171023    0.0000000000
  -12.94987428    0.0000000000
  -12.92803834    0.0000000000
  -12.90620239    0.0000000000
  -12.88436644    0.0000000000
  -12.86253050    0.0000000000
  -12.84069455    0.0000000000
  -12.81885860    0.0000000000
  -12.79702265    0.0000000000
  -12.77518671    0.0000000000
  -12.75335076    0.0000000000
  -12.73151481    0.0000000000
  -12.70967887    0.0000000000
  -12.68784292    0.0000000000
  -12.66600697    0.0000000000
  -12.64417102    0.0000000000
  -12.62233508    0.0000000000
  -12.60049913    0.0000000000
  -12.57866318    0.0000000000
  -12.55682724    0.0000000000
  -12.53499129    0.0000000000
  -12.51315534    0.0000000000
  -12.49131939    0.0000000000
  -12.46948345    0.0000000000
  -12.44764750    0.0000000000
  -12.42581155    0.0000000000
  -12.40397561    0.0000000000
  -12.38213966    0.0000000000
  -12.36030371    0.0000000000
  -12.33846776    0.0000000000
  -12.31663182    0.0000000000
  -12.29479587    0.0000000000
  -12.27295992    0.0000000000
  -12.25112398    0.0000000000
  -12.22928803    0.0000000000
  -12.20745208    0.0000000000
  -12.18561613    0.0000000000
  -12.16378019    0.0000000000
  -12.14194424    0.0000000000
  -12.12010829    0.0000000000
  -12.09827235    0.0000000000
  -12.07643640    0.0000000000
  -12.05460045    0.0000000000
  -12.03276450    0.0000000000
  -12.01092856    0.0000000000
  -11.98909261    0.0000000000
  -11.96725666    0.0000000000
  -11.94542071    0.0000000000
  -11.92358477    0.0000000000
  -11.90174882    0.0000000000
  -11.87991287    0.0000000000
  -11.85807693    0.0000000000
  -11.83624098    0.0000000000
  -11.81440503    0.0000000000
  -11.79256908    0.0000000000
  -11.77073314    0.0000000000
  -11.74889719    0.0000000000
  -11.72706124    0.0000000000
  -11.70522530    0.0000000000
  -11.68338935    0.0000000000
  -11.66155340    0.0000000000
  -11.63971745    0.0000000000
  -11.61788151    0.0000000000
  -11.59604556    0.0000000000
  -11.57420961    0.0000000000
  -11.55237367    0.0000000000
  -11.53053772    0.0000000000
  -11.50870177    0.0000000000
  -11.48686582    0.0000000000
  -11.46502988    0.0000000000
  -11.44319393    0.0000000000
  -11.42135798    0.0000000000
  -11.39952204    0.0000000000
  -11.37768609    0.0000000000
  -11.35585014    0.0000000000
  -11.33401419    0.0000000000
  -11.31217825    0.0000000000
  -11.29034230    0.0000000000
  -11.26850635    0.0000000000
  -11.24667041    0.0000000000
  -11.22483446    0.0000000000
  -11.20299851    0.0000000000
  -11.18116256    0.0000000000
  -11.15932662    0.0000000000
  -11.13749067    0.0000000000
  -11.11565472    0.0000000000
  -11.09381878    0.0000000000
  -11.07198283    0.0000000000
  -11.05014688    0.0000000000
  -11.02831093    0.0000000000
  -11.00647499    0.0000000000
  -10.98463904    0.0000000000
  -10.96280309    0.0000000000
  -10.94096714    0.0000000000
  -10.91913120    0.0000000000
  -10.89729525    0.0000000000
  -10.87545930    0.0000000000
  -10.85362336    0.0000000000
  -10.83178741    0.0000000000
  -10.80995146    0.0000000000
  -10.78811551    0.0000000000
  -10.76627957    0.0000000000
  -10.74444362    0.0000000000
  -10.72260767    0.0000000000
  -10.70077173    0.0000000000
  -10.67893578    0.0000000000
  -10.65709983    0.0000000000
  -10.63526388    0.0000000000
  -10.61342794    0.0000000000
  -10.59159199    0.0000000000
  -10.56975604    0.0000000000
  -10.54792010    0.0000000000
  -10.52608415    0.0000000000
  -10.50424820    0.0000000000
  -10.48241225    0.0000000000
  -10.46057631    0.0000000000
  -10.43874036    0.0000000000
  -10.41690441    0.0000000000
  -10.39506847    0.0000000000
  -10.37323252    0.0000000000
  -10.35139657    0.0000000000
  -10.32956062    0.0000000000
  -10.30772468    0.0000000000
  -10.28588873    0.0000000000
  -10.26405278    0.0000000000
  -10.24221684    0.0000000000
  -10.22038089    0.0000000000
  -10.19854494    0.0000000000
  -10.17670899    0.0000000000
  -10.15487305    0.0000000000
  -10.13303710    0.0000000000
  -10.11120115    0.0000000002
  -10.08936521    0.0000000010
  -10.06752926    0.0000000053
  -10.04569331    0.0000000266
  -10.02385736    0.0000001257
  -10.00202142    0.0000005550
   -9.98018547    0.0000022940
   -9.95834952    0.0000088756
   -9.93651358    0.0000321439
   -9.91467763    0.0001089663
   -9.89284168    0.0003457627
   -9.87100573    0.0010269676
   -9.84916979    0.0028551445
   -9.82733384    0.0074300577
   -9.80549789    0.0180987686
   -9.78366194    0.0412665926
   -9.76182600    0.0880726253
   -9.73999005    0.1759446315
   -9.71815410    0.3290060199
   -9.69631816    0.5758699484
   -9.67448221    0.9434909386
   -9.65264626    1.4469175959
   -9.63081031    2.0770292348
   -9.60897437    2.7908350420
   -9.58713842    3.5100917779
   -9.56530247    4.1323350170
   -9.54346653    4.5537094976
   -9.52163058    4.6970790176
   -9.49979463    4.5350612577
   -9.47795868    4.0985590432
   -9.45612274    3.4671448080
   -9.43428679    2.7453992596
   -9.41245084    2.0348471416
   -9.39061490    1.4117273071
   -9.36877895    0.9167746310
   -9.34694300    0.5572718495
   -9.32510705    0.3170767297
   -9.30327111    0.1688707305
   -9.28143516    0.0841854699
   -9.25959921    0.0392837235
   -9.23776327    0.0171585624
   -9.21592732    0.0070152297
   -9.19409137    0.0026846992
   -9.17225542    0.0009617056
   -9.15041948    0.0003224641
   -9.12858353    0.0001012077
   -9.10674758    0.0000297330
   -9.08491164    0.0000081763
   -9.06307569    0.0000021046
   -9.04123974    0.0000005071
   -9.01940379    0.0000001144
   -8.99756785    0.0000000241
   -8.97573190    0.0000000048
   -8.95389595    0.0000000009
   -8.93206001    0.0000000002
   -8.91022406    0.0000000000
   -8.88838811    0.0000000000
   -8.86655216    0.0000000000
   -8.84471622    0.0000000000
   -8.82288027    0.0000000000
   -8.80104432    0.0000000000
   -8.77920838    0.0000000000
   -8.75737243    0.0000000000
   -8.73553648    0.0000000000
   -8.71370053    0.0000000000
   -8.69186459    0.0000000000
   -8.67002864    0.0000000000
   -8.64819269    0.0000000000
   -8.62635674    0.0000000000
   -8.60452080    0.0000000000
   -8.58268485    0.0000000000
   -8.56084890    0.0000000000
   -8.53901296    0.0000000000
   -8.51717701    0.0000000000
   -8.49534106    0.0000000000
   -8.47350511    0.0000000000
   -8.45166917    0.0000000000
   -8.42983322    0.0000000000
   -8.40799727    0.0000000000
   -8.38616133    0.0000000000
   -8.36432538    0.0000000000
   -8.34248943    0.0000000000
   -8.32065348    0.0000000000
   -8.29881754    0.0000000000
   -8.27698159    0.0000000000
   -8.25514564    0.0000000000
   -8.23330970    0.0000000000
   -8.21147375    0.0000000000
   -8.18963780    0.0000000000
   -8.16780185    0.0000000000
   -8.14596591    0.0000000000
   -8.12412996    0.0000000000
   -8.10229401    0.0000000000
   -8.08045807    0.0000000000
   -8.05862212    0.0000000000
   -8.03678617    0.0000000000
   -8.01495022    0.0000000000
   -7.99311428    0.0000000000
   -7.97127833    0.0000000000
   -7.94944238    0.0000000000
   -7.92760644    0.0000000000
   -7.90577049    0.0000000000
   -7.88393454    0.0000000000
   -7.86209859    0.0000000000
   -7.84026265    0.0000000000
   -7.81842670    0.0000000000
   -7.79659075    0.0000000000
   -7.77475481    0.0000000000
   -7.75291886    0.0000000000
   -7.73108291    0.0000000000
   -7.70924696    0.0000000000
   -7.68741102    0.0000000000
   -7.66557507    0.0000000000
   -7.64373912    0.0000000000
   -7.62190318    0.0000000000
   -7.60006723    0.0000000000
   -7.57823128    0.0000000000
   -7.55639533    0.0000000000
   -7.53455939    0.0000000000
   -7.51272344    0.0000000000
   -7.49088749    0.0000000000
   -7.46905154    0.0000000000
   -7.44721560    0.0000000000
   -7.42537965    0.0000000000
   -7.40354370    0.0000000000
   -7.38170776    0.0000000000
   -7.35987181    0.0000000000
   -7.33803586    0.0000000000
   -7.31619991    0.0000000000
   -7.29436397    0.0000000000
   -7.27252802    0.0000000000
   -7.25069207    0.0000000000
   -7.22885613    0.0000000000
   -7.20702018    0.0000000000
   -7.18518423    0.0000000000
   -7.16334828    0.0000000000
   -7.14151234    0.0000000000
   -7.11967639    0.0000000000
   -7.09784044    0.0000000000
   -7.07600450    0.0000000000
   -7.05416855    0.0000000000
   -7.03233260    0.0000000003
   -7.01049665    0.0000000016
   -6.98866071    0.0000000083
   -6.96682476    0.0000000411
   -6.94498881    0.0000001906
   -6.92315287    0.0000008265
   -6.90131692    0.0000033547
   -6.87948097    0.0000127450
   -6.85764502    0.0000453227
   -6.83580908    0.0001508637
   -6.81397313    0.0004700526
   -6.79213718    0.0013708852
   -6.77030124    0.0037423847
   -6.74846529    0.0095628761
   -6.72662934    0.0228729075
   -6.70479339    0.0512090788
   -6.68295745    0.1073162033
   -6.66112150    0.2105117699
   -6.63928555    0.3865273351
   -6.61744961    0.6643191764
   -6.59561366    1.0687253534
   -6.57377771    1.6093413950
   -6.55194176    2.2684175512
   -6.53010582    2.9928886699
   -6.50826987    3.6961609311
   -6.48643392    4.2727150349
   -6.46459798    4.6232750588
   -6.44276203    4.6826131711
   -6.42092608    4.4393519712
   -6.39909013    3.9395228392
   -6.37725419    3.2723550075
   -6.35541824    2.5443095595
   -6.33358229    1.8517068503
   -6.31174634    1.2614419322
   -6.28991040    0.8043684734
   -6.26807445    0.4801042650
   -6.24623850    0.2682309170
   -6.22440256    0.1402732475
   -6.20256661    0.0686647139
   -6.18073066    0.0314619130
   -6.15889471    0.0134936482
   -6.13705877    0.0054170942
   -6.11522282    0.0020356173
   -6.09338687    0.0007160093
   -6.07155093    0.0002357403
   -6.04971498    0.0000726510
   -6.02787903    0.0000209577
   -6.00604308    0.0000056590
   -5.98420714    0.0000014303
   -5.96237119    0.0000003384
   -5.94053524    0.0000000749
   -5.91869930    0.0000000155
   -5.89686335    0.0000000030
   -5.87502740    0.0000000005
   -5.85319145    0.0000000001
   -5.83135551    0.0000000000
   -5.80951956    0.0000000000
   -5.78768361    0.0000000000
   -5.76584767    0.0000000000
   -5.74401172    0.0000000000
   -5.72217577    0.0000000000
   -5.70033982    0.0000000000
   -5.67850388    0.0000000000
   -5.65666793    0.0000000000
   -5.63483198    0.0000000000
   -5.61299604    0.0000000000
   -5.59116009    0.0000000000
   -5.56932414    0.0000000000
   -5.54748819    0.0000000000
   -5.52565225    0.0000000000
   -5.50381630    0.0000000000
   -5.48198035    0.0000000000
   -5.46014441    0.0000000000
   -5.43830846    0.0000000000
   -5.41647251    0.0000000000
   -5.39463656    0.0000000000
   -5.37280062    0.0000000000
   -5.35096467    0.0000000000
   -5.32912872    0.0000000000
   -5.30729278    0.0000000000
   -5.28545683    0.0000000000
   -5.26362088    0.0000000000
   -5.24178493    0.0000000000
   -5.21994899    0.0000000000
   -5.19811304    0.0000000000
   -5.17627709    0.0000000000
   -5.15444114    0.0000000000
   -5.13260520    0.0000000000
   -5.11076925    0.0000000000
   -5.08893330    0.0000000000
   -5.06709736    0.0000000000
   -5.04526141    0.0000000000
   -5.02342546    0.0000000000
   -5.00158951    0.0000000000
   -4.97975357    0.0000000000
   -4.95791762    0.0000000000
   -4.93608167    0.0000000000
   -4.91424573    0.0000000000
   -4.89240978    0.0000000000
   -4.87057383    0.0000000000
   -4.84873788    0.0000000000
   -4.82690194    0.0000000000
   -4.80506599    0.0000000000
   -4.78323004    0.0000000000
   -4.76139410    0.0000000000
   -4.73955815    0.0000000000
   -4.71772220    0.0000000000
   -4.69588625    0.0000000000
   -4.67405031    0.0000000000
   -4.65221436    0.0000000000
   -4.63037841    0.0000000000
   -4.60854247    0.0000000000
   -4.58670652    0.0000000000
   -4.56487057    0.0000000000
   -4.54303462    0.0000000000
   -4.52119868    0.0000000000
   -4.49936273    0.0000000000
   -4.47752678    0.0000000000
   -4.45569084    0.0000000000
   -4.43385489    0.0000000000
   -4.41201894    0.0000000000
   -4.39018299    0.0000000000
   -4.36834705    0.0000000000
   -4.34651110    0.0000000003
   -4.32467515    0.0000000016
   -4.30283921    0.0000000083
   -4.28100326    0.0000000411
   -4.25916731    0.0000001903
   -4.23733136    0.0000008250
   -4.21549542    0.0000033489
   -4.19365947    0.0000127239
   -4.17182352    0.0000452517
   -4.14998757    0.0001506400
   -4.12815163    0.0004693951
   -4.10631568    0.0013690823
   -4.08447973    0.0037377764
   -4.06264379    0.0095519014
   -4.04080784    0.0228485736
   -4.01897189    0.0511588886
   -3.99713594    0.1072200130
   -3.97530000    0.2103407206
   -3.95346405    0.3862456539
   -3.93162810    0.6638907242
   -3.90979216    1.0681256455
   -3.88795621    1.6085732082
   -3.86612026    2.2675249068
   -3.84428431    2.9919618247
   -3.82244837    3.6953261599
   -3.80061242    4.2721082800
   -3.77877647    4.6230061759
   -3.75694053    4.6827334996
   -3.73510458    4.4398383433
   -3.71326863    3.9402848560
   -3.69143268    3.2732624485
   -3.66959674    2.5452285353
   -3.64776079    1.8525310066
   -3.62592484    1.2621092057
   -3.60408890    0.8048614559
   -3.58225295    0.4804387984
   -3.56041700    0.2684403281
   -3.53858105    0.1403945330
   -3.51674511    0.0687298473
   -3.49490916    0.0314943977
   -3.47307321    0.0135087133
   -3.45123727    0.0054235969
   -3.42940132    0.0020382318
   -3.40756537    0.0007169890
   -3.38572942    0.0002360827
   -3.36389348    0.0000727627
   -3.34205753    0.0000209916
   -3.32022158    0.0000056686
   -3.29838564    0.0000014328
   -3.27654969    0.0000003390
   -3.25471374    0.0000000751
   -3.23287779    0.0000000156
   -3.21104185    0.0000000030
   -3.18920590    0.0000000005
   -3.16736995    0.0000000001
   -3.14553401    0.0000000000
   -3.12369806    0.0000000000
   -3.10186211    0.0000000000
   -3.08002616    0.0000000000
   -3.05819022    0.0000000000
   -3.03635427    0.0000000000
   -3.01451832    0.0000000000
   -2.99268237    0.0000000000
   -2.97084643    0.0000000000
   -2.94901048    0.0000000000
   -2.92717453    0.0000000000
   -2.90533859    0.0000000000
   -2.88350264    0.0000000000
   -2.86166669    0.0000000000
   -2.83983074    0.0000000000
   -2.81799480    0.0000000000
   -2.79615885    0.0000000000
   -2.77432290    0.0000000000
   -2.75248696    0.0000000000
   -2.73065101    0.0000000000
   -2.70881506    0.0000000000
   -2.68697911    0.0000000000
   -2.66514317    0.0000000000
   -2.64330722    0.0000000000
   -2.62147127    0.0000000000
   -2.59963533    0.0000000000
   -2.57779938    0.0000000000
   -2.55596343    0.0000000000
   -2.53412748    0.0000000000
   -2.51229154    0.0000000000
   -2.49045559    0.0000000000
   -2.46861964    0.0000000000
   -2.44678370    0.0000000000
   -2.42494775    0.0000000000
   -2.40311180    0.0000000000
   -2.38127585    0.0000000000
   -2.35943991    0.0000000000
   -2.33760396    0.0000000000
   -2.31576801    0.0000000000
   -2.29393207    0.0000000000
   -2.27209612    0.0000000000
   -2.25026017    0.0000000000
   -2.22842422    0.0000000000
   -2.20658828    0.0000000000
   -2.18475233    0.0000000000
   -2.16291638    0.0000000000
   -2.14108044    0.0000000000
   -2.11924449    0.0000000000
   -2.09740854    0.0000000000
   -2.07557259    0.0000000000
   -2.05373665    0.0000000000
   -2.03190070    0.0000000000
   -2.01006475    0.0000000000
   -1.98822881    0.0000000000
   -1.96639286    0.0000000000
   -1.94455691    0.0000000000
   -1.92272096    0.0000000000
   -1.90088502    0.0000000000
   -1.87904907    0.0000000000
   -1.85721312    0.0000000000
   -1.83537717    0.0000000000
   -1.81354123    0.0000000000
   -1.79170528    0.0000000000
   -1.76986933    0.0000000000
   -1.74803339    0.0000000000
   -1.72619744    0.0000000000
   -1.70436149    0.0000000000
   -1.68252554    0.0000000000
   -1.66068960    0.0000000000
   -1.63885365    0.0000000000
   -1.61701770    0.0000000000
   -1.59518176    0.0000000000
   -1.57334581    0.0000000000
   -1.55150986    0.0000000000
   -1.52967391    0.0000000000
   -1.50783797    0.0000000000
   -1.48600202    0.0000000000
   -1.46416607    0.0000000000
   -1.44233013    0.0000000000
   -1.42049418    0.0000000000
   -1.39865823    0.0000000000
   -1.37682228    0.0000000000
   -1.35498634    0.0000000000
   -1.33315039    0.0000000000
   -1.31131444    0.0000000000
   -1.28947850    0.0000000000
   -1.26764255    0.0000000000
   -1.24580660    0.0000000000
   -1.22397065    0.0000000000
   -1.20213471    0.0000000000
   -1.18029876    0.0000000000
   -1.15846281    0.0000000000
   -1.13662687    0.0000000000
   -1.11479092    0.0000000000
   -1.09295497    0.0000000000
   -1.07111902    0.0000000000
   -1.04928308    0.0000000000
   -1.02744713    0.0000000000
   -1.00561118    0.0000000000
   -0.98377524    0.0000000000
   -0.96193929    0.0000000000
   -0.94010334    0.0000000000
   -0.91826739    0.0000000000
   -0.89643145    0.0000000000
   -0.87459550    0.0000000000
   -0.85275955    0.0000000000
   -0.83092361    0.0000000000
   -0.80908766    0.0000000000
   -0.78725171    0.0000000000
   -0.76541576    0.0000000000
   -0.74357982    0.0000000000
   -0.72174387    0.0000000000
   -0.69990792    0.0000000000
   -0.67807197    0.0000000000
   -0.65623603    0.0000000000
   -0.63440008    0.0000000000
   -0.61256413    0.0000000000
   -0.59072819    0.0000000000
   -0.56889224    0.0000000000
   -0.54705629    0.0000000000
   -0.52522034    0.0000000000
   -0.50338440    0.0000000000
   -0.48154845    0.0000000000
   -0.45971250    0.0000000000
   -0.43787656    0.0000000000
   -0.41604061    0.0000000000
   -0.39420466    0.0000000000
   -0.37236871    0.0000000000
   -0.35053277    0.0000000000
   -0.32869682    0.0000000000
   -0.30686087    0.0000000000
   -0.28502493    0.0000000000
   -0.26318898    0.0000000000
   -0.24135303    0.0000000000
   -0.21951708    0.0000000000
   -0.19768114    0.0000000000
   -0.17584519    0.0000000000
   -0.15400924    0.0000000000
   -0.13217330    0.0000000000
   -0.11033735    0.0000000000
   -0.08850140    0.0000000000
   -0.06666545    0.0000000000
   -0.04482951    0.0000000000
   -0.02299356    0.0000000000
   -0.00115761    0.0000000000
    0.02067833    0.0000000000
    0.04251428    0.0000000000
    0.06435023    0.0000000000
    0.08618618    0.0000000000
    0.10802212    0.0000000000
    0.12985807    0.0000000000
    0.15169402    0.0000000000
    0.17352996    0.0000000000
    0.19536591    0.0000000000
    0.21720186    0.0000000000
    0.23903781    0.0000000000
    0.26087375    0.0000000000
    0.28270970    0.0000000000
    0.30454565    0.0000000000
    0.32638159    0.0000000000
    0.34821754    0.0000000000
    0.37005349    0.0000000000
    0.39188944    0.0000000000
    0.41372538    0.0000000000
    0.43556133    0.0000000000
    0.45739728    0.0000000000
    0.47923323    0.0000000000
    0.50106917    0.0000000000
    0.52290512    0.0000000000
    0.54474107    0.0000000000
    0.56657701    0.0000000000
    0.58841296    0.0000000000
    0.61024891    0.0000000000
    0.63208486    0.0000000000
    0.65392080    0.0000000000
    0.67575675    0.0000000000
    0.69759270    0.0000000000
    0.71942864    0.0000000000
    0.74126459    0.0000000000
    0.76310054    0.0000000000
    0.78493649    0.0000000000
    0.80677243    0.0000000000
    0.82860838    0.0000000000
    0.85044433    0.0000000000
    0.87228027    0.0000000000
    0.89411622    0.0000000000
    0.91595217    0.0000000000
    0.93778812    0.0000000000
    0.95962406    0.0000000000
    0.98146001    0.0000000000
    1.00329596    0.0000000000
    1.02513190    0.0000000000
    1.04696785    0.0000000000
    1.06880380    0.0000000000
    1.09063975    0.0000000000
    1.11247569    0.0000000000
    1.13431164    0.0000000000
    1.15614759    0.0000000000
    1.17798353    0.0000000000
    1.19981948    0.0000000000
    1.22165543    0.0000000000
    1.24349138    0.0000000000
    1.26532732    0.0000000000
    1.28716327    0.0000000000
    1.30899922    0.0000000000
    1.33083516    0.0000000000
    1.35267111    0.0000000000
    1.37450706    0.0000000000
    1.39634301    0.0000000000
    1.41817895    0.0000000000
    1.44001490    0.0000000000
    1.46185085    0.0000000000
    1.48368679    0.0000000000
    1.50552274    0.0000000000
    1.52735869    0.0000000000
    1.54919464    0.0000000000
    1.57103058    0.0000000000
    1.59286653    0.0000000000
    1.61470248    0.0000000000
    1.63653843    0.0000000000
    1.65837437    0.0000000000
    1.68021032    0.0000000000
    1.70204627    0.0000000000
    1.72388221    0.0000000000
    1.74571816    0.0000000000
    1.76755411    0.0000000000
    1.78939006    0.0000000000
    1.81122600    0.0000000000
    1.83306195    0.0000000000
    1.85489790    0.0000000000
    1.87673384    0.0000000000
    1.89856979    0.0000000000
    1.92040574    0.0000000000
    1.94224169    0.0000000000
    1.96407763    0.0000000000
    1.98591358    0.0000000000
    2.00774953    0.0000000000
    2.02958547    0.0000000000
    2.05142142    0.0000000000
    2.07325737    0.0000000000
    2.09509332    0.0000000000
    2.11692926    0.0000000000
    2.13876521    0.0000000000
    2.16060116    0.0000000000
    2.18243710    0.0000000000
    2.20427305    0.0000000000
    2.22610900    0.0000000000
    2.24794495    0.0000000000
    2.26978089    0.0000000000
    2.29161684    0.0000000000
    2.31345279    0.0000000000
    2.33528873    0.0000000000
    2.35712468    0.0000000000
    2.37896063    0.0000000000
    2.40079658    0.0000000000
    2.42263252    0.0000000000
    2.44446847    0.0000000000
    2.46630442    0.0000000000
    2.48814036    0.0000000000
    2.50997631    0.0000000000
    2.53181226    0.0000000000
    2.55364821    0.0000000000
    2.57548415    0.0000000000
    2.59732010    0.0000000000
    2.61915605    0.0000000000
    2.64099200    0.0000000000
    2.66282794    0.0000000000
    2.68466389    0.0000000000
    2.70649984    0.0000000000
    2.72833578    0.0000000000
    2.75017173    0.0000000000
    2.77200768    0.0000000000
    2.79384363    0.0000000000
    2.81567957    0.0000000000
    2.83751552    0.0000000000
    2.85935147    0.0000000000
    2.88118741    0.0000000000
    2.90302336    0.0000000000
    2.92485931    0.0000000000
    2.94669526    0.0000000000
    2.96853120    0.0000000000
    2.99036715    0.0000000000
    3.01220310    0.0000000000
    3.03403904    0.0000000000
    3.05587499    0.0000000000
    3.07771094    0.0000000000
    3.09954689    0.0000000000
    3.12138283    0.0000000000
    3.14321878    0.0000000000
    3.16505473    0.0000000001
    3.18689067    0.0000000005
    3.20872662    0.0000000025
    3.23056257    0.0000000131
    3.25239852    0.0000000637
    3.27423446    0.0000002898
    3.29607041    0.0000012336
    3.31790636    0.0000049148
    3.33974230    0.0000183283
    3.36157825    0.0000639777
    3.38341420    0.0002090392
    3.40525015    0.0006393224
    3.42708609    0.0018302262
    3.44892204    0.0049043604
    3.47075799    0.0123013488
    3.49259393    0.0288812399
    3.51442988    0.0634704653
    3.53626583    0.1305630470
    3.55810178    0.2513978843
    3.57993772    0.4531017159
    3.60177367    0.7644032799
    3.62360962    1.2070968693
    3.64544556    1.7842448501
    3.66728151    2.4686500344
    3.68911746    3.1971083059
    3.71095341    3.8756800482
    3.73278935    4.3977570389
    3.75462530    4.6709723261
    3.77646125    4.6438277542
    3.79829720    4.3215312521
    3.82013314    3.7643670210
    3.84196909    3.0692976623
    3.86380504    2.3424957085
    3.88564098    1.6734446250
    3.90747693    1.1190168720
    3.92931288    0.7004137610
    3.95114883    0.4103604073
    3.97298477    0.2250447993
    3.99482072    0.1155221482
    4.01665667    0.0555078337
    4.03849261    0.0249652574
    4.06032856    0.0105101899
    4.08216451    0.0041416922
    4.10400046    0.0015276991
    4.12583640    0.0005274613
    4.14767235    0.0001704653
    4.16950830    0.0000515673
    4.19134424    0.0000146018
    4.21318019    0.0000038702
    4.23501614    0.0000009602
    4.25685209    0.0000002230
    4.27868803    0.0000000485
    4.30052398    0.0000000099
    4.32235993    0.0000000019
    4.34419587    0.0000000003
    4.36603182    0.0000000001
    4.38786777    0.0000000000
    4.40970372    0.0000000000
    4.43153966    0.0000000000
    4.45337561    0.0000000000
    4.47521156    0.0000000000
    4.49704750    0.0000000000
    4.51888345    0.0000000000
    4.54071940    0.0000000000
    4.56255535    0.0000000000
    4.58439129    0.0000000000
    4.60622724    0.0000000000
    4.62806319    0.0000000000
    4.64989913    0.0000000000
    4.67173508    0.0000000000
    4.69357103    0.0000000000
    4.71540698    0.0000000000
    4.73724292    0.0000000000
    4.75907887    0.0000000000
    4.78091482    0.0000000000
    4.80275076    0.0000000000
    4.82458671    0.0000000000
    4.84642266    0.0000000000
    4.86825861    0.0000000000
    4.89009455    0.0000000000
    4.91193050    0.0000000000
    4.93376645    0.0000000000
    4.95560240    0.0000000000
    4.97743834    0.0000000000
    4.99927429    0.0000000000
    5.02111024    0.0000000000
    5.04294618    0.0000000000
    5.06478213    0.0000000000
    5.08661808    0.0000000000
    5.10845403    0.0000000000
    5.13028997    0.0000000000
    5.15212592    0.0000000000
    5.17396187    0.0000000000
    5.19579781    0.0000000000
    5.21763376    0.0000000000
    5.23946971    0.0000000000
    5.26130566    0.0000000000
    5.28314160    0.0000000000
    5.30497755    0.0000000000
    5.32681350    0.0000000000
    5.34864944    0.0000000000
    5.37048539    0.0000000000
    5.39232134    0.0000000000
    5.41415729    0.0000000000
    5.43599323    0.0000000000
    5.45782918    0.0000000000
    5.47966513    0.0000000000
    5.50150107    0.0000000000
    5.52333702    0.0000000000
    5.54517297    0.0000000000
    5.56700892    0.0000000000
    5.58884486    0.0000000000
    5.61068081    0.0000000003
    5.63251676    0.0000000015
    5.65435270    0.0000000078
    5.67618865    0.0000000389
    5.69802460    0.0000001808
    5.71986055    0.0000007858
    5.74169649    0.0000031967
    5.76353244    0.0000121730
    5.78536839    0.0000433896
    5.80720433    0.0001447659
    5.82904028    0.0004521055
    5.85087623    0.0013216185
    5.87271218    0.0036163062
    5.89454812    0.0092622614
    5.91638407    0.0222055542
    5.93822002    0.0498309245
    5.96005596    0.1046716377
    5.98189191    0.2058030662
    6.00372786    0.3787628794
    6.02556381    0.6524928011
    6.04739975    1.0521478845
    6.06923570    1.5880734854
    6.09107165    2.2436605403
    6.11290760    2.9671291612
    6.13474354    3.6728948938
    6.15657949    4.2557224435
    6.17841544    4.6156284080
    6.20025138    4.6857717132
    6.22208733    4.4527074442
    6.24392328    3.9605905208
    6.26575923    3.2975278521
    6.28759517    2.5698616760
    6.30943112    1.8746654265
    6.33126707    1.2800606251
    6.35310301    0.8181445737
    6.37493896    0.4894657599
    6.39677491    0.2740989207
    6.41861086    0.1436762820
    6.44044680    0.0704945566
    6.46228275    0.0323756750
    6.48411870    0.0139179358
    6.50595464    0.0056004583
    6.52779059    0.0021094297
    6.54962654    0.0007437026
    6.57146249    0.0002454292
    6.59329843    0.0000758134
    6.61513438    0.0000219209
    6.63697033    0.0000059329
    6.65880627    0.0000015030
    6.68064222    0.0000003564
    6.70247817    0.0000000791
    6.72431412    0.0000000164
    6.74615006    0.0000000032
    6.76798601    0.0000000006
    6.78982196    0.0000000001
    6.81165790    0.0000000000
    6.83349385    0.0000000000
    6.85532980    0.0000000000
    6.87716575    0.0000000000
    6.89900169    0.0000000000
    6.92083764    0.0000000000
    6.94267359    0.0000000000
    6.96450953    0.0000000000
    6.98634548    0.0000000000
    7.00818143    0.0000000000
    7.03001738    0.0000000000
    7.05185332    0.0000000000
    7.07368927    0.0000000000
    7.09552522    0.0000000000
    7.11736116    0.0000000000
    7.13919711    0.0000000000
    7.16103306    0.0000000000
    7.18286901    0.0000000000
    7.20470495    0.0000000000
    7.22654090    0.0000000000
    7.24837685    0.0000000000
    7.27021280    0.0000000000
    7.29204874    0.0000000000
    7.31388469    0.0000000000
    7.33572064    0.0000000000
    7.35755658    0.0000000000
    7.37939253    0.0000000000
    7.40122848    0.0000000000
    7.42306443    0.0000000000
    7.44490037    0.0000000000
    7.46673632    0.0000000000
    7.48857227    0.0000000000
    7.51040821    0.0000000000
    7.53224416    0.0000000000
    7.55408011    0.0000000000
    7.57591606    0.0000000000
    7.59775200    0.0000000000
    7.61958795    0.0000000000
    7.64142390    0.0000000000
    7.66325984    0.0000000000
    7.68509579    0.0000000000
    7.70693174    0.0000000000
    7.72876769    0.0000000000
    7.75060363    0.0000000000
    7.77243958    0.0000000000
    7.79427553    0.0000000000
    7.81611147    0.0000000000
    7.83794742    0.0000000000
    7.85978337    0.0000000000
    7.88161932    0.0000000000
    7.90345526    0.0000000000
    7.92529121    0.0000000000
    7.94712716    0.0000000000
    7.96896310    0.0000000000
    7.99079905    0.0000000000
    8.01263500    0.0000000000
    8.03447095    0.0000000000
    8.05630689    0.0000000000
    8.07814284    0.0000000000
    8.09997879    0.0000000000
    8.12181473    0.0000000000
    8.14365068    0.0000000000
    8.16548663    0.0000000000
    8.18732258    0.0000000000
    8.20915852    0.0000000000
    8.23099447    0.0000000000
    8.25283042    0.0000000000
    8.27466636    0.0000000000
    8.29650231    0.0000000000
    8.31833826    0.0000000000
    8.34017421    0.0000000000
    8.36201015    0.0000000000
    8.38384610    0.0000000000
    8.40568205    0.0000000000
    8.42751800    0.0000000000
    8.44935394    0.0000000000
    8.47118989    0.0000000000
    8.49302584    0.0000000000
    8.51486178    0.0000000000
    8.53669773    0.0000000000
    8.55853368    0.0000000000
    8.58036963    0.0000000000
    8.60220557    0.0000000000
    8.62404152    0.0000000000
    8.64587747    0.0000000000
    8.66771341    0.0000000000
    8.68954936    0.0000000000
    8.71138531    0.0000000000
    8.73322126    0.0000000000
    8.75505720    0.0000000000
    8.77689315    0.0000000000
    8.79872910    0.0000000000
    8.82056504    0.0000000000
    8.84240099    0.0000000000
    8.86423694    0.0000000000
    8.88607289    0.0000000000
    8.90790883    0.0000000000
    8.92974478    0.0000000000
    8.95158073    0.0000000000
    8.97341667    0.0000000000
    8.99525262    0.0000000000
    9.01708857    0.0000000000
    9.03892452    0.0000000000
    9.06076046    0.0000000000
    9.08259641    0.0000000000
    9.10443236    0.0000000000
    9.12626830    0.0000000000
    9.14810425    0.0000000000
    9.16994020    0.0000000000
    9.19177615    0.0000000000
    9.21361209    0.0000000000
    9.23544804    0.0000000000
    9.25728399    0.0000000000
    9.27911993    0.0000000000
    9.30095588    0.0000000000
    9.32279183    0.0000000000
    9.34462778    0.0000000000
    9.36646372    0.0000000000
    9.38829967    0.0000000000
    9.41013562    0.0000000000
    9.43197157    0.0000000000
    9.45380751    0.0000000000
    9.47564346    0.0000000000
    9.49747941    0.0000000000
    9.51931535    0.0000000000
    9.54115130    0.0000000000
    9.56298725    0.0000000000
    9.58482320    0.0000000000
    9.60665914    0.0000000000
    9.62849509    0.0000000000
    9.65033104    0.0000000000
    9.67216698    0.0000000000
    9.69400293    0.0000000000
    9.71583888    0.0000000000
    9.73767483    0.0000000000
    9.75951077    0.0000000000
    9.78134672    0.0000000000
    9.80318267    0.0000000000
    9.82501861    0.0000000000
    9.84685456    0.0000000000
    9.86869051    0.0000000000
    9.89052646    0.0000000000
    9.91236240    0.0000000000
    9.93419835    0.0000000000
    9.95603430    0.0000000000
    9.97787024    0.0000000000
    9.99970619    0.0000000000
   10.02154214    0.0000000000
   10.04337809    0.0000000000
   10.06521403    0.0000000000
   10.08704998    0.0000000000
   10.10888593    0.0000000000
   10.13072187    0.0000000000
   10.15255782    0.0000000000
   10.17439377    0.0000000000
   10.19622972    0.0000000000
   10.21806566    0.0000000000
   10.23990161    0.0000000000
   10.26173756    0.0000000000
   10.28357350    0.0000000000
   10.30540945    0.0000000000
   10.32724540    0.0000000000
   10.34908135    0.0000000000
   10.37091729    0.0000000000
   10.39275324    0.0000000000
   10.41458919    0.0000000000
   10.43642513    0.0000000000
   10.45826108    0.0000000000
   10.48009703    0.0000000000
   10.50193298    0.0000000000
   10.52376892    0.0000000000
   10.54560487    0.0000000000
   10.56744082    0.0000000000
   10.58927677    0.0000000000
   10.61111271    0.0000000000
   10.63294866    0.0000000000
   10.65478461    0.0000000000
   10.67662055    0.0000000000
   10.69845650    0.0000000000
   10.72029245    0.0000000000
   10.74212840    0.0000000000
   10.76396434    0.0000000000
   10.78580029    0.0000000000
   10.80763624    0.0000000000
   10.82947218    0.0000000000
   10.85130813    0.0000000000
   10.87314408    0.0000000000
   10.89498003    0.0000000000
   10.91681597    0.0000000000
   10.93865192    0.0000000000
   10.96048787    0.0000000000
   10.98232381    0.0000000000
   11.00415976    0.0000000000
   11.02599571    0.0000000000
   11.04783166    0.0000000000
   11.06966760    0.0000000000
   11.09150355    0.0000000000
   11.11333950    0.0000000000
   11.13517544    0.0000000000
   11.15701139    0.0000000000
   11.17884734    0.0000000000
   11.20068329    0.0000000000
   11.22251923    0.0000000000
   11.24435518    0.0000000000
   11.26619113    0.0000000000
   11.28802707    0.0000000000
   11.30986302    0.0000000000
   11.33169897    0.0000000000
   11.35353492    0.0000000000
   11.37537086    0.0000000000
   11.39720681    0.0000000000
   11.41904276    0.0000000000
   11.44087870    0.0000000000
   11.46271465    0.0000000000
   11.48455060    0.0000000000
   11.50638655    0.0000000000
   11.52822249    0.0000000000
   11.55005844    0.0000000000
   11.57189439    0.0000000000
   11.59373033    0.0000000000
   11.61556628    0.0000000000
   11.63740223    0.0000000000
   11.65923818    0.0000000000
   11.68107412    0.0000000000
   11.70291007    0.0000000000
   11.72474602    0.0000000000
   11.74658197    0.0000000000
   11.76841791    0.0000000000
   11.79025386    0.0000000000
   11.81208981    0.0000000000
   11.83392575    0.0000000000
   11.85576170    0.0000000000
   11.87759765    0.0000000000
   11.89943360    0.0000000000
   11.92126954    0.0000000000
   11.94310549    0.0000000000
   11.96494144    0.0000000000
   11.98677738    0.0000000000
   12.00861333    0.0000000000
   12.03044928    0.0000000000
   12.05228523    0.0000000000
   12.07412117    0.0000000000
   12.09595712    0.0000000000
   12.11779307    0.0000000000
   12.13962901    0.0000000000
   12.16146496    0.0000000000
   12.18330091    0.0000000000
   12.20513686    0.0000000000
   12.22697280    0.0000000000
   12.24880875    0.0000000000
   12.27064470    0.0000000000
   12.29248064    0.0000000000
   12.31431659    0.0000000000
   12.33615254    0.0000000002
   12.35798849    0.0000000014
   12.37982443    0.0000000073
   12.40166038    0.0000000361
   12.42349633    0.0000001681
   12.44533227    0.0000007331
   12.46716822    0.0000029920
   12.48900417    0.0000114300
   12.51084012    0.0000408714
   12.53267606    0.0001367997
   12.55451201    0.0004285913
   12.57634796    0.0012568815
   12.59818390    0.0034501509
   12.62001985    0.0088649155
   12.64185580    0.0213208176
   12.66369175    0.0479983001
   12.68552769    0.1011441118
   12.70736364    0.1995023888
   12.72919959    0.3683395407
   12.75103553    0.6365629105
   12.77287148    1.0297387739
   12.79470743    1.5592133622
   12.81654338    2.2099211413
   12.83837932    2.9318432823
   12.86021527    3.6408054617
   12.88205122    4.2320125092
   12.90388717    4.6045708327
   12.92572311    4.6894738699
   12.94755906    4.4704560449
   12.96939501    3.9890757614
   12.99123095    3.3318503497
   13.01306690    2.6049022790
   13.03490285    1.9062950989
   13.05673880    1.3058147610
   13.07857474    0.8372704476
   13.10041069    0.5025076738
   13.12224664    0.2823009766
   13.14408258    0.1484481568
   13.16591853    0.0730684652
   13.18775448    0.0336649449
   13.20959043    0.0145183940
   13.23142637    0.0058607338
   13.25326232    0.0022145126
   13.27509827    0.0007832440
   13.29693421    0.0002593037
   13.31877016    0.0000803550
   13.34060611    0.0000233083
   13.36244206    0.0000063285
   13.38427800    0.0000016084
   13.40611395    0.0000003826
   13.42794990    0.0000000852
   13.44978584    0.0000000178
   13.47162179    0.0000000035
   13.49345774    0.0000000006
   13.51529369    0.0000000001
   13.53712963    0.0000000000
   13.55896558    0.0000000000
   13.58080153    0.0000000000
   13.60263747    0.0000000000
   13.62447342    0.0000000000
   13.64630937    0.0000000000
   13.66814532    0.0000000000
   13.68998126    0.0000000000
   13.71181721    0.0000000000
   13.73365316    0.0000000000
   13.75548910    0.0000000000
   13.77732505    0.0000000000
   13.79916100    0.0000000000
   13.82099695    0.0000000000
   13.84283289    0.0000000000
   13.86466884    0.0000000000
   13.88650479    0.0000000000
   13.90834073    0.0000000000
   13.93017668    0.0000000000
   13.95201263    0.0000000000
   13.97384858    0.0000000000
   13.99568452    0.0000000000
   14.01752047    0.0000000001
   14.03935642    0.0000000003
   14.06119237    0.0000000018
   14.08302831    0.0000000095
   14.10486426    0.0000000467
   14.12670021    0.0000002152
   14.14853615    0.0000009282
   14.17037210    0.0000037473
   14.19220805    0.0000141603
   14.21404400    0.0000500867
   14.23587994    0.0001658304
   14.25771589    0.0005139240
   14.27955184    0.0014908240
   14.30138778    0.0040480566
   14.32322373    0.0102886772
   14.34505968    0.0244773978
   14.36689563    0.0545084331
   14.38873157    0.1136200293
   14.41056752    0.2216862938
   14.43240347    0.4048699419
   14.45423941    0.6921256980
   14.47607536    1.1075087355
   14.49791131    1.6588308098
   14.51974726    2.3256790048
   14.54158320    3.0520398389
   14.56341915    3.7490684599
   14.58525510    4.3107147973
   14.60709104    4.6394655725
   14.62892699    4.6738994926
   14.65076294    4.4074107697
   14.67259889    3.8902761860
   14.69443483    3.2141792090
   14.71627078    2.4857216049
   14.73810673    1.7993996566
   14.75994267    1.2192577539
   14.78177862    0.7733145219
   14.80361457    0.4591023884
   14.82545052    0.2551265669
   14.84728646    0.1327072241
   14.86912241    0.0646139351
   14.89095836    0.0294476447
   14.91279430    0.0125622573
   14.93463025    0.0050162313
   14.95646620    0.0018749089
   14.97830215    0.0006559572
   15.00013809    0.0002148145
   15.02197404    0.0000658483
   15.04380999    0.0000188937
   15.06564593    0.0000050744
   15.08748188    0.0000012757
   15.10931783    0.0000003002
   15.13115378    0.0000000661
   15.15298972    0.0000000136
   15.17482567    0.0000000026
   15.19666162    0.0000000005
   15.21849757    0.0000000001
   15.24033351    0.0000000000
   15.26216946    0.0000000000
   15.28400541    0.0000000000
   15.30584135    0.0000000000
   15.32767730    0.0000000000
   15.34951325    0.0000000000
   15.37134920    0.0000000000
   15.39318514    0.0000000000
   15.41502109    0.0000000000
   15.43685704    0.0000000000
   15.45869298    0.0000000000
   15.48052893    0.0000000000
   15.50236488    0.0000000000
   15.52420083    0.0000000000
   15.54603677    0.0000000000
   15.56787272    0.0000000000
   15.58970867    0.0000000000
   15.61154461    0.0000000000
   15.63338056    0.0000000000
   15.65521651    0.0000000000
   15.67705246    0.0000000000
   15.69888840    0.0000000000
   15.72072435    0.0000000000
   15.74256030    0.0000000000
   15.76439624    0.0000000000
   15.78623219    0.0000000000
   15.80806814    0.0000000000
   15.82990409    0.0000000000
   15.85174003    0.0000000000
   15.87357598    0.0000000000
   15.89541193    0.0000000000
   15.91724787    0.0000000000
   15.93908382    0.0000000000
   15.96091977    0.0000000000
   15.98275572    0.0000000000
   16.00459166    0.0000000000
   16.02642761    0.0000000000
   16.04826356    0.0000000000
   16.07009950    0.0000000000
   16.09193545    0.0000000000
   16.11377140    0.0000000000
   16.13560735    0.0000000000
   16.15744329    0.0000000000
   16.17927924    0.0000000000
   16.20111519    0.0000000000
   16.22295114    0.0000000000
   16.24478708    0.0000000000
   16.26662303    0.0000000000
   16.28845898    0.0000000000
   16.31029492    0.0000000000
   16.33213087    0.0000000000
   16.35396682    0.0000000000
   16.37580277    0.0000000000
   16.39763871    0.0000000000
   16.41947466    0.0000000000
   16.44131061    0.0000000000
   16.46314655    0.0000000000
   16.48498250    0.0000000000
   16.50681845    0.0000000000
   16.52865440    0.0000000000
   16.55049034    0.0000000000
   16.57232629    0.0000000000
   16.59416224    0.0000000000
   16.61599818    0.0000000000
   16.63783413    0.0000000000
   16.65967008    0.0000000000
   16.68150603    0.0000000000
   16.70334197    0.0000000000
   16.72517792    0.0000000000
   16.74701387    0.0000000000
   16.76884981    0.0000000000
   16.79068576    0.0000000000
   16.81252171    0.0000000000
   16.83435766    0.0000000000
   16.85619360    0.0000000000
   16.87802955    0.0000000000
   16.89986550    0.0000000000
   16.92170144    0.0000000000
   16.94353739    0.0000000000
   16.96537334    0.0000000000
   16.98720929    0.0000000000
   17.00904523    0.0000000000
   17.03088118    0.0000000000
   17.05271713    0.0000000000
   17.07455307    0.0000000000
   17.09638902    0.0000000000
   17.11822497    0.0000000000
   17.14006092    0.0000000000
   17.16189686    0.0000000000
   17.18373281    0.0000000000
   17.20556876    0.0000000000
   17.22740470    0.0000000000
   17.24924065    0.0000000000
   17.27107660    0.0000000000
   17.29291255    0.0000000000
   17.31474849    0.0000000000
   17.33658444    0.0000000000
   17.35842039    0.0000000000
   17.38025634    0.0000000000
   17.40209228    0.0000000000
   17.42392823    0.0000000000
   17.44576418    0.0000000000
   17.46760012    0.0000000000
   17.48943607    0.0000000000
   17.51127202    0.0000000000
   17.53310797    0.0000000000
   17.55494391    0.0000000000
   17.57677986    0.0000000000
   17.59861581    0.0000000000
   17.62045175    0.0000000000
