#  Energy (eV) |  DOS (states/eV)
  -26.55102884    0.0000000000
  -26.53289410    0.0000000000
  -26.51475935    0.0000000000
  -26.49662461    0.0000000000
  -26.47848986    0.0000000000
  -26.46035512    0.0000000000
  -26.44222037    0.0000000000
  -26.42408563    0.0000000000
  -26.40595088    0.0000000000
  -26.38781614    0.0000000000
  -26.36968139    0.0000000000
  -26.35154665    0.0000000000
  -26.33341191    0.0000000000
  -26.31527716    0.0000000000
  -26.29714242    0.0000000000
  -26.27900767    0.0000000000
  -26.26087293    0.0000000000
  -26.24273818    0.0000000000
  -26.22460344    0.0000000000
  -26.20646869    0.0000000000
  -26.18833395    0.0000000000
  -26.17019920    0.0000000000
  -26.15206446    0.0000000000
  -26.13392971    0.0000000000
  -26.11579497    0.0000000000
  -26.09766023    0.0000000000
  -26.07952548    0.0000000000
  -26.06139074    0.0000000000
  -26.04325599    0.0000000000
  -26.02512125    0.0000000000
  -26.00698650    0.0000000000
  -25.98885176    0.0000000000
  -25.97071701    0.0000000000
  -25.95258227    0.0000000000
  -25.93444752    0.0000000000
  -25.91631278    0.0000000000
  -25.89817803    0.0000000000
  -25.88004329    0.0000000000
  -25.86190854    0.0000000000
  -25.84377380    0.0000000000
  -25.82563906    0.0000000000
  -25.80750431    0.0000000000
  -25.78936957    0.0000000000
  -25.77123482    0.0000000000
  -25.75310008    0.0000000000
  -25.73496533    0.0000000000
  -25.71683059    0.0000000000
  -25.69869584    0.0000000000
  -25.68056110    0.0000000000
  -25.66242635    0.0000000000
  -25.64429161    0.0000000000
  -25.62615686    0.0000000000
  -25.60802212    0.0000000000
  -25.58988738    0.0000000000
  -25.57175263    0.0000000000
  -25.55361789    0.0000000000
  -25.53548314    0.0000000000
  -25.51734840    0.0000000000
  -25.49921365    0.0000000000
  -25.48107891    0.0000000000
  -25.46294416    0.0000000000
  -25.44480942    0.0000000000
  -25.42667467    0.0000000000
  -25.40853993    0.0000000000
  -25.39040518    0.0000000000
  -25.37227044    0.0000000000
  -25.35413570    0.0000000000
  -25.33600095    0.0000000000
  -25.31786621    0.0000000000
  -25.29973146    0.0000000000
  -25.28159672    0.0000000000
  -25.26346197    0.0000000000
  -25.24532723    0.0000000000
  -25.22719248    0.0000000000
  -25.20905774    0.0000000000
  -25.19092299    0.0000000000
  -25.17278825    0.0000000000
  -25.15465350    0.0000000000
  -25.13651876    0.0000000000
  -25.11838402    0.0000000000
  -25.10024927    0.0000000000
  -25.08211453    0.0000000000
  -25.06397978    0.0000000000
  -25.04584504    0.0000000000
  -25.02771029    0.0000000000
  -25.00957555    0.0000000000
  -24.99144080    0.0000000000
  -24.97330606    0.0000000000
  -24.95517131    0.0000000000
  -24.93703657    0.0000000000
  -24.91890182    0.0000000000
  -24.90076708    0.0000000000
  -24.88263233    0.0000000000
  -24.86449759    0.0000000000
  -24.84636285    0.0000000000
  -24.82822810    0.0000000000
  -24.81009336    0.0000000000
  -24.79195861    0.0000000000
  -24.77382387    0.0000000000
  -24.75568912    0.0000000000
  -24.73755438    0.0000000000
  -24.71941963    0.0000000000
  -24.70128489    0.0000000000
  -24.68315014    0.0000000000
  -24.66501540    0.0000000000
  -24.64688065    0.0000000000
  -24.62874591    0.0000000000
  -24.61061117    0.0000000000
  -24.59247642    0.0000000000
  -24.57434168    0.0000000000
  -24.55620693    0.0000000000
  -24.53807219    0.0000000000
  -24.51993744    0.0000000000
  -24.50180270    0.0000000000
  -24.48366795    0.0000000000
  -24.46553321    0.0000000000
  -24.44739846    0.0000000000
  -24.42926372    0.0000000000
  -24.41112897    0.0000000000
  -24.39299423    0.0000000000
  -24.37485949    0.0000000000
  -24.35672474    0.0000000000
  -24.33859000    0.0000000000
  -24.32045525    0.0000000000
  -24.30232051    0.0000000000
  -24.28418576    0.0000000000
  -24.26605102    0.0000000000
  -24.24791627    0.0000000000
  -24.22978153    0.0000000000
  -24.21164678    0.0000000000
  -24.19351204    0.0000000000
  -24.17537729    0.0000000000
  -24.15724255    0.0000000000
  -24.13910780    0.0000000002
  -24.12097306    0.0000000008
  -24.10283832    0.0000000032
  -24.08470357    0.0000000125
  -24.06656883    0.0000000469
  -24.04843408    0.0000001674
  -24.03029934    0.0000005715
  -24.01216459    0.0000018640
  -23.99402985    0.0000058080
  -23.97589510    0.0000172906
  -23.95776036    0.0000491810
  -23.93962561    0.0001336542
  -23.92149087    0.0003470309
  -23.90335612    0.0008609012
  -23.88522138    0.0020405076
  -23.86708664    0.0046208609
  -23.84895189    0.0099978664
  -23.83081715    0.0206676702
  -23.81268240    0.0408202327
  -23.79454766    0.0770298744
  -23.77641291    0.1388809449
  -23.75827817    0.2392356490
  -23.74014342    0.3937394115
  -23.72200868    0.6191439592
  -23.70387393    0.9301953238
  -23.68573919    1.3352310518
  -23.66760444    1.8312112806
  -23.64946970    2.3994971926
  -23.63133496    3.0040129255
  -23.61320021    3.5932142023
  -23.59506547    4.1064276723
  -23.57693072    4.4837873556
  -23.55879598    4.6776271081
  -23.54066123    4.6623615356
  -23.52252649    4.4400315527
  -23.50439174    4.0398563751
  -23.48625700    3.5119275991
  -23.46812225    2.9169228491
  -23.44998751    2.3147499883
  -23.43185276    1.7550237519
  -23.41371802    1.2713398673
  -23.39558327    0.8799137279
  -23.37744853    0.5818597023
  -23.35931379    0.3676175422
  -23.34117904    0.2219084979
  -23.32304430    0.1279827389
  -23.30490955    0.0705226504
  -23.28677481    0.0371283468
  -23.26864006    0.0186759351
  -23.25050532    0.0089755044
  -23.23237057    0.0041213085
  -23.21423583    0.0018080530
  -23.19610108    0.0007578564
  -23.17796634    0.0003035026
  -23.15983159    0.0001161282
  -23.14169685    0.0000424534
  -23.12356211    0.0000148282
  -23.10542736    0.0000049484
  -23.08729262    0.0000015777
  -23.06915787    0.0000004806
  -23.05102313    0.0000001399
  -23.03288838    0.0000000389
  -23.01475364    0.0000000103
  -22.99661889    0.0000000026
  -22.97848415    0.0000000006
  -22.96034940    0.0000000001
  -22.94221466    0.0000000000
  -22.92407991    0.0000000000
  -22.90594517    0.0000000000
  -22.88781043    0.0000000000
  -22.86967568    0.0000000000
  -22.85154094    0.0000000000
  -22.83340619    0.0000000000
  -22.81527145    0.0000000000
  -22.79713670    0.0000000000
  -22.77900196    0.0000000000
  -22.76086721    0.0000000000
  -22.74273247    0.0000000000
  -22.72459772    0.0000000000
  -22.70646298    0.0000000000
  -22.68832823    0.0000000000
  -22.67019349    0.0000000000
  -22.65205874    0.0000000000
  -22.63392400    0.0000000000
  -22.61578926    0.0000000000
  -22.59765451    0.0000000000
  -22.57951977    0.0000000000
  -22.56138502    0.0000000000
  -22.54325028    0.0000000000
  -22.52511553    0.0000000000
  -22.50698079    0.0000000000
  -22.48884604    0.0000000000
  -22.47071130    0.0000000000
  -22.45257655    0.0000000000
  -22.43444181    0.0000000000
  -22.41630706    0.0000000000
  -22.39817232    0.0000000000
  -22.38003758    0.0000000000
  -22.36190283    0.0000000000
  -22.34376809    0.0000000000
  -22.32563334    0.0000000000
  -22.30749860    0.0000000000
  -22.28936385    0.0000000000
  -22.27122911    0.0000000000
  -22.25309436    0.0000000000
  -22.23495962    0.0000000000
  -22.21682487    0.0000000000
  -22.19869013    0.0000000000
  -22.18055538    0.0000000000
  -22.16242064    0.0000000000
  -22.14428590    0.0000000000
  -22.12615115    0.0000000000
  -22.10801641    0.0000000000
  -22.08988166    0.0000000000
  -22.07174692    0.0000000000
  -22.05361217    0.0000000000
  -22.03547743    0.0000000000
  -22.01734268    0.0000000000
  -21.99920794    0.0000000000
  -21.98107319    0.0000000000
  -21.96293845    0.0000000000
  -21.94480370    0.0000000000
  -21.92666896    0.0000000000
  -21.90853422    0.0000000000
  -21.89039947    0.0000000000
  -21.87226473    0.0000000000
  -21.85412998    0.0000000000
  -21.83599524    0.0000000000
  -21.81786049    0.0000000000
  -21.79972575    0.0000000000
  -21.78159100    0.0000000000
  -21.76345626    0.0000000000
  -21.74532151    0.0000000000
  -21.72718677    0.0000000000
  -21.70905202    0.0000000000
  -21.69091728    0.0000000000
  -21.67278253    0.0000000000
  -21.65464779    0.0000000000
  -21.63651305    0.0000000000
  -21.61837830    0.0000000000
  -21.60024356    0.0000000000
  -21.58210881    0.0000000000
  -21.56397407    0.0000000000
  -21.54583932    0.0000000000
  -21.52770458    0.0000000000
  -21.50956983    0.0000000000
  -21.49143509    0.0000000000
  -21.47330034    0.0000000000
  -21.45516560    0.0000000000
  -21.43703085    0.0000000000
  -21.41889611    0.0000000000
  -21.40076137    0.0000000000
  -21.38262662    0.0000000000
  -21.36449188    0.0000000000
  -21.34635713    0.0000000000
  -21.32822239    0.0000000000
  -21.31008764    0.0000000000
  -21.29195290    0.0000000000
  -21.27381815    0.0000000000
  -21.25568341    0.0000000000
  -21.23754866    0.0000000000
  -21.21941392    0.0000000000
  -21.20127917    0.0000000000
  -21.18314443    0.0000000000
  -21.16500969    0.0000000000
  -21.14687494    0.0000000000
  -21.12874020    0.0000000000
  -21.11060545    0.0000000000
  -21.09247071    0.0000000000
  -21.07433596    0.0000000000
  -21.05620122    0.0000000000
  -21.03806647    0.0000000000
  -21.01993173    0.0000000000
  -21.00179698    0.0000000000
  -20.98366224    0.0000000000
  -20.96552749    0.0000000000
  -20.94739275    0.0000000000
  -20.92925800    0.0000000000
  -20.91112326    0.0000000000
  -20.89298852    0.0000000000
  -20.87485377    0.0000000000
  -20.85671903    0.0000000000
  -20.83858428    0.0000000000
  -20.82044954    0.0000000000
  -20.80231479    0.0000000000
  -20.78418005    0.0000000000
  -20.76604530    0.0000000000
  -20.74791056    0.0000000000
  -20.72977581    0.0000000000
  -20.71164107    0.0000000000
  -20.69350632    0.0000000000
  -20.67537158    0.0000000000
  -20.65723684    0.0000000000
  -20.63910209    0.0000000000
  -20.62096735    0.0000000000
  -20.60283260    0.0000000000
  -20.58469786    0.0000000000
  -20.56656311    0.0000000000
  -20.54842837    0.0000000000
  -20.53029362    0.0000000000
  -20.51215888    0.0000000000
  -20.49402413    0.0000000000
  -20.47588939    0.0000000000
  -20.45775464    0.0000000000
  -20.43961990    0.0000000000
  -20.42148516    0.0000000000
  -20.40335041    0.0000000000
  -20.38521567    0.0000000000
  -20.36708092    0.0000000000
  -20.34894618    0.0000000000
  -20.33081143    0.0000000000
  -20.31267669    0.0000000000
  -20.29454194    0.0000000000
  -20.27640720    0.0000000000
  -20.25827245    0.0000000000
  -20.24013771    0.0000000000
  -20.22200296    0.0000000000
  -20.20386822    0.0000000000
  -20.18573347    0.0000000000
  -20.16759873    0.0000000000
  -20.14946399    0.0000000000
  -20.13132924    0.0000000000
  -20.11319450    0.0000000000
  -20.09505975    0.0000000000
  -20.07692501    0.0000000000
  -20.05879026    0.0000000000
  -20.04065552    0.0000000000
  -20.02252077    0.0000000000
  -20.00438603    0.0000000000
  -19.98625128    0.0000000000
  -19.96811654    0.0000000000
  -19.94998179    0.0000000000
  -19.93184705    0.0000000000
  -19.91371231    0.0000000000
  -19.89557756    0.0000000000
  -19.87744282    0.0000000000
  -19.85930807    0.0000000000
  -19.84117333    0.0000000000
  -19.82303858    0.0000000000
  -19.80490384    0.0000000000
  -19.78676909    0.0000000000
  -19.76863435    0.0000000000
  -19.75049960    0.0000000000
  -19.73236486    0.0000000000
  -19.71423011    0.0000000000
  -19.69609537    0.0000000000
  -19.67796063    0.0000000000
  -19.65982588    0.0000000000
  -19.64169114    0.0000000000
  -19.62355639    0.0000000000
  -19.60542165    0.0000000000
  -19.58728690    0.0000000000
  -19.56915216    0.0000000000
  -19.55101741    0.0000000000
  -19.53288267    0.0000000000
  -19.51474792    0.0000000000
  -19.49661318    0.0000000000
  -19.47847843    0.0000000000
  -19.46034369    0.0000000000
  -19.44220894    0.0000000000
  -19.42407420    0.0000000000
  -19.40593946    0.0000000000
  -19.38780471    0.0000000000
  -19.36966997    0.0000000000
  -19.35153522    0.0000000000
  -19.33340048    0.0000000000
  -19.31526573    0.0000000000
  -19.29713099    0.0000000000
  -19.27899624    0.0000000000
  -19.26086150    0.0000000000
  -19.24272675    0.0000000000
  -19.22459201    0.0000000000
  -19.20645726    0.0000000000
  -19.18832252    0.0000000000
  -19.17018778    0.0000000000
  -19.15205303    0.0000000000
  -19.13391829    0.0000000000
  -19.11578354    0.0000000000
  -19.09764880    0.0000000000
  -19.07951405    0.0000000000
  -19.06137931    0.0000000000
  -19.04324456    0.0000000000
  -19.02510982    0.0000000000
  -19.00697507    0.0000000000
  -18.98884033    0.0000000000
  -18.97070558    0.0000000000
  -18.95257084    0.0000000000
  -18.93443610    0.0000000000
  -18.91630135    0.0000000000
  -18.89816661    0.0000000000
  -18.88003186    0.0000000000
  -18.86189712    0.0000000000
  -18.84376237    0.0000000000
  -18.82562763    0.0000000000
  -18.80749288    0.0000000000
  -18.78935814    0.0000000000
  -18.77122339    0.0000000000
  -18.75308865    0.0000000000
  -18.73495390    0.0000000000
  -18.71681916    0.0000000000
  -18.69868442    0.0000000000
  -18.68054967    0.0000000000
  -18.66241493    0.0000000000
  -18.64428018    0.0000000000
  -18.62614544    0.0000000000
  -18.60801069    0.0000000000
  -18.58987595    0.0000000000
  -18.57174120    0.0000000000
  -18.55360646    0.0000000000
  -18.53547171    0.0000000000
  -18.51733697    0.0000000000
  -18.49920222    0.0000000000
  -18.48106748    0.0000000000
  -18.46293273    0.0000000000
  -18.44479799    0.0000000000
  -18.42666325    0.0000000000
  -18.40852850    0.0000000000
  -18.39039376    0.0000000000
  -18.37225901    0.0000000000
  -18.35412427    0.0000000000
  -18.33598952    0.0000000000
  -18.31785478    0.0000000000
  -18.29972003    0.0000000000
  -18.28158529    0.0000000000
  -18.26345054    0.0000000000
  -18.24531580    0.0000000000
  -18.22718105    0.0000000000
  -18.20904631    0.0000000000
  -18.19091157    0.0000000000
  -18.17277682    0.0000000000
  -18.15464208    0.0000000000
  -18.13650733    0.0000000000
  -18.11837259    0.0000000000
  -18.10023784    0.0000000000
  -18.08210310    0.0000000000
  -18.06396835    0.0000000000
  -18.04583361    0.0000000000
  -18.02769886    0.0000000000
  -18.00956412    0.0000000000
  -17.99142937    0.0000000000
  -17.97329463    0.0000000000
  -17.95515989    0.0000000000
  -17.93702514    0.0000000000
  -17.91889040    0.0000000000
  -17.90075565    0.0000000000
  -17.88262091    0.0000000000
  -17.86448616    0.0000000000
  -17.84635142    0.0000000000
  -17.82821667    0.0000000000
  -17.81008193    0.0000000000
  -17.79194718    0.0000000000
  -17.77381244    0.0000000000
  -17.75567769    0.0000000000
  -17.73754295    0.0000000000
  -17.71940820    0.0000000000
  -17.70127346    0.0000000000
  -17.68313872    0.0000000000
  -17.66500397    0.0000000000
  -17.64686923    0.0000000000
  -17.62873448    0.0000000000
  -17.61059974    0.0000000000
  -17.59246499    0.0000000000
  -17.57433025    0.0000000000
  -17.55619550    0.0000000000
  -17.53806076    0.0000000000
  -17.51992601    0.0000000000
  -17.50179127    0.0000000000
  -17.48365652    0.0000000000
  -17.46552178    0.0000000000
  -17.44738704    0.0000000000
  -17.42925229    0.0000000000
  -17.41111755    0.0000000000
  -17.39298280    0.0000000000
  -17.37484806    0.0000000000
  -17.35671331    0.0000000000
  -17.33857857    0.0000000000
  -17.32044382    0.0000000000
  -17.30230908    0.0000000000
  -17.28417433    0.0000000000
  -17.26603959    0.0000000000
  -17.24790484    0.0000000000
  -17.22977010    0.0000000000
  -17.21163536    0.0000000000
  -17.19350061    0.0000000000
  -17.17536587    0.0000000000
  -17.15723112    0.0000000000
  -17.13909638    0.0000000000
  -17.12096163    0.0000000000
  -17.10282689    0.0000000000
  -17.08469214    0.0000000000
  -17.06655740    0.0000000000
  -17.04842265    0.0000000000
  -17.03028791    0.0000000000
  -17.01215316    0.0000000000
  -16.99401842    0.0000000000
  -16.97588367    0.0000000000
  -16.95774893    0.0000000000
  -16.93961419    0.0000000000
  -16.92147944    0.0000000000
  -16.90334470    0.0000000000
  -16.88520995    0.0000000000
  -16.86707521    0.0000000000
  -16.84894046    0.0000000000
  -16.83080572    0.0000000000
  -16.81267097    0.0000000000
  -16.79453623    0.0000000000
  -16.77640148    0.0000000000
  -16.75826674    0.0000000000
  -16.74013199    0.0000000000
  -16.72199725    0.0000000000
  -16.70386251    0.0000000000
  -16.68572776    0.0000000000
  -16.66759302    0.0000000000
  -16.64945827    0.0000000000
  -16.63132353    0.0000000000
  -16.61318878    0.0000000000
  -16.59505404    0.0000000000
  -16.57691929    0.0000000000
  -16.55878455    0.0000000000
  -16.54064980    0.0000000000
  -16.52251506    0.0000000000
  -16.50438031    0.0000000000
  -16.48624557    0.0000000000
  -16.46811083    0.0000000000
  -16.44997608    0.0000000000
  -16.43184134    0.0000000000
  -16.41370659    0.0000000000
  -16.39557185    0.0000000000
  -16.37743710    0.0000000000
  -16.35930236    0.0000000000
  -16.34116761    0.0000000000
  -16.32303287    0.0000000000
  -16.30489812    0.0000000000
  -16.28676338    0.0000000000
  -16.26862863    0.0000000000
  -16.25049389    0.0000000000
  -16.23235914    0.0000000000
  -16.21422440    0.0000000000
  -16.19608966    0.0000000000
  -16.17795491    0.0000000000
  -16.15982017    0.0000000000
  -16.14168542    0.0000000000
  -16.12355068    0.0000000000
  -16.10541593    0.0000000000
  -16.08728119    0.0000000000
  -16.06914644    0.0000000000
  -16.05101170    0.0000000000
  -16.03287695    0.0000000000
  -16.01474221    0.0000000000
  -15.99660746    0.0000000000
  -15.97847272    0.0000000000
  -15.96033798    0.0000000000
  -15.94220323    0.0000000000
  -15.92406849    0.0000000000
  -15.90593374    0.0000000000
  -15.88779900    0.0000000000
  -15.86966425    0.0000000000
  -15.85152951    0.0000000000
  -15.83339476    0.0000000000
  -15.81526002    0.0000000000
  -15.79712527    0.0000000000
  -15.77899053    0.0000000000
  -15.76085578    0.0000000000
  -15.74272104    0.0000000000
  -15.72458630    0.0000000000
  -15.70645155    0.0000000000
  -15.68831681    0.0000000000
  -15.67018206    0.0000000000
  -15.65204732    0.0000000000
  -15.63391257    0.0000000000
  -15.61577783    0.0000000000
  -15.59764308    0.0000000000
  -15.57950834    0.0000000000
  -15.56137359    0.0000000000
  -15.54323885    0.0000000000
  -15.52510410    0.0000000000
  -15.50696936    0.0000000000
  -15.48883462    0.0000000000
  -15.47069987    0.0000000000
  -15.45256513    0.0000000000
  -15.43443038    0.0000000000
  -15.41629564    0.0000000000
  -15.39816089    0.0000000000
  -15.38002615    0.0000000000
  -15.36189140    0.0000000000
  -15.34375666    0.0000000000
  -15.32562191    0.0000000000
  -15.30748717    0.0000000000
  -15.28935242    0.0000000000
  -15.27121768    0.0000000000
  -15.25308293    0.0000000000
  -15.23494819    0.0000000000
  -15.21681345    0.0000000000
  -15.19867870    0.0000000000
  -15.18054396    0.0000000000
  -15.16240921    0.0000000000
  -15.14427447    0.0000000000
  -15.12613972    0.0000000000
  -15.10800498    0.0000000000
  -15.08987023    0.0000000000
  -15.07173549    0.0000000000
  -15.05360074    0.0000000000
  -15.03546600    0.0000000000
  -15.01733125    0.0000000000
  -14.99919651    0.0000000000
  -14.98106177    0.0000000000
  -14.96292702    0.0000000000
  -14.94479228    0.0000000000
  -14.92665753    0.0000000000
  -14.90852279    0.0000000000
  -14.89038804    0.0000000000
  -14.87225330    0.0000000000
  -14.85411855    0.0000000000
  -14.83598381    0.0000000000
  -14.81784906    0.0000000000
  -14.79971432    0.0000000000
  -14.78157957    0.0000000000
  -14.76344483    0.0000000000
  -14.74531009    0.0000000000
  -14.72717534    0.0000000000
  -14.70904060    0.0000000000
  -14.69090585    0.0000000000
  -14.67277111    0.0000000000
  -14.65463636    0.0000000000
  -14.63650162    0.0000000000
  -14.61836687    0.0000000000
  -14.60023213    0.0000000000
  -14.58209738    0.0000000000
  -14.56396264    0.0000000000
  -14.54582789    0.0000000000
  -14.52769315    0.0000000000
  -14.50955840    0.0000000000
  -14.49142366    0.0000000000
  -14.47328892    0.0000000000
  -14.45515417    0.0000000000
  -14.43701943    0.0000000000
  -14.41888468    0.0000000000
  -14.40074994    0.0000000000
  -14.38261519    0.0000000000
  -14.36448045    0.0000000000
  -14.34634570    0.0000000000
  -14.32821096    0.0000000000
  -14.31007621    0.0000000000
  -14.29194147    0.0000000000
  -14.27380672    0.0000000000
  -14.25567198    0.0000000000
  -14.23753724    0.0000000000
  -14.21940249    0.0000000000
  -14.20126775    0.0000000000
  -14.18313300    0.0000000000
  -14.16499826    0.0000000000
  -14.14686351    0.0000000000
  -14.12872877    0.0000000000
  -14.11059402    0.0000000000
  -14.09245928    0.0000000000
  -14.07432453    0.0000000000
  -14.05618979    0.0000000000
  -14.03805504    0.0000000000
  -14.01992030    0.0000000000
  -14.00178556    0.0000000000
  -13.98365081    0.0000000000
  -13.96551607    0.0000000000
  -13.94738132    0.0000000000
  -13.92924658    0.0000000000
  -13.91111183    0.0000000000
  -13.89297709    0.0000000000
  -13.87484234    0.0000000000
  -13.85670760    0.0000000000
  -13.83857285    0.0000000000
  -13.82043811    0.0000000000
  -13.80230336    0.0000000000
  -13.78416862    0.0000000000
  -13.76603387    0.0000000000
  -13.74789913    0.0000000000
  -13.72976439    0.0000000000
  -13.71162964    0.0000000000
  -13.69349490    0.0000000000
  -13.67536015    0.0000000000
  -13.65722541    0.0000000000
  -13.63909066    0.0000000000
  -13.62095592    0.0000000000
  -13.60282117    0.0000000000
  -13.58468643    0.0000000000
  -13.56655168    0.0000000000
  -13.54841694    0.0000000000
  -13.53028219    0.0000000000
  -13.51214745    0.0000000000
  -13.49401271    0.0000000000
  -13.47587796    0.0000000000
  -13.45774322    0.0000000000
  -13.43960847    0.0000000000
  -13.42147373    0.0000000000
  -13.40333898    0.0000000000
  -13.38520424    0.0000000000
  -13.36706949    0.0000000000
  -13.34893475    0.0000000000
  -13.33080000    0.0000000000
  -13.31266526    0.0000000000
  -13.29453051    0.0000000000
  -13.27639577    0.0000000000
  -13.25826103    0.0000000000
  -13.24012628    0.0000000000
  -13.22199154    0.0000000000
  -13.20385679    0.0000000000
  -13.18572205    0.0000000000
  -13.16758730    0.0000000000
  -13.14945256    0.0000000000
  -13.13131781    0.0000000000
  -13.11318307    0.0000000000
  -13.09504832    0.0000000000
  -13.07691358    0.0000000000
  -13.05877883    0.0000000000
  -13.04064409    0.0000000000
  -13.02250934    0.0000000000
  -13.00437460    0.0000000000
  -12.98623986    0.0000000000
  -12.96810511    0.0000000000
  -12.94997037    0.0000000000
  -12.93183562    0.0000000000
  -12.91370088    0.0000000000
  -12.89556613    0.0000000000
  -12.87743139    0.0000000000
  -12.85929664    0.0000000000
  -12.84116190    0.0000000000
  -12.82302715    0.0000000000
  -12.80489241    0.0000000000
  -12.78675766    0.0000000000
  -12.76862292    0.0000000000
  -12.75048818    0.0000000000
  -12.73235343    0.0000000000
  -12.71421869    0.0000000000
  -12.69608394    0.0000000000
  -12.67794920    0.0000000000
  -12.65981445    0.0000000000
  -12.64167971    0.0000000000
  -12.62354496    0.0000000000
  -12.60541022    0.0000000000
  -12.58727547    0.0000000000
  -12.56914073    0.0000000000
  -12.55100598    0.0000000000
  -12.53287124    0.0000000000
  -12.51473650    0.0000000000
  -12.49660175    0.0000000000
  -12.47846701    0.0000000000
  -12.46033226    0.0000000000
  -12.44219752    0.0000000000
  -12.42406277    0.0000000000
  -12.40592803    0.0000000000
  -12.38779328    0.0000000000
  -12.36965854    0.0000000000
  -12.35152379    0.0000000000
  -12.33338905    0.0000000000
  -12.31525430    0.0000000000
  -12.29711956    0.0000000000
  -12.27898482    0.0000000000
  -12.26085007    0.0000000000
  -12.24271533    0.0000000000
  -12.22458058    0.0000000000
  -12.20644584    0.0000000000
  -12.18831109    0.0000000000
  -12.17017635    0.0000000000
  -12.15204160    0.0000000000
  -12.13390686    0.0000000000
  -12.11577211    0.0000000000
  -12.09763737    0.0000000000
  -12.07950262    0.0000000000
  -12.06136788    0.0000000000
  -12.04323313    0.0000000000
  -12.02509839    0.0000000000
  -12.00696365    0.0000000000
  -11.98882890    0.0000000000
  -11.97069416    0.0000000000
  -11.95255941    0.0000000000
  -11.93442467    0.0000000000
  -11.91628992    0.0000000000
  -11.89815518    0.0000000000
  -11.88002043    0.0000000000
  -11.86188569    0.0000000000
  -11.84375094    0.0000000000
  -11.82561620    0.0000000000
  -11.80748145    0.0000000000
  -11.78934671    0.0000000000
  -11.77121197    0.0000000000
  -11.75307722    0.0000000000
  -11.73494248    0.0000000000
  -11.71680773    0.0000000000
  -11.69867299    0.0000000000
  -11.68053824    0.0000000000
  -11.66240350    0.0000000000
  -11.64426875    0.0000000000
  -11.62613401    0.0000000000
  -11.60799926    0.0000000000
  -11.58986452    0.0000000000
  -11.57172977    0.0000000000
  -11.55359503    0.0000000000
  -11.53546029    0.0000000000
  -11.51732554    0.0000000000
  -11.49919080    0.0000000000
  -11.48105605    0.0000000000
  -11.46292131    0.0000000000
  -11.44478656    0.0000000000
  -11.42665182    0.0000000000
  -11.40851707    0.0000000000
  -11.39038233    0.0000000000
  -11.37224758    0.0000000000
  -11.35411284    0.0000000000
  -11.33597809    0.0000000000
  -11.31784335    0.0000000000
  -11.29970860    0.0000000000
  -11.28157386    0.0000000000
  -11.26343912    0.0000000000
  -11.24530437    0.0000000000
  -11.22716963    0.0000000000
  -11.20903488    0.0000000000
  -11.19090014    0.0000000000
  -11.17276539    0.0000000000
  -11.15463065    0.0000000000
  -11.13649590    0.0000000000
  -11.11836116    0.0000000000
  -11.10022641    0.0000000000
  -11.08209167    0.0000000000
  -11.06395692    0.0000000000
  -11.04582218    0.0000000000
  -11.02768744    0.0000000000
  -11.00955269    0.0000000000
  -10.99141795    0.0000000000
  -10.97328320    0.0000000000
  -10.95514846    0.0000000000
  -10.93701371    0.0000000000
  -10.91887897    0.0000000000
  -10.90074422    0.0000000000
  -10.88260948    0.0000000000
  -10.86447473    0.0000000000
  -10.84633999    0.0000000000
  -10.82820524    0.0000000000
  -10.81007050    0.0000000000
  -10.79193576    0.0000000000
  -10.77380101    0.0000000000
  -10.75566627    0.0000000000
  -10.73753152    0.0000000000
  -10.71939678    0.0000000000
  -10.70126203    0.0000000000
  -10.68312729    0.0000000000
  -10.66499254    0.0000000000
  -10.64685780    0.0000000000
  -10.62872305    0.0000000001
  -10.61058831    0.0000000003
  -10.59245356    0.0000000012
  -10.57431882    0.0000000047
  -10.55618407    0.0000000180
  -10.53804933    0.0000000666
  -10.51991459    0.0000002349
  -10.50177984    0.0000007918
  -10.48364510    0.0000025503
  -10.46551035    0.0000078488
  -10.44737561    0.0000230783
  -10.42924086    0.0000648346
  -10.41110612    0.0001740239
  -10.39297137    0.0004462834
  -10.37483663    0.0010934841
  -10.35670188    0.0025598467
  -10.33856714    0.0057255235
  -10.32043239    0.0122353444
  -10.30229765    0.0249814106
  -10.28416291    0.0487323634
  -10.26602816    0.0908275817
  -10.24789342    0.1617401300
  -10.22975867    0.2751804549
  -10.21162393    0.4473187889
  -10.19348918    0.6947306448
  -10.17535444    1.0308976076
  -10.15721969    1.4615523213
  -10.13908495    1.9797618997
  -10.12095020    2.5621899111
  -10.10281546    3.1681769596
  -10.08468071    3.7428920827
  -10.06654597    4.2247881796
  -10.04841123    4.5561953139
  -10.03027648    4.6946096421
  -10.01214174    4.6216430456
   -9.99400699    4.3470343540
   -9.97587225    3.9065150784
   -9.95773750    3.3541748424
   -9.93960276    2.7515768649
   -9.92146801    2.1566385353
   -9.90333327    1.6150011373
   -9.88519852    1.1554949818
   -9.86706378    0.7898835232
   -9.84892903    0.5158908264
   -9.83079429    0.3219232294
   -9.81265955    0.1919316451
   -9.79452480    0.1093303191
   -9.77639006    0.0595023893
   -9.75825531    0.0309405447
   -9.74012057    0.0153716775
   -9.72198582    0.0072964957
   -9.70385108    0.0033090792
   -9.68571633    0.0014338369
   -9.66758159    0.0005935975
   -9.64944684    0.0002347925
   -9.63131210    0.0000887311
   -9.61317735    0.0000320382
   -9.59504261    0.0000110525
   -9.57690786    0.0000036429
   -9.55877312    0.0000011472
   -9.54063838    0.0000003452
   -9.52250363    0.0000000992
   -9.50436889    0.0000000273
   -9.48623414    0.0000000072
   -9.46809940    0.0000000018
   -9.44996465    0.0000000004
   -9.43182991    0.0000000001
   -9.41369516    0.0000000000
   -9.39556042    0.0000000000
   -9.37742567    0.0000000000
   -9.35929093    0.0000000000
   -9.34115618    0.0000000000
   -9.32302144    0.0000000000
   -9.30488670    0.0000000000
   -9.28675195    0.0000000000
   -9.26861721    0.0000000000
   -9.25048246    0.0000000000
   -9.23234772    0.0000000000
   -9.21421297    0.0000000000
   -9.19607823    0.0000000000
   -9.17794348    0.0000000000
   -9.15980874    0.0000000000
   -9.14167399    0.0000000000
   -9.12353925    0.0000000000
   -9.10540450    0.0000000000
   -9.08726976    0.0000000000
   -9.06913502    0.0000000000
   -9.05100027    0.0000000000
   -9.03286553    0.0000000000
   -9.01473078    0.0000000000
   -8.99659604    0.0000000000
   -8.97846129    0.0000000000
   -8.96032655    0.0000000000
   -8.94219180    0.0000000000
   -8.92405706    0.0000000000
   -8.90592231    0.0000000000
   -8.88778757    0.0000000000
   -8.86965282    0.0000000000
   -8.85151808    0.0000000000
   -8.83338333    0.0000000000
   -8.81524859    0.0000000000
   -8.79711385    0.0000000000
   -8.77897910    0.0000000000
   -8.76084436    0.0000000000
   -8.74270961    0.0000000000
   -8.72457487    0.0000000000
   -8.70644012    0.0000000000
   -8.68830538    0.0000000000
   -8.67017063    0.0000000000
   -8.65203589    0.0000000000
   -8.63390114    0.0000000000
   -8.61576640    0.0000000000
   -8.59763165    0.0000000000
   -8.57949691    0.0000000000
   -8.56136217    0.0000000000
   -8.54322742    0.0000000000
   -8.52509268    0.0000000000
   -8.50695793    0.0000000000
   -8.48882319    0.0000000000
   -8.47068844    0.0000000000
   -8.45255370    0.0000000000
   -8.43441895    0.0000000000
   -8.41628421    0.0000000000
   -8.39814946    0.0000000000
   -8.38001472    0.0000000000
   -8.36187997    0.0000000000
   -8.34374523    0.0000000000
   -8.32561049    0.0000000000
   -8.30747574    0.0000000000
   -8.28934100    0.0000000000
   -8.27120625    0.0000000000
   -8.25307151    0.0000000000
   -8.23493676    0.0000000000
   -8.21680202    0.0000000000
   -8.19866727    0.0000000000
   -8.18053253    0.0000000000
   -8.16239778    0.0000000000
   -8.14426304    0.0000000000
   -8.12612829    0.0000000000
   -8.10799355    0.0000000000
   -8.08985880    0.0000000000
   -8.07172406    0.0000000000
   -8.05358932    0.0000000000
   -8.03545457    0.0000000000
   -8.01731983    0.0000000000
   -7.99918508    0.0000000000
   -7.98105034    0.0000000000
   -7.96291559    0.0000000000
   -7.94478085    0.0000000000
   -7.92664610    0.0000000000
   -7.90851136    0.0000000000
   -7.89037661    0.0000000000
   -7.87224187    0.0000000000
   -7.85410712    0.0000000000
   -7.83597238    0.0000000000
   -7.81783764    0.0000000000
   -7.79970289    0.0000000000
   -7.78156815    0.0000000000
   -7.76343340    0.0000000000
   -7.74529866    0.0000000000
   -7.72716391    0.0000000000
   -7.70902917    0.0000000000
   -7.69089442    0.0000000000
   -7.67275968    0.0000000000
   -7.65462493    0.0000000000
   -7.63649019    0.0000000000
   -7.61835544    0.0000000000
   -7.60022070    0.0000000000
   -7.58208596    0.0000000000
   -7.56395121    0.0000000000
   -7.54581647    0.0000000002
   -7.52768172    0.0000000009
   -7.50954698    0.0000000038
   -7.49141223    0.0000000147
   -7.47327749    0.0000000546
   -7.45514274    0.0000001940
   -7.43700800    0.0000006588
   -7.41887325    0.0000021369
   -7.40073851    0.0000066227
   -7.38260376    0.0000196101
   -7.36446902    0.0000554786
   -7.34633427    0.0001499587
   -7.32819953    0.0003872736
   -7.31006479    0.0009555727
   -7.29193004    0.0022527310
   -7.27379530    0.0050740497
   -7.25566055    0.0109194271
   -7.23752581    0.0224514683
   -7.21939106    0.0441051601
   -7.20125632    0.0827816001
   -7.18312157    0.1484492441
   -7.16498683    0.2543442500
   -7.14685208    0.4163567570
   -7.12871734    0.6511920203
   -7.11058259    0.9730883716
   -7.09244785    1.3892975031
   -7.07431311    1.8951255523
   -7.05617836    2.4699063074
   -7.03804362    3.0755495675
   -7.01990887    3.6590196528
   -7.00177413    4.1591684800
   -6.98363938    4.5169787137
   -6.96550464    4.6869393583
   -6.94736989    4.6465475381
   -6.92923515    4.4012009160
   -6.91110040    3.9830133713
   -6.89296566    3.4439123815
   -6.87483091    2.8450649343
   -6.85669617    2.2455980983
   -6.83856143    1.6934471225
   -6.82042668    1.2201437757
   -6.80229194    0.8399436223
   -6.78415719    0.5524449712
   -6.76602245    0.3471583953
   -6.74788770    0.2084328080
   -6.72975296    0.1195650491
   -6.71161821    0.0655303026
   -6.69348347    0.0343146726
   -6.67534872    0.0171679052
   -6.65721398    0.0082064346
   -6.63907923    0.0037479301
   -6.62094449    0.0016354159
   -6.60280975    0.0006818121
   -6.58467500    0.0002715820
   -6.56654026    0.0001033563
   -6.54840551    0.0000375814
   -6.53027077    0.0000130559
   -6.51213602    0.0000043335
   -6.49400128    0.0000013743
   -6.47586653    0.0000004164
   -6.45773179    0.0000001205
   -6.43959704    0.0000000333
   -6.42146230    0.0000000088
   -6.40332755    0.0000000022
   -6.38519281    0.0000000005
   -6.36705806    0.0000000001
   -6.34892332    0.0000000000
   -6.33078858    0.0000000000
   -6.31265383    0.0000000000
   -6.29451909    0.0000000000
   -6.27638434    0.0000000000
   -6.25824960    0.0000000000
   -6.24011485    0.0000000000
   -6.22198011    0.0000000000
   -6.20384536    0.0000000000
   -6.18571062    0.0000000000
   -6.16757587    0.0000000000
   -6.14944113    0.0000000000
   -6.13130638    0.0000000000
   -6.11317164    0.0000000000
   -6.09503690    0.0000000000
   -6.07690215    0.0000000000
   -6.05876741    0.0000000000
   -6.04063266    0.0000000000
   -6.02249792    0.0000000000
   -6.00436317    0.0000000000
   -5.98622843    0.0000000000
   -5.96809368    0.0000000000
   -5.94995894    0.0000000000
   -5.93182419    0.0000000000
   -5.91368945    0.0000000000
   -5.89555470    0.0000000000
   -5.87741996    0.0000000000
   -5.85928522    0.0000000000
   -5.84115047    0.0000000000
   -5.82301573    0.0000000000
   -5.80488098    0.0000000000
   -5.78674624    0.0000000000
   -5.76861149    0.0000000000
   -5.75047675    0.0000000000
   -5.73234200    0.0000000000
   -5.71420726    0.0000000000
   -5.69607251    0.0000000000
   -5.67793777    0.0000000000
   -5.65980302    0.0000000000
   -5.64166828    0.0000000000
   -5.62353353    0.0000000000
   -5.60539879    0.0000000000
   -5.58726405    0.0000000000
   -5.56912930    0.0000000000
   -5.55099456    0.0000000000
   -5.53285981    0.0000000000
   -5.51472507    0.0000000000
   -5.49659032    0.0000000000
   -5.47845558    0.0000000000
   -5.46032083    0.0000000000
   -5.44218609    0.0000000000
   -5.42405134    0.0000000000
   -5.40591660    0.0000000000
   -5.38778185    0.0000000000
   -5.36964711    0.0000000000
   -5.35151237    0.0000000000
   -5.33337762    0.0000000000
   -5.31524288    0.0000000000
   -5.29710813    0.0000000000
   -5.27897339    0.0000000000
   -5.26083864    0.0000000000
   -5.24270390    0.0000000000
   -5.22456915    0.0000000000
   -5.20643441    0.0000000000
   -5.18829966    0.0000000000
   -5.17016492    0.0000000000
   -5.15203017    0.0000000000
   -5.13389543    0.0000000000
   -5.11576069    0.0000000000
   -5.09762594    0.0000000000
   -5.07949120    0.0000000000
   -5.06135645    0.0000000000
   -5.04322171    0.0000000000
   -5.02508696    0.0000000000
   -5.00695222    0.0000000000
   -4.98881747    0.0000000000
   -4.97068273    0.0000000000
   -4.95254798    0.0000000000
   -4.93441324    0.0000000000
   -4.91627849    0.0000000000
   -4.89814375    0.0000000001
   -4.88000900    0.0000000005
   -4.86187426    0.0000000020
   -4.84373952    0.0000000079
   -4.82560477    0.0000000300
   -4.80747003    0.0000001088
   -4.78933528    0.0000003774
   -4.77120054    0.0000012501
   -4.75306579    0.0000039564
   -4.73493105    0.0000119637
   -4.71679630    0.0000345645
   -4.69866156    0.0000954098
   -4.68052681    0.0002516262
   -4.66239207    0.0006340426
   -4.64425732    0.0015264438
   -4.62612258    0.0035110982
   -4.60798784    0.0077162251
   -4.58985309    0.0162019230
   -4.57171835    0.0325033406
   -4.55358360    0.0623001644
   -4.53544886    0.1140906743
   -4.51731411    0.1996231298
   -4.49917937    0.3337116234
   -4.48104462    0.5330053482
   -4.46290988    0.8133763855
   -4.44477513    1.1859088554
   -4.42664039    1.6520029718
   -4.40850564    2.1987208573
   -4.39037090    2.7959482438
   -4.37223616    3.3969403384
   -4.35410141    3.9431788017
   -4.33596667    4.3732547978
   -4.31783192    4.6340727969
   -4.29969718    4.6915968085
   -4.28156243    4.5381439984
   -4.26342769    4.1940694914
   -4.24529294    3.7033327133
   -4.22715820    3.1242774968
   -4.20902345    2.5182928342
   -4.19088871    1.9393786862
   -4.17275396    1.4269828933
   -4.15461922    1.0031703209
   -4.13648447    0.6737989701
   -4.11834973    0.4324000848
   -4.10021499    0.2651190640
   -4.08208024    0.1553087430
   -4.06394550    0.0869261834
   -4.04581075    0.0464841697
   -4.02767601    0.0237497643
   -4.00954126    0.0115934659
   -3.99140652    0.0054071328
   -3.97327177    0.0024094646
   -3.95513703    0.0010258262
   -3.93700228    0.0004172793
   -3.91886754    0.0001621734
   -3.90073279    0.0000602188
   -3.88259805    0.0000213641
   -3.86446331    0.0000072416
   -3.84632856    0.0000023452
   -3.82819382    0.0000007257
   -3.81005907    0.0000002145
   -3.79192433    0.0000000606
   -3.77378958    0.0000000164
   -3.75565484    0.0000000042
   -3.73752009    0.0000000010
   -3.71938535    0.0000000002
   -3.70125060    0.0000000001
   -3.68311586    0.0000000000
   -3.66498111    0.0000000000
   -3.64684637    0.0000000000
   -3.62871163    0.0000000000
   -3.61057688    0.0000000000
   -3.59244214    0.0000000000
   -3.57430739    0.0000000000
   -3.55617265    0.0000000000
   -3.53803790    0.0000000000
   -3.51990316    0.0000000000
   -3.50176841    0.0000000000
   -3.48363367    0.0000000000
   -3.46549892    0.0000000000
   -3.44736418    0.0000000000
   -3.42922943    0.0000000000
   -3.41109469    0.0000000000
   -3.39295995    0.0000000000
   -3.37482520    0.0000000000
   -3.35669046    0.0000000000
   -3.33855571    0.0000000000
   -3.32042097    0.0000000000
   -3.30228622    0.0000000000
   -3.28415148    0.0000000000
   -3.26601673    0.0000000000
   -3.24788199    0.0000000000
   -3.22974724    0.0000000000
   -3.21161250    0.0000000000
   -3.19347775    0.0000000000
   -3.17534301    0.0000000000
   -3.15720826    0.0000000000
   -3.13907352    0.0000000000
   -3.12093878    0.0000000000
   -3.10280403    0.0000000000
   -3.08466929    0.0000000000
   -3.06653454    0.0000000000
   -3.04839980    0.0000000000
   -3.03026505    0.0000000000
   -3.01213031    0.0000000000
   -2.99399556    0.0000000000
   -2.97586082    0.0000000000
   -2.95772607    0.0000000000
   -2.93959133    0.0000000000
   -2.92145658    0.0000000000
   -2.90332184    0.0000000000
   -2.88518710    0.0000000000
   -2.86705235    0.0000000000
   -2.84891761    0.0000000000
   -2.83078286    0.0000000000
   -2.81264812    0.0000000000
   -2.79451337    0.0000000000
   -2.77637863    0.0000000000
   -2.75824388    0.0000000000
   -2.74010914    0.0000000000
   -2.72197439    0.0000000000
   -2.70383965    0.0000000000
   -2.68570490    0.0000000000
   -2.66757016    0.0000000000
   -2.64943542    0.0000000000
   -2.63130067    0.0000000000
   -2.61316593    0.0000000000
   -2.59503118    0.0000000000
   -2.57689644    0.0000000000
   -2.55876169    0.0000000000
   -2.54062695    0.0000000000
   -2.52249220    0.0000000000
   -2.50435746    0.0000000000
   -2.48622271    0.0000000000
   -2.46808797    0.0000000000
   -2.44995322    0.0000000000
   -2.43181848    0.0000000000
   -2.41368373    0.0000000000
   -2.39554899    0.0000000000
   -2.37741425    0.0000000000
   -2.35927950    0.0000000000
   -2.34114476    0.0000000000
   -2.32301001    0.0000000000
   -2.30487527    0.0000000000
   -2.28674052    0.0000000000
   -2.26860578    0.0000000000
   -2.25047103    0.0000000000
   -2.23233629    0.0000000000
   -2.21420154    0.0000000000
   -2.19606680    0.0000000000
   -2.17793205    0.0000000000
   -2.15979731    0.0000000000
   -2.14166257    0.0000000000
   -2.12352782    0.0000000000
   -2.10539308    0.0000000000
   -2.08725833    0.0000000000
   -2.06912359    0.0000000000
   -2.05098884    0.0000000000
   -2.03285410    0.0000000000
   -2.01471935    0.0000000000
   -1.99658461    0.0000000000
   -1.97844986    0.0000000000
   -1.96031512    0.0000000000
   -1.94218037    0.0000000000
   -1.92404563    0.0000000000
   -1.90591089    0.0000000000
   -1.88777614    0.0000000000
   -1.86964140    0.0000000000
   -1.85150665    0.0000000000
   -1.83337191    0.0000000000
   -1.81523716    0.0000000000
   -1.79710242    0.0000000000
   -1.77896767    0.0000000000
   -1.76083293    0.0000000000
   -1.74269818    0.0000000000
   -1.72456344    0.0000000000
   -1.70642869    0.0000000000
   -1.68829395    0.0000000000
   -1.67015920    0.0000000000
   -1.65202446    0.0000000000
   -1.63388972    0.0000000000
   -1.61575497    0.0000000000
   -1.59762023    0.0000000000
   -1.57948548    0.0000000000
   -1.56135074    0.0000000000
   -1.54321599    0.0000000000
   -1.52508125    0.0000000000
   -1.50694650    0.0000000000
   -1.48881176    0.0000000000
   -1.47067701    0.0000000000
   -1.45254227    0.0000000000
   -1.43440752    0.0000000000
   -1.41627278    0.0000000000
   -1.39813804    0.0000000000
   -1.38000329    0.0000000000
   -1.36186855    0.0000000000
   -1.34373380    0.0000000000
   -1.32559906    0.0000000000
   -1.30746431    0.0000000000
   -1.28932957    0.0000000000
   -1.27119482    0.0000000000
   -1.25306008    0.0000000000
   -1.23492533    0.0000000000
   -1.21679059    0.0000000000
   -1.19865584    0.0000000000
   -1.18052110    0.0000000000
   -1.16238636    0.0000000000
   -1.14425161    0.0000000000
   -1.12611687    0.0000000000
   -1.10798212    0.0000000000
   -1.08984738    0.0000000000
   -1.07171263    0.0000000000
   -1.05357789    0.0000000000
   -1.03544314    0.0000000000
   -1.01730840    0.0000000000
   -0.99917365    0.0000000000
   -0.98103891    0.0000000000
   -0.96290416    0.0000000000
   -0.94476942    0.0000000000
   -0.92663467    0.0000000000
   -0.90849993    0.0000000000
   -0.89036519    0.0000000000
   -0.87223044    0.0000000000
   -0.85409570    0.0000000000
   -0.83596095    0.0000000000
   -0.81782621    0.0000000000
   -0.79969146    0.0000000000
   -0.78155672    0.0000000000
   -0.76342197    0.0000000000
   -0.74528723    0.0000000000
   -0.72715248    0.0000000000
   -0.70901774    0.0000000000
   -0.69088299    0.0000000000
   -0.67274825    0.0000000000
   -0.65461351    0.0000000000
   -0.63647876    0.0000000000
   -0.61834402    0.0000000000
   -0.60020927    0.0000000000
   -0.58207453    0.0000000000
   -0.56393978    0.0000000000
   -0.54580504    0.0000000000
   -0.52767029    0.0000000000
   -0.50953555    0.0000000000
   -0.49140080    0.0000000000
   -0.47326606    0.0000000000
   -0.45513131    0.0000000000
   -0.43699657    0.0000000000
   -0.41886183    0.0000000000
   -0.40072708    0.0000000000
   -0.38259234    0.0000000000
   -0.36445759    0.0000000000
   -0.34632285    0.0000000000
   -0.32818810    0.0000000000
   -0.31005336    0.0000000000
   -0.29191861    0.0000000000
   -0.27378387    0.0000000000
   -0.25564912    0.0000000000
   -0.23751438    0.0000000000
   -0.21937963    0.0000000000
   -0.20124489    0.0000000000
   -0.18311015    0.0000000000
   -0.16497540    0.0000000000
   -0.14684066    0.0000000000
   -0.12870591    0.0000000000
   -0.11057117    0.0000000000
   -0.09243642    0.0000000000
   -0.07430168    0.0000000000
   -0.05616693    0.0000000000
   -0.03803219    0.0000000000
   -0.01989744    0.0000000000
   -0.00176270    0.0000000000
    0.01637205    0.0000000000
    0.03450679    0.0000000000
    0.05264154    0.0000000000
    0.07077628    0.0000000000
    0.08891102    0.0000000000
    0.10704577    0.0000000000
    0.12518051    0.0000000000
    0.14331526    0.0000000000
    0.16145000    0.0000000000
    0.17958475    0.0000000000
    0.19771949    0.0000000000
    0.21585424    0.0000000000
    0.23398898    0.0000000000
    0.25212373    0.0000000000
    0.27025847    0.0000000000
    0.28839322    0.0000000000
    0.30652796    0.0000000000
    0.32466270    0.0000000000
    0.34279745    0.0000000000
    0.36093219    0.0000000000
    0.37906694    0.0000000000
    0.39720168    0.0000000000
    0.41533643    0.0000000000
    0.43347117    0.0000000000
    0.45160592    0.0000000000
    0.46974066    0.0000000000
    0.48787541    0.0000000000
    0.50601015    0.0000000000
    0.52414490    0.0000000000
    0.54227964    0.0000000000
    0.56041438    0.0000000000
    0.57854913    0.0000000000
    0.59668387    0.0000000000
    0.61481862    0.0000000000
    0.63295336    0.0000000000
    0.65108811    0.0000000000
    0.66922285    0.0000000000
    0.68735760    0.0000000000
    0.70549234    0.0000000000
    0.72362709    0.0000000000
    0.74176183    0.0000000000
    0.75989658    0.0000000000
    0.77803132    0.0000000000
    0.79616607    0.0000000000
    0.81430081    0.0000000000
    0.83243555    0.0000000000
    0.85057030    0.0000000000
    0.86870504    0.0000000000
    0.88683979    0.0000000000
    0.90497453    0.0000000000
    0.92310928    0.0000000000
    0.94124402    0.0000000000
    0.95937877    0.0000000000
    0.97751351    0.0000000000
    0.99564826    0.0000000000
    1.01378300    0.0000000000
    1.03191775    0.0000000000
    1.05005249    0.0000000000
    1.06818723    0.0000000000
    1.08632198    0.0000000000
    1.10445672    0.0000000000
    1.12259147    0.0000000000
    1.14072621    0.0000000000
    1.15886096    0.0000000000
    1.17699570    0.0000000000
    1.19513045    0.0000000000
    1.21326519    0.0000000000
    1.23139994    0.0000000000
    1.24953468    0.0000000000
    1.26766943    0.0000000000
    1.28580417    0.0000000000
    1.30393891    0.0000000000
    1.32207366    0.0000000000
    1.34020840    0.0000000000
    1.35834315    0.0000000000
    1.37647789    0.0000000000
    1.39461264    0.0000000000
    1.41274738    0.0000000000
    1.43088213    0.0000000000
    1.44901687    0.0000000000
    1.46715162    0.0000000000
    1.48528636    0.0000000000
    1.50342111    0.0000000000
    1.52155585    0.0000000000
    1.53969060    0.0000000000
    1.55782534    0.0000000000
    1.57596008    0.0000000000
    1.59409483    0.0000000000
    1.61222957    0.0000000000
    1.63036432    0.0000000000
    1.64849906    0.0000000000
    1.66663381    0.0000000000
    1.68476855    0.0000000000
    1.70290330    0.0000000000
    1.72103804    0.0000000000
    1.73917279    0.0000000000
    1.75730753    0.0000000000
    1.77544228    0.0000000000
    1.79357702    0.0000000000
    1.81171176    0.0000000000
    1.82984651    0.0000000000
    1.84798125    0.0000000000
    1.86611600    0.0000000000
    1.88425074    0.0000000000
    1.90238549    0.0000000000
    1.92052023    0.0000000000
    1.93865498    0.0000000000
    1.95678972    0.0000000000
    1.97492447    0.0000000000
    1.99305921    0.0000000000
    2.01119396    0.0000000000
    2.02932870    0.0000000000
    2.04746344    0.0000000000
    2.06559819    0.0000000000
    2.08373293    0.0000000000
    2.10186768    0.0000000000
    2.12000242    0.0000000000
    2.13813717    0.0000000000
    2.15627191    0.0000000000
    2.17440666    0.0000000000
    2.19254140    0.0000000000
    2.21067615    0.0000000000
    2.22881089    0.0000000000
    2.24694564    0.0000000000
    2.26508038    0.0000000000
    2.28321513    0.0000000000
    2.30134987    0.0000000000
    2.31948461    0.0000000000
    2.33761936    0.0000000000
    2.35575410    0.0000000000
    2.37388885    0.0000000000
    2.39202359    0.0000000000
    2.41015834    0.0000000000
    2.42829308    0.0000000000
    2.44642783    0.0000000000
    2.46456257    0.0000000000
    2.48269732    0.0000000000
    2.50083206    0.0000000000
    2.51896681    0.0000000000
    2.53710155    0.0000000000
    2.55523629    0.0000000000
    2.57337104    0.0000000000
    2.59150578    0.0000000000
    2.60964053    0.0000000000
    2.62777527    0.0000000000
    2.64591002    0.0000000000
    2.66404476    0.0000000000
    2.68217951    0.0000000000
    2.70031425    0.0000000000
    2.71844900    0.0000000000
    2.73658374    0.0000000000
    2.75471849    0.0000000000
    2.77285323    0.0000000000
    2.79098797    0.0000000000
    2.80912272    0.0000000000
    2.82725746    0.0000000000
    2.84539221    0.0000000000
    2.86352695    0.0000000000
    2.88166170    0.0000000000
    2.89979644    0.0000000000
    2.91793119    0.0000000000
    2.93606593    0.0000000000
    2.95420068    0.0000000000
    2.97233542    0.0000000000
    2.99047017    0.0000000000
    3.00860491    0.0000000000
    3.02673965    0.0000000000
    3.04487440    0.0000000000
    3.06300914    0.0000000000
    3.08114389    0.0000000000
    3.09927863    0.0000000000
    3.11741338    0.0000000000
    3.13554812    0.0000000000
    3.15368287    0.0000000000
    3.17181761    0.0000000000
    3.18995236    0.0000000000
    3.20808710    0.0000000000
    3.22622185    0.0000000000
    3.24435659    0.0000000000
    3.26249134    0.0000000000
    3.28062608    0.0000000000
    3.29876082    0.0000000000
    3.31689557    0.0000000000
    3.33503031    0.0000000000
    3.35316506    0.0000000000
    3.37129980    0.0000000000
    3.38943455    0.0000000000
    3.40756929    0.0000000000
    3.42570404    0.0000000000
    3.44383878    0.0000000000
    3.46197353    0.0000000000
    3.48010827    0.0000000000
    3.49824302    0.0000000000
    3.51637776    0.0000000000
    3.53451250    0.0000000000
    3.55264725    0.0000000000
    3.57078199    0.0000000000
    3.58891674    0.0000000000
    3.60705148    0.0000000000
    3.62518623    0.0000000000
    3.64332097    0.0000000000
    3.66145572    0.0000000000
    3.67959046    0.0000000000
    3.69772521    0.0000000000
    3.71585995    0.0000000002
    3.73399470    0.0000000008
    3.75212944    0.0000000032
    3.77026418    0.0000000126
    3.78839893    0.0000000471
    3.80653367    0.0000001684
    3.82466842    0.0000005747
    3.84280316    0.0000018737
    3.86093791    0.0000058371
    3.87907265    0.0000173739
    3.89720740    0.0000494075
    3.91534214    0.0001342425
    3.93347689    0.0003484867
    3.95161163    0.0008643356
    3.96974638    0.0020482281
    3.98788112    0.0046373939
    4.00601587    0.0100315816
    4.02415061    0.0207331167
    4.04228535    0.0409411027
    4.06042010    0.0772421297
    4.07855484    0.1392350910
    4.09668959    0.2397965474
    4.11482433    0.3945816718
    4.13295908    0.6203412359
    4.15109382    0.9318031046
    4.16922857    1.3372648059
    4.18736331    1.8336246413
    4.20549806    2.4021671187
    4.22363280    3.0067391955
    4.24176755    3.5957381663
    4.25990229    4.1084700026
    4.27803703    4.4850980388
    4.29617178    4.6780355800
    4.31430652    4.6618131259
    4.33244127    4.4385994989
    4.35057601    4.0377257635
    4.36871076    3.5093560907
    4.38684550    2.9141896840
    4.40498025    2.3121071400
    4.42311499    1.7526607176
    4.44124974    1.2693678975
    4.45938448    0.8783688551
    4.47751923    0.5807190936
    4.49565397    0.3668217197
    4.51378871    0.2213827303
    4.53192346    0.1276533439
    4.55005820    0.0703267280
    4.56819295    0.0370176110
    4.58632769    0.0186164181
    4.60446244    0.0089450674
    4.62259718    0.0041064910
    4.64073193    0.0018011832
    4.65886667    0.0007548222
    4.67700142    0.0003022256
    4.69513616    0.0001156159
    4.71327091    0.0000422575
    4.73140565    0.0000147567
    4.74954040    0.0000049235
    4.76767514    0.0000015695
    4.78580988    0.0000004780
    4.80394463    0.0000001391
    4.82207937    0.0000000387
    4.84021412    0.0000000103
    4.85834886    0.0000000026
    4.87648361    0.0000000006
    4.89461835    0.0000000001
    4.91275310    0.0000000000
    4.93088784    0.0000000000
    4.94902259    0.0000000000
    4.96715733    0.0000000000
    4.98529208    0.0000000000
    5.00342682    0.0000000000
    5.02156156    0.0000000000
    5.03969631    0.0000000000
    5.05783105    0.0000000000
    5.07596580    0.0000000000
    5.09410054    0.0000000000
    5.11223529    0.0000000000
    5.13037003    0.0000000000
    5.14850478    0.0000000000
    5.16663952    0.0000000000
    5.18477427    0.0000000000
    5.20290901    0.0000000000
    5.22104376    0.0000000000
    5.23917850    0.0000000000
    5.25731324    0.0000000000
    5.27544799    0.0000000000
    5.29358273    0.0000000000
    5.31171748    0.0000000000
    5.32985222    0.0000000000
    5.34798697    0.0000000000
    5.36612171    0.0000000000
    5.38425646    0.0000000000
    5.40239120    0.0000000000
    5.42052595    0.0000000000
    5.43866069    0.0000000000
    5.45679544    0.0000000000
    5.47493018    0.0000000000
    5.49306493    0.0000000000
    5.51119967    0.0000000000
    5.52933441    0.0000000000
    5.54746916    0.0000000000
    5.56560390    0.0000000000
    5.58373865    0.0000000000
    5.60187339    0.0000000000
    5.62000814    0.0000000000
    5.63814288    0.0000000000
    5.65627763    0.0000000000
    5.67441237    0.0000000000
    5.69254712    0.0000000000
    5.71068186    0.0000000000
    5.72881661    0.0000000000
    5.74695135    0.0000000000
    5.76508609    0.0000000000
    5.78322084    0.0000000000
    5.80135558    0.0000000000
    5.81949033    0.0000000000
    5.83762507    0.0000000000
    5.85575982    0.0000000000
    5.87389456    0.0000000000
    5.89202931    0.0000000000
    5.91016405    0.0000000000
    5.92829880    0.0000000000
    5.94643354    0.0000000000
    5.96456829    0.0000000000
    5.98270303    0.0000000000
    6.00083777    0.0000000000
    6.01897252    0.0000000000
    6.03710726    0.0000000000
    6.05524201    0.0000000000
    6.07337675    0.0000000000
    6.09151150    0.0000000000
    6.10964624    0.0000000000
    6.12778099    0.0000000001
    6.14591573    0.0000000006
    6.16405048    0.0000000026
    6.18218522    0.0000000103
    6.20031997    0.0000000389
    6.21845471    0.0000001399
    6.23658945    0.0000004806
    6.25472420    0.0000015777
    6.27285894    0.0000049484
    6.29099369    0.0000148282
    6.30912843    0.0000424534
    6.32726318    0.0001161282
    6.34539792    0.0003035026
    6.36353267    0.0007578564
    6.38166741    0.0018080530
    6.39980216    0.0041213085
    6.41793690    0.0089755044
    6.43607165    0.0186759351
    6.45420639    0.0371283468
    6.47234114    0.0705226504
    6.49047588    0.1279827389
    6.50861062    0.2219084979
    6.52674537    0.3676175422
    6.54488011    0.5818597023
    6.56301486    0.8799137279
    6.58114960    1.2713398674
    6.59928435    1.7550237520
    6.61741909    2.3147499883
    6.63555384    2.9169228491
    6.65368858    3.5119275991
    6.67182333    4.0398563751
    6.68995807    4.4400315527
    6.70809282    4.6623615356
    6.72622756    4.6776271080
    6.74436230    4.4837873556
    6.76249705    4.1064276723
    6.78063179    3.5932142022
    6.79876654    3.0040129254
    6.81690128    2.3994971925
    6.83503603    1.8312112806
    6.85317077    1.3352310517
    6.87130552    0.9301953238
    6.88944026    0.6191439592
    6.90757501    0.3937394115
    6.92570975    0.2392356490
    6.94384450    0.1388809449
    6.96197924    0.0770298744
    6.98011398    0.0408202327
    6.99824873    0.0206676702
    7.01638347    0.0099978664
    7.03451822    0.0046208609
    7.05265296    0.0020405076
    7.07078771    0.0008609012
    7.08892245    0.0003470309
    7.10705720    0.0001336542
    7.12519194    0.0000491810
    7.14332669    0.0000172906
    7.16146143    0.0000058080
    7.17959618    0.0000018640
    7.19773092    0.0000005715
    7.21586567    0.0000001674
    7.23400041    0.0000000469
    7.25213515    0.0000000125
    7.27026990    0.0000000032
    7.28840464    0.0000000008
    7.30653939    0.0000000002
    7.32467413    0.0000000000
    7.34280888    0.0000000000
    7.36094362    0.0000000000
    7.37907837    0.0000000000
    7.39721311    0.0000000000
    7.41534786    0.0000000000
    7.43348260    0.0000000000
    7.45161735    0.0000000000
    7.46975209    0.0000000000
    7.48788683    0.0000000000
    7.50602158    0.0000000000
    7.52415632    0.0000000000
    7.54229107    0.0000000000
    7.56042581    0.0000000000
    7.57856056    0.0000000000
    7.59669530    0.0000000000
    7.61483005    0.0000000000
    7.63296479    0.0000000000
    7.65109954    0.0000000000
    7.66923428    0.0000000000
    7.68736903    0.0000000000
    7.70550377    0.0000000000
    7.72363851    0.0000000000
    7.74177326    0.0000000000
    7.75990800    0.0000000000
    7.77804275    0.0000000000
    7.79617749    0.0000000000
    7.81431224    0.0000000000
    7.83244698    0.0000000000
    7.85058173    0.0000000000
    7.86871647    0.0000000000
    7.88685122    0.0000000000
    7.90498596    0.0000000000
    7.92312071    0.0000000000
    7.94125545    0.0000000000
    7.95939020    0.0000000000
    7.97752494    0.0000000000
    7.99565968    0.0000000000
    8.01379443    0.0000000000
    8.03192917    0.0000000000
    8.05006392    0.0000000000
    8.06819866    0.0000000000
    8.08633341    0.0000000000
    8.10446815    0.0000000000
    8.12260290    0.0000000000
    8.14073764    0.0000000000
    8.15887239    0.0000000000
    8.17700713    0.0000000000
    8.19514188    0.0000000000
    8.21327662    0.0000000000
    8.23141136    0.0000000000
    8.24954611    0.0000000000
    8.26768085    0.0000000000
    8.28581560    0.0000000000
    8.30395034    0.0000000000
    8.32208509    0.0000000000
    8.34021983    0.0000000000
    8.35835458    0.0000000000
    8.37648932    0.0000000000
    8.39462407    0.0000000000
    8.41275881    0.0000000000
    8.43089356    0.0000000000
    8.44902830    0.0000000000
    8.46716304    0.0000000000
    8.48529779    0.0000000000
    8.50343253    0.0000000000
    8.52156728    0.0000000000
    8.53970202    0.0000000000
    8.55783677    0.0000000000
    8.57597151    0.0000000000
    8.59410626    0.0000000000
    8.61224100    0.0000000000
    8.63037575    0.0000000000
    8.64851049    0.0000000000
    8.66664524    0.0000000000
    8.68477998    0.0000000000
    8.70291473    0.0000000000
    8.72104947    0.0000000000
    8.73918421    0.0000000000
    8.75731896    0.0000000000
    8.77545370    0.0000000000
    8.79358845    0.0000000000
    8.81172319    0.0000000000
    8.82985794    0.0000000000
    8.84799268    0.0000000000
    8.86612743    0.0000000000
    8.88426217    0.0000000000
    8.90239692    0.0000000000
    8.92053166    0.0000000000
    8.93866641    0.0000000000
    8.95680115    0.0000000000
    8.97493589    0.0000000000
    8.99307064    0.0000000000
    9.01120538    0.0000000000
    9.02934013    0.0000000000
    9.04747487    0.0000000000
    9.06560962    0.0000000000
    9.08374436    0.0000000000
    9.10187911    0.0000000000
    9.12001385    0.0000000000
    9.13814860    0.0000000000
    9.15628334    0.0000000000
    9.17441809    0.0000000000
    9.19255283    0.0000000000
    9.21068757    0.0000000000
    9.22882232    0.0000000000
    9.24695706    0.0000000000
    9.26509181    0.0000000000
    9.28322655    0.0000000000
    9.30136130    0.0000000000
    9.31949604    0.0000000000
    9.33763079    0.0000000000
    9.35576553    0.0000000000
    9.37390028    0.0000000000
    9.39203502    0.0000000000
    9.41016977    0.0000000000
    9.42830451    0.0000000000
    9.44643925    0.0000000000
    9.46457400    0.0000000000
    9.48270874    0.0000000000
    9.50084349    0.0000000000
    9.51897823    0.0000000000
    9.53711298    0.0000000000
    9.55524772    0.0000000000
    9.57338247    0.0000000000
    9.59151721    0.0000000000
    9.60965196    0.0000000000
    9.62778670    0.0000000000
    9.64592145    0.0000000000
    9.66405619    0.0000000000
    9.68219094    0.0000000000
    9.70032568    0.0000000000
    9.71846042    0.0000000000
