#  Energy (eV) |  DOS (states/eV)
  -26.66345171    0.0000000000
  -26.64524100    0.0000000000
  -26.62703029    0.0000000000
  -26.60881958    0.0000000000
  -26.59060887    0.0000000000
  -26.57239817    0.0000000000
  -26.55418746    0.0000000000
  -26.53597675    0.0000000000
  -26.51776604    0.0000000000
  -26.49955533    0.0000000000
  -26.48134462    0.0000000000
  -26.46313391    0.0000000000
  -26.44492321    0.0000000000
  -26.42671250    0.0000000000
  -26.40850179    0.0000000000
  -26.39029108    0.0000000000
  -26.37208037    0.0000000000
  -26.35386966    0.0000000000
  -26.33565895    0.0000000000
  -26.31744825    0.0000000000
  -26.29923754    0.0000000000
  -26.28102683    0.0000000000
  -26.26281612    0.0000000000
  -26.24460541    0.0000000000
  -26.22639470    0.0000000000
  -26.20818399    0.0000000000
  -26.18997329    0.0000000000
  -26.17176258    0.0000000000
  -26.15355187    0.0000000000
  -26.13534116    0.0000000000
  -26.11713045    0.0000000000
  -26.09891974    0.0000000000
  -26.08070904    0.0000000000
  -26.06249833    0.0000000000
  -26.04428762    0.0000000000
  -26.02607691    0.0000000000
  -26.00786620    0.0000000000
  -25.98965549    0.0000000000
  -25.97144478    0.0000000000
  -25.95323408    0.0000000000
  -25.93502337    0.0000000000
  -25.91681266    0.0000000000
  -25.89860195    0.0000000000
  -25.88039124    0.0000000000
  -25.86218053    0.0000000000
  -25.84396982    0.0000000000
  -25.82575912    0.0000000000
  -25.80754841    0.0000000000
  -25.78933770    0.0000000000
  -25.77112699    0.0000000000
  -25.75291628    0.0000000000
  -25.73470557    0.0000000000
  -25.71649486    0.0000000000
  -25.69828416    0.0000000000
  -25.68007345    0.0000000000
  -25.66186274    0.0000000000
  -25.64365203    0.0000000000
  -25.62544132    0.0000000000
  -25.60723061    0.0000000000
  -25.58901990    0.0000000000
  -25.57080920    0.0000000000
  -25.55259849    0.0000000000
  -25.53438778    0.0000000000
  -25.51617707    0.0000000000
  -25.49796636    0.0000000000
  -25.47975565    0.0000000000
  -25.46154494    0.0000000000
  -25.44333424    0.0000000000
  -25.42512353    0.0000000000
  -25.40691282    0.0000000000
  -25.38870211    0.0000000000
  -25.37049140    0.0000000000
  -25.35228069    0.0000000000
  -25.33406998    0.0000000000
  -25.31585928    0.0000000000
  -25.29764857    0.0000000000
  -25.27943786    0.0000000000
  -25.26122715    0.0000000000
  -25.24301644    0.0000000000
  -25.22480573    0.0000000000
  -25.20659502    0.0000000000
  -25.18838432    0.0000000000
  -25.17017361    0.0000000000
  -25.15196290    0.0000000000
  -25.13375219    0.0000000000
  -25.11554148    0.0000000000
  -25.09733077    0.0000000000
  -25.07912006    0.0000000000
  -25.06090936    0.0000000000
  -25.04269865    0.0000000000
  -25.02448794    0.0000000000
  -25.00627723    0.0000000000
  -24.98806652    0.0000000000
  -24.96985581    0.0000000000
  -24.95164510    0.0000000000
  -24.93343440    0.0000000000
  -24.91522369    0.0000000000
  -24.89701298    0.0000000000
  -24.87880227    0.0000000000
  -24.86059156    0.0000000000
  -24.84238085    0.0000000000
  -24.82417014    0.0000000000
  -24.80595944    0.0000000000
  -24.78774873    0.0000000000
  -24.76953802    0.0000000000
  -24.75132731    0.0000000000
  -24.73311660    0.0000000000
  -24.71490589    0.0000000000
  -24.69669518    0.0000000000
  -24.67848448    0.0000000000
  -24.66027377    0.0000000000
  -24.64206306    0.0000000000
  -24.62385235    0.0000000000
  -24.60564164    0.0000000000
  -24.58743093    0.0000000000
  -24.56922022    0.0000000000
  -24.55100952    0.0000000000
  -24.53279881    0.0000000000
  -24.51458810    0.0000000000
  -24.49637739    0.0000000000
  -24.47816668    0.0000000000
  -24.45995597    0.0000000000
  -24.44174526    0.0000000000
  -24.42353456    0.0000000000
  -24.40532385    0.0000000000
  -24.38711314    0.0000000000
  -24.36890243    0.0000000000
  -24.35069172    0.0000000000
  -24.33248101    0.0000000000
  -24.31427030    0.0000000000
  -24.29605960    0.0000000000
  -24.27784889    0.0000000000
  -24.25963818    0.0000000001
  -24.24142747    0.0000000004
  -24.22321676    0.0000000017
  -24.20500605    0.0000000070
  -24.18679534    0.0000000267
  -24.16858464    0.0000000979
  -24.15037393    0.0000003424
  -24.13216322    0.0000011439
  -24.11395251    0.0000036501
  -24.09574180    0.0000111237
  -24.07753109    0.0000323770
  -24.05932038    0.0000900027
  -24.04110968    0.0002389505
  -24.02289897    0.0006058904
  -24.00468826    0.0014672824
  -23.98647755    0.0033936486
  -23.96826684    0.0074964140
  -23.95005613    0.0158151672
  -23.93184542    0.0318659993
  -23.91363472    0.0613217908
  -23.89542401    0.1127030443
  -23.87721330    0.1978290188
  -23.85900259    0.3316483782
  -23.84079188    0.5310058311
  -23.82258117    0.8119966433
  -23.80437046    1.1858853637
  -23.78615976    1.6541112503
  -23.76794905    2.2035365235
  -23.74973834    2.8035565626
  -23.73152763    3.4066845677
  -23.71331692    3.9535574604
  -23.69510621    4.3820539340
  -23.67689550    4.6387494224
  -23.65868480    4.6898358206
  -23.64047409    4.5284324825
  -23.62226338    4.1761076561
  -23.60405267    3.6781463559
  -23.58584196    3.0939967828
  -23.56763125    2.4856744073
  -23.54942054    1.9072259854
  -23.53120984    1.3976344632
  -23.51299913    0.9781795479
  -23.49478842    0.6538484323
  -23.47657771    0.4174160334
  -23.45836700    0.2545040502
  -23.44015629    0.1482019100
  -23.42194558    0.0824226237
  -23.40373488    0.0437796818
  -23.38552417    0.0222091684
  -23.36731346    0.0107603284
  -23.34910275    0.0049791165
  -23.33089204    0.0022004554
  -23.31268133    0.0009287662
  -23.29447062    0.0003743982
  -23.27625992    0.0001441434
  -23.25804921    0.0000530016
  -23.23983850    0.0000186130
  -23.22162779    0.0000062428
  -23.20341708    0.0000019997
  -23.18520637    0.0000006118
  -23.16699566    0.0000001788
  -23.14878496    0.0000000499
  -23.13057425    0.0000000133
  -23.11236354    0.0000000034
  -23.09415283    0.0000000008
  -23.07594212    0.0000000002
  -23.05773141    0.0000000000
  -23.03952070    0.0000000000
  -23.02131000    0.0000000000
  -23.00309929    0.0000000000
  -22.98488858    0.0000000000
  -22.96667787    0.0000000000
  -22.94846716    0.0000000000
  -22.93025645    0.0000000000
  -22.91204575    0.0000000000
  -22.89383504    0.0000000000
  -22.87562433    0.0000000000
  -22.85741362    0.0000000000
  -22.83920291    0.0000000000
  -22.82099220    0.0000000000
  -22.80278149    0.0000000000
  -22.78457079    0.0000000000
  -22.76636008    0.0000000000
  -22.74814937    0.0000000000
  -22.72993866    0.0000000000
  -22.71172795    0.0000000000
  -22.69351724    0.0000000000
  -22.67530653    0.0000000000
  -22.65709583    0.0000000000
  -22.63888512    0.0000000000
  -22.62067441    0.0000000000
  -22.60246370    0.0000000000
  -22.58425299    0.0000000000
  -22.56604228    0.0000000000
  -22.54783157    0.0000000000
  -22.52962087    0.0000000000
  -22.51141016    0.0000000000
  -22.49319945    0.0000000000
  -22.47498874    0.0000000000
  -22.45677803    0.0000000000
  -22.43856732    0.0000000000
  -22.42035661    0.0000000000
  -22.40214591    0.0000000000
  -22.38393520    0.0000000000
  -22.36572449    0.0000000000
  -22.34751378    0.0000000000
  -22.32930307    0.0000000000
  -22.31109236    0.0000000000
  -22.29288165    0.0000000000
  -22.27467095    0.0000000000
  -22.25646024    0.0000000000
  -22.23824953    0.0000000000
  -22.22003882    0.0000000000
  -22.20182811    0.0000000000
  -22.18361740    0.0000000000
  -22.16540669    0.0000000000
  -22.14719599    0.0000000000
  -22.12898528    0.0000000000
  -22.11077457    0.0000000000
  -22.09256386    0.0000000000
  -22.07435315    0.0000000000
  -22.05614244    0.0000000000
  -22.03793173    0.0000000000
  -22.01972103    0.0000000000
  -22.00151032    0.0000000000
  -21.98329961    0.0000000000
  -21.96508890    0.0000000000
  -21.94687819    0.0000000000
  -21.92866748    0.0000000000
  -21.91045677    0.0000000000
  -21.89224607    0.0000000000
  -21.87403536    0.0000000000
  -21.85582465    0.0000000000
  -21.83761394    0.0000000000
  -21.81940323    0.0000000000
  -21.80119252    0.0000000000
  -21.78298181    0.0000000000
  -21.76477111    0.0000000000
  -21.74656040    0.0000000000
  -21.72834969    0.0000000000
  -21.71013898    0.0000000000
  -21.69192827    0.0000000000
  -21.67371756    0.0000000000
  -21.65550685    0.0000000000
  -21.63729615    0.0000000000
  -21.61908544    0.0000000000
  -21.60087473    0.0000000000
  -21.58266402    0.0000000000
  -21.56445331    0.0000000000
  -21.54624260    0.0000000000
  -21.52803189    0.0000000000
  -21.50982119    0.0000000000
  -21.49161048    0.0000000000
  -21.47339977    0.0000000000
  -21.45518906    0.0000000000
  -21.43697835    0.0000000000
  -21.41876764    0.0000000000
  -21.40055693    0.0000000000
  -21.38234623    0.0000000000
  -21.36413552    0.0000000000
  -21.34592481    0.0000000000
  -21.32771410    0.0000000000
  -21.30950339    0.0000000000
  -21.29129268    0.0000000000
  -21.27308197    0.0000000000
  -21.25487127    0.0000000000
  -21.23666056    0.0000000000
  -21.21844985    0.0000000000
  -21.20023914    0.0000000000
  -21.18202843    0.0000000000
  -21.16381772    0.0000000000
  -21.14560701    0.0000000000
  -21.12739631    0.0000000000
  -21.10918560    0.0000000000
  -21.09097489    0.0000000000
  -21.07276418    0.0000000000
  -21.05455347    0.0000000000
  -21.03634276    0.0000000000
  -21.01813205    0.0000000000
  -20.99992135    0.0000000000
  -20.98171064    0.0000000000
  -20.96349993    0.0000000000
  -20.94528922    0.0000000000
  -20.92707851    0.0000000000
  -20.90886780    0.0000000000
  -20.89065709    0.0000000000
  -20.87244639    0.0000000000
  -20.85423568    0.0000000000
  -20.83602497    0.0000000000
  -20.81781426    0.0000000000
  -20.79960355    0.0000000000
  -20.78139284    0.0000000000
  -20.76318213    0.0000000000
  -20.74497143    0.0000000000
  -20.72676072    0.0000000000
  -20.70855001    0.0000000000
  -20.69033930    0.0000000000
  -20.67212859    0.0000000000
  -20.65391788    0.0000000000
  -20.63570717    0.0000000000
  -20.61749647    0.0000000000
  -20.59928576    0.0000000000
  -20.58107505    0.0000000000
  -20.56286434    0.0000000000
  -20.54465363    0.0000000000
  -20.52644292    0.0000000000
  -20.50823221    0.0000000000
  -20.49002151    0.0000000000
  -20.47181080    0.0000000000
  -20.45360009    0.0000000000
  -20.43538938    0.0000000000
  -20.41717867    0.0000000000
  -20.39896796    0.0000000000
  -20.38075725    0.0000000000
  -20.36254655    0.0000000000
  -20.34433584    0.0000000000
  -20.32612513    0.0000000000
  -20.30791442    0.0000000000
  -20.28970371    0.0000000000
  -20.27149300    0.0000000000
  -20.25328229    0.0000000000
  -20.23507159    0.0000000000
  -20.21686088    0.0000000000
  -20.19865017    0.0000000000
  -20.18043946    0.0000000000
  -20.16222875    0.0000000000
  -20.14401804    0.0000000000
  -20.12580733    0.0000000000
  -20.10759663    0.0000000000
  -20.08938592    0.0000000000
  -20.07117521    0.0000000000
  -20.05296450    0.0000000000
  -20.03475379    0.0000000000
  -20.01654308    0.0000000000
  -19.99833237    0.0000000000
  -19.98012167    0.0000000000
  -19.96191096    0.0000000000
  -19.94370025    0.0000000000
  -19.92548954    0.0000000000
  -19.90727883    0.0000000000
  -19.88906812    0.0000000000
  -19.87085741    0.0000000000
  -19.85264671    0.0000000000
  -19.83443600    0.0000000000
  -19.81622529    0.0000000000
  -19.79801458    0.0000000000
  -19.77980387    0.0000000000
  -19.76159316    0.0000000000
  -19.74338246    0.0000000000
  -19.72517175    0.0000000000
  -19.70696104    0.0000000000
  -19.68875033    0.0000000000
  -19.67053962    0.0000000000
  -19.65232891    0.0000000000
  -19.63411820    0.0000000000
  -19.61590750    0.0000000000
  -19.59769679    0.0000000000
  -19.57948608    0.0000000000
  -19.56127537    0.0000000000
  -19.54306466    0.0000000000
  -19.52485395    0.0000000000
  -19.50664324    0.0000000000
  -19.48843254    0.0000000000
  -19.47022183    0.0000000000
  -19.45201112    0.0000000000
  -19.43380041    0.0000000000
  -19.41558970    0.0000000000
  -19.39737899    0.0000000000
  -19.37916828    0.0000000000
  -19.36095758    0.0000000000
  -19.34274687    0.0000000000
  -19.32453616    0.0000000000
  -19.30632545    0.0000000000
  -19.28811474    0.0000000000
  -19.26990403    0.0000000000
  -19.25169332    0.0000000000
  -19.23348262    0.0000000000
  -19.21527191    0.0000000000
  -19.19706120    0.0000000000
  -19.17885049    0.0000000000
  -19.16063978    0.0000000000
  -19.14242907    0.0000000000
  -19.12421836    0.0000000000
  -19.10600766    0.0000000000
  -19.08779695    0.0000000000
  -19.06958624    0.0000000000
  -19.05137553    0.0000000000
  -19.03316482    0.0000000000
  -19.01495411    0.0000000000
  -18.99674340    0.0000000000
  -18.97853270    0.0000000000
  -18.96032199    0.0000000000
  -18.94211128    0.0000000000
  -18.92390057    0.0000000000
  -18.90568986    0.0000000000
  -18.88747915    0.0000000000
  -18.86926844    0.0000000000
  -18.85105774    0.0000000000
  -18.83284703    0.0000000000
  -18.81463632    0.0000000000
  -18.79642561    0.0000000000
  -18.77821490    0.0000000000
  -18.76000419    0.0000000000
  -18.74179348    0.0000000000
  -18.72358278    0.0000000000
  -18.70537207    0.0000000000
  -18.68716136    0.0000000000
  -18.66895065    0.0000000000
  -18.65073994    0.0000000000
  -18.63252923    0.0000000000
  -18.61431852    0.0000000000
  -18.59610782    0.0000000000
  -18.57789711    0.0000000000
  -18.55968640    0.0000000000
  -18.54147569    0.0000000000
  -18.52326498    0.0000000000
  -18.50505427    0.0000000000
  -18.48684356    0.0000000000
  -18.46863286    0.0000000000
  -18.45042215    0.0000000000
  -18.43221144    0.0000000000
  -18.41400073    0.0000000000
  -18.39579002    0.0000000000
  -18.37757931    0.0000000000
  -18.35936860    0.0000000000
  -18.34115790    0.0000000000
  -18.32294719    0.0000000000
  -18.30473648    0.0000000000
  -18.28652577    0.0000000000
  -18.26831506    0.0000000000
  -18.25010435    0.0000000000
  -18.23189364    0.0000000000
  -18.21368294    0.0000000000
  -18.19547223    0.0000000000
  -18.17726152    0.0000000000
  -18.15905081    0.0000000000
  -18.14084010    0.0000000000
  -18.12262939    0.0000000000
  -18.10441868    0.0000000000
  -18.08620798    0.0000000000
  -18.06799727    0.0000000000
  -18.04978656    0.0000000000
  -18.03157585    0.0000000000
  -18.01336514    0.0000000000
  -17.99515443    0.0000000000
  -17.97694372    0.0000000000
  -17.95873302    0.0000000000
  -17.94052231    0.0000000000
  -17.92231160    0.0000000000
  -17.90410089    0.0000000000
  -17.88589018    0.0000000000
  -17.86767947    0.0000000000
  -17.84946876    0.0000000000
  -17.83125806    0.0000000000
  -17.81304735    0.0000000000
  -17.79483664    0.0000000000
  -17.77662593    0.0000000000
  -17.75841522    0.0000000000
  -17.74020451    0.0000000000
  -17.72199380    0.0000000000
  -17.70378310    0.0000000000
  -17.68557239    0.0000000000
  -17.66736168    0.0000000000
  -17.64915097    0.0000000000
  -17.63094026    0.0000000000
  -17.61272955    0.0000000000
  -17.59451884    0.0000000000
  -17.57630814    0.0000000000
  -17.55809743    0.0000000000
  -17.53988672    0.0000000000
  -17.52167601    0.0000000000
  -17.50346530    0.0000000000
  -17.48525459    0.0000000000
  -17.46704388    0.0000000000
  -17.44883318    0.0000000000
  -17.43062247    0.0000000000
  -17.41241176    0.0000000000
  -17.39420105    0.0000000000
  -17.37599034    0.0000000000
  -17.35777963    0.0000000000
  -17.33956892    0.0000000000
  -17.32135822    0.0000000000
  -17.30314751    0.0000000000
  -17.28493680    0.0000000000
  -17.26672609    0.0000000000
  -17.24851538    0.0000000000
  -17.23030467    0.0000000000
  -17.21209396    0.0000000000
  -17.19388326    0.0000000000
  -17.17567255    0.0000000000
  -17.15746184    0.0000000000
  -17.13925113    0.0000000000
  -17.12104042    0.0000000000
  -17.10282971    0.0000000000
  -17.08461900    0.0000000000
  -17.06640830    0.0000000000
  -17.04819759    0.0000000000
  -17.02998688    0.0000000000
  -17.01177617    0.0000000000
  -16.99356546    0.0000000000
  -16.97535475    0.0000000000
  -16.95714404    0.0000000000
  -16.93893334    0.0000000000
  -16.92072263    0.0000000000
  -16.90251192    0.0000000000
  -16.88430121    0.0000000000
  -16.86609050    0.0000000000
  -16.84787979    0.0000000000
  -16.82966908    0.0000000000
  -16.81145838    0.0000000000
  -16.79324767    0.0000000000
  -16.77503696    0.0000000000
  -16.75682625    0.0000000000
  -16.73861554    0.0000000000
  -16.72040483    0.0000000000
  -16.70219413    0.0000000000
  -16.68398342    0.0000000000
  -16.66577271    0.0000000000
  -16.64756200    0.0000000000
  -16.62935129    0.0000000000
  -16.61114058    0.0000000000
  -16.59292987    0.0000000000
  -16.57471917    0.0000000000
  -16.55650846    0.0000000000
  -16.53829775    0.0000000000
  -16.52008704    0.0000000000
  -16.50187633    0.0000000000
  -16.48366562    0.0000000000
  -16.46545491    0.0000000000
  -16.44724421    0.0000000000
  -16.42903350    0.0000000000
  -16.41082279    0.0000000000
  -16.39261208    0.0000000000
  -16.37440137    0.0000000000
  -16.35619066    0.0000000000
  -16.33797995    0.0000000000
  -16.31976925    0.0000000000
  -16.30155854    0.0000000000
  -16.28334783    0.0000000000
  -16.26513712    0.0000000000
  -16.24692641    0.0000000000
  -16.22871570    0.0000000000
  -16.21050499    0.0000000000
  -16.19229429    0.0000000000
  -16.17408358    0.0000000000
  -16.15587287    0.0000000000
  -16.13766216    0.0000000000
  -16.11945145    0.0000000000
  -16.10124074    0.0000000000
  -16.08303003    0.0000000000
  -16.06481933    0.0000000000
  -16.04660862    0.0000000000
  -16.02839791    0.0000000000
  -16.01018720    0.0000000000
  -15.99197649    0.0000000000
  -15.97376578    0.0000000000
  -15.95555507    0.0000000000
  -15.93734437    0.0000000000
  -15.91913366    0.0000000000
  -15.90092295    0.0000000000
  -15.88271224    0.0000000000
  -15.86450153    0.0000000000
  -15.84629082    0.0000000000
  -15.82808011    0.0000000000
  -15.80986941    0.0000000000
  -15.79165870    0.0000000000
  -15.77344799    0.0000000000
  -15.75523728    0.0000000000
  -15.73702657    0.0000000000
  -15.71881586    0.0000000000
  -15.70060515    0.0000000000
  -15.68239445    0.0000000000
  -15.66418374    0.0000000000
  -15.64597303    0.0000000000
  -15.62776232    0.0000000000
  -15.60955161    0.0000000000
  -15.59134090    0.0000000000
  -15.57313019    0.0000000000
  -15.55491949    0.0000000000
  -15.53670878    0.0000000000
  -15.51849807    0.0000000000
  -15.50028736    0.0000000000
  -15.48207665    0.0000000000
  -15.46386594    0.0000000000
  -15.44565523    0.0000000000
  -15.42744453    0.0000000000
  -15.40923382    0.0000000000
  -15.39102311    0.0000000000
  -15.37281240    0.0000000000
  -15.35460169    0.0000000000
  -15.33639098    0.0000000000
  -15.31818027    0.0000000000
  -15.29996957    0.0000000000
  -15.28175886    0.0000000000
  -15.26354815    0.0000000000
  -15.24533744    0.0000000000
  -15.22712673    0.0000000000
  -15.20891602    0.0000000000
  -15.19070531    0.0000000000
  -15.17249461    0.0000000000
  -15.15428390    0.0000000000
  -15.13607319    0.0000000000
  -15.11786248    0.0000000000
  -15.09965177    0.0000000000
  -15.08144106    0.0000000000
  -15.06323035    0.0000000000
  -15.04501965    0.0000000000
  -15.02680894    0.0000000000
  -15.00859823    0.0000000000
  -14.99038752    0.0000000000
  -14.97217681    0.0000000000
  -14.95396610    0.0000000000
  -14.93575539    0.0000000000
  -14.91754469    0.0000000000
  -14.89933398    0.0000000000
  -14.88112327    0.0000000000
  -14.86291256    0.0000000000
  -14.84470185    0.0000000000
  -14.82649114    0.0000000000
  -14.80828043    0.0000000000
  -14.79006973    0.0000000000
  -14.77185902    0.0000000000
  -14.75364831    0.0000000000
  -14.73543760    0.0000000000
  -14.71722689    0.0000000000
  -14.69901618    0.0000000000
  -14.68080547    0.0000000000
  -14.66259477    0.0000000000
  -14.64438406    0.0000000000
  -14.62617335    0.0000000000
  -14.60796264    0.0000000000
  -14.58975193    0.0000000000
  -14.57154122    0.0000000000
  -14.55333051    0.0000000000
  -14.53511981    0.0000000000
  -14.51690910    0.0000000000
  -14.49869839    0.0000000000
  -14.48048768    0.0000000000
  -14.46227697    0.0000000000
  -14.44406626    0.0000000000
  -14.42585555    0.0000000000
  -14.40764485    0.0000000000
  -14.38943414    0.0000000000
  -14.37122343    0.0000000000
  -14.35301272    0.0000000000
  -14.33480201    0.0000000000
  -14.31659130    0.0000000000
  -14.29838059    0.0000000000
  -14.28016989    0.0000000000
  -14.26195918    0.0000000000
  -14.24374847    0.0000000000
  -14.22553776    0.0000000000
  -14.20732705    0.0000000000
  -14.18911634    0.0000000000
  -14.17090563    0.0000000000
  -14.15269493    0.0000000000
  -14.13448422    0.0000000000
  -14.11627351    0.0000000000
  -14.09806280    0.0000000000
  -14.07985209    0.0000000000
  -14.06164138    0.0000000000
  -14.04343067    0.0000000000
  -14.02521997    0.0000000000
  -14.00700926    0.0000000000
  -13.98879855    0.0000000000
  -13.97058784    0.0000000000
  -13.95237713    0.0000000000
  -13.93416642    0.0000000000
  -13.91595571    0.0000000000
  -13.89774501    0.0000000000
  -13.87953430    0.0000000000
  -13.86132359    0.0000000000
  -13.84311288    0.0000000000
  -13.82490217    0.0000000000
  -13.80669146    0.0000000000
  -13.78848075    0.0000000000
  -13.77027005    0.0000000000
  -13.75205934    0.0000000000
  -13.73384863    0.0000000000
  -13.71563792    0.0000000000
  -13.69742721    0.0000000000
  -13.67921650    0.0000000000
  -13.66100579    0.0000000000
  -13.64279509    0.0000000000
  -13.62458438    0.0000000000
  -13.60637367    0.0000000000
  -13.58816296    0.0000000000
  -13.56995225    0.0000000000
  -13.55174154    0.0000000000
  -13.53353084    0.0000000000
  -13.51532013    0.0000000000
  -13.49710942    0.0000000000
  -13.47889871    0.0000000000
  -13.46068800    0.0000000000
  -13.44247729    0.0000000000
  -13.42426658    0.0000000000
  -13.40605588    0.0000000000
  -13.38784517    0.0000000000
  -13.36963446    0.0000000000
  -13.35142375    0.0000000000
  -13.33321304    0.0000000000
  -13.31500233    0.0000000000
  -13.29679162    0.0000000000
  -13.27858092    0.0000000000
  -13.26037021    0.0000000000
  -13.24215950    0.0000000000
  -13.22394879    0.0000000000
  -13.20573808    0.0000000000
  -13.18752737    0.0000000000
  -13.16931666    0.0000000000
  -13.15110596    0.0000000000
  -13.13289525    0.0000000000
  -13.11468454    0.0000000000
  -13.09647383    0.0000000000
  -13.07826312    0.0000000000
  -13.06005241    0.0000000000
  -13.04184170    0.0000000000
  -13.02363100    0.0000000000
  -13.00542029    0.0000000000
  -12.98720958    0.0000000000
  -12.96899887    0.0000000000
  -12.95078816    0.0000000000
  -12.93257745    0.0000000000
  -12.91436674    0.0000000000
  -12.89615604    0.0000000000
  -12.87794533    0.0000000000
  -12.85973462    0.0000000000
  -12.84152391    0.0000000000
  -12.82331320    0.0000000000
  -12.80510249    0.0000000000
  -12.78689178    0.0000000000
  -12.76868108    0.0000000000
  -12.75047037    0.0000000000
  -12.73225966    0.0000000000
  -12.71404895    0.0000000000
  -12.69583824    0.0000000000
  -12.67762753    0.0000000000
  -12.65941682    0.0000000000
  -12.64120612    0.0000000000
  -12.62299541    0.0000000000
  -12.60478470    0.0000000000
  -12.58657399    0.0000000000
  -12.56836328    0.0000000000
  -12.55015257    0.0000000000
  -12.53194186    0.0000000000
  -12.51373116    0.0000000000
  -12.49552045    0.0000000000
  -12.47730974    0.0000000000
  -12.45909903    0.0000000000
  -12.44088832    0.0000000000
  -12.42267761    0.0000000000
  -12.40446690    0.0000000000
  -12.38625620    0.0000000000
  -12.36804549    0.0000000000
  -12.34983478    0.0000000000
  -12.33162407    0.0000000000
  -12.31341336    0.0000000000
  -12.29520265    0.0000000000
  -12.27699194    0.0000000000
  -12.25878124    0.0000000000
  -12.24057053    0.0000000000
  -12.22235982    0.0000000000
  -12.20414911    0.0000000000
  -12.18593840    0.0000000000
  -12.16772769    0.0000000000
  -12.14951698    0.0000000000
  -12.13130628    0.0000000000
  -12.11309557    0.0000000000
  -12.09488486    0.0000000000
  -12.07667415    0.0000000000
  -12.05846344    0.0000000000
  -12.04025273    0.0000000000
  -12.02204202    0.0000000000
  -12.00383132    0.0000000000
  -11.98562061    0.0000000000
  -11.96740990    0.0000000000
  -11.94919919    0.0000000000
  -11.93098848    0.0000000000
  -11.91277777    0.0000000000
  -11.89456706    0.0000000000
  -11.87635636    0.0000000000
  -11.85814565    0.0000000000
  -11.83993494    0.0000000000
  -11.82172423    0.0000000000
  -11.80351352    0.0000000000
  -11.78530281    0.0000000000
  -11.76709210    0.0000000000
  -11.74888140    0.0000000000
  -11.73067069    0.0000000000
  -11.71245998    0.0000000000
  -11.69424927    0.0000000000
  -11.67603856    0.0000000000
  -11.65782785    0.0000000000
  -11.63961714    0.0000000000
  -11.62140644    0.0000000000
  -11.60319573    0.0000000000
  -11.58498502    0.0000000000
  -11.56677431    0.0000000000
  -11.54856360    0.0000000000
  -11.53035289    0.0000000000
  -11.51214218    0.0000000000
  -11.49393148    0.0000000000
  -11.47572077    0.0000000000
  -11.45751006    0.0000000000
  -11.43929935    0.0000000000
  -11.42108864    0.0000000000
  -11.40287793    0.0000000000
  -11.38466722    0.0000000000
  -11.36645652    0.0000000000
  -11.34824581    0.0000000000
  -11.33003510    0.0000000000
  -11.31182439    0.0000000000
  -11.29361368    0.0000000000
  -11.27540297    0.0000000000
  -11.25719226    0.0000000000
  -11.23898156    0.0000000000
  -11.22077085    0.0000000000
  -11.20256014    0.0000000000
  -11.18434943    0.0000000000
  -11.16613872    0.0000000000
  -11.14792801    0.0000000000
  -11.12971730    0.0000000000
  -11.11150660    0.0000000000
  -11.09329589    0.0000000000
  -11.07508518    0.0000000000
  -11.05687447    0.0000000000
  -11.03866376    0.0000000000
  -11.02045305    0.0000000000
  -11.00224234    0.0000000000
  -10.98403164    0.0000000000
  -10.96582093    0.0000000000
  -10.94761022    0.0000000000
  -10.92939951    0.0000000000
  -10.91118880    0.0000000000
  -10.89297809    0.0000000000
  -10.87476738    0.0000000000
  -10.85655668    0.0000000000
  -10.83834597    0.0000000000
  -10.82013526    0.0000000000
  -10.80192455    0.0000000000
  -10.78371384    0.0000000000
  -10.76550313    0.0000000000
  -10.74729242    0.0000000000
  -10.72908172    0.0000000002
  -10.71087101    0.0000000008
  -10.69266030    0.0000000031
  -10.67444959    0.0000000122
  -10.65623888    0.0000000460
  -10.63802817    0.0000001653
  -10.61981746    0.0000005674
  -10.60160676    0.0000018599
  -10.58339605    0.0000058230
  -10.56518534    0.0000174112
  -10.54697463    0.0000497216
  -10.52876392    0.0001356110
  -10.51055321    0.0003532471
  -10.49234250    0.0008788117
  -10.47413180    0.0020880770
  -10.45592109    0.0047383895
  -10.43771038    0.0102694816
  -10.41949967    0.0212568947
  -10.40128896    0.0420227677
  -10.38307825    0.0793419765
  -10.36486755    0.1430720858
  -10.34665684    0.2463997901
  -10.32844613    0.4052838425
  -10.31023542    0.6366661760
  -10.29202471    0.9552076611
  -10.27381400    1.3687286173
  -10.25560329    1.8731408256
  -10.23739259    2.4482572139
  -10.21918188    3.0561677431
  -10.20097117    3.6436014285
  -10.18276046    4.1487576971
  -10.16454975    4.5116854140
  -10.14633904    4.6859006906
  -10.12812833    4.6481579970
  -10.10991763    4.4035427298
  -10.09170692    3.9843463101
  -10.07349621    3.4430670090
  -10.05528550    2.8416291694
  -10.03707479    2.2398702459
  -10.01886408    1.6862107380
  -10.00065337    1.2123677406
   -9.98244267    0.8325118511
   -9.96423196    0.5459841165
   -9.94602125    0.3419819025
   -9.92781054    0.2045783968
   -9.90959983    0.1168826230
   -9.89138912    0.0637784057
   -9.87317841    0.0332376951
   -9.85496771    0.0165432820
   -9.83675700    0.0078640447
   -9.81854629    0.0035702926
   -9.80033558    0.0015480863
   -9.78212487    0.0006410916
   -9.76391416    0.0002535587
   -9.74570345    0.0000957790
   -9.72749275    0.0000345538
   -9.70928204    0.0000119057
   -9.69107133    0.0000039178
   -9.67286062    0.0000012313
   -9.65464991    0.0000003696
   -9.63643920    0.0000001060
   -9.61822849    0.0000000290
   -9.60001779    0.0000000076
   -9.58180708    0.0000000019
   -9.56359637    0.0000000005
   -9.54538566    0.0000000001
   -9.52717495    0.0000000000
   -9.50896424    0.0000000000
   -9.49075353    0.0000000000
   -9.47254283    0.0000000000
   -9.45433212    0.0000000000
   -9.43612141    0.0000000000
   -9.41791070    0.0000000000
   -9.39969999    0.0000000000
   -9.38148928    0.0000000000
   -9.36327857    0.0000000000
   -9.34506787    0.0000000000
   -9.32685716    0.0000000000
   -9.30864645    0.0000000000
   -9.29043574    0.0000000000
   -9.27222503    0.0000000000
   -9.25401432    0.0000000000
   -9.23580361    0.0000000000
   -9.21759291    0.0000000000
   -9.19938220    0.0000000000
   -9.18117149    0.0000000000
   -9.16296078    0.0000000000
   -9.14475007    0.0000000000
   -9.12653936    0.0000000000
   -9.10832865    0.0000000000
   -9.09011795    0.0000000000
   -9.07190724    0.0000000000
   -9.05369653    0.0000000000
   -9.03548582    0.0000000000
   -9.01727511    0.0000000000
   -8.99906440    0.0000000000
   -8.98085369    0.0000000000
   -8.96264299    0.0000000000
   -8.94443228    0.0000000000
   -8.92622157    0.0000000000
   -8.90801086    0.0000000000
   -8.88980015    0.0000000000
   -8.87158944    0.0000000000
   -8.85337873    0.0000000000
   -8.83516803    0.0000000000
   -8.81695732    0.0000000000
   -8.79874661    0.0000000000
   -8.78053590    0.0000000000
   -8.76232519    0.0000000000
   -8.74411448    0.0000000000
   -8.72590377    0.0000000000
   -8.70769307    0.0000000000
   -8.68948236    0.0000000000
   -8.67127165    0.0000000000
   -8.65306094    0.0000000000
   -8.63485023    0.0000000000
   -8.61663952    0.0000000000
   -8.59842881    0.0000000000
   -8.58021811    0.0000000000
   -8.56200740    0.0000000000
   -8.54379669    0.0000000000
   -8.52558598    0.0000000000
   -8.50737527    0.0000000000
   -8.48916456    0.0000000000
   -8.47095385    0.0000000000
   -8.45274315    0.0000000000
   -8.43453244    0.0000000000
   -8.41632173    0.0000000000
   -8.39811102    0.0000000000
   -8.37990031    0.0000000000
   -8.36168960    0.0000000000
   -8.34347889    0.0000000000
   -8.32526819    0.0000000000
   -8.30705748    0.0000000000
   -8.28884677    0.0000000000
   -8.27063606    0.0000000000
   -8.25242535    0.0000000000
   -8.23421464    0.0000000000
   -8.21600393    0.0000000000
   -8.19779323    0.0000000000
   -8.17958252    0.0000000000
   -8.16137181    0.0000000000
   -8.14316110    0.0000000000
   -8.12495039    0.0000000000
   -8.10673968    0.0000000000
   -8.08852897    0.0000000000
   -8.07031827    0.0000000000
   -8.05210756    0.0000000000
   -8.03389685    0.0000000000
   -8.01568614    0.0000000000
   -7.99747543    0.0000000000
   -7.97926472    0.0000000000
   -7.96105401    0.0000000000
   -7.94284331    0.0000000000
   -7.92463260    0.0000000000
   -7.90642189    0.0000000000
   -7.88821118    0.0000000000
   -7.87000047    0.0000000000
   -7.85178976    0.0000000000
   -7.83357905    0.0000000000
   -7.81536835    0.0000000000
   -7.79715764    0.0000000000
   -7.77894693    0.0000000000
   -7.76073622    0.0000000000
   -7.74252551    0.0000000000
   -7.72431480    0.0000000000
   -7.70610409    0.0000000000
   -7.68789339    0.0000000000
   -7.66968268    0.0000000000
   -7.65147197    0.0000000002
   -7.63326126    0.0000000009
   -7.61505055    0.0000000036
   -7.59683984    0.0000000142
   -7.57862913    0.0000000531
   -7.56041843    0.0000001898
   -7.54220772    0.0000006480
   -7.52399701    0.0000021135
   -7.50578630    0.0000065835
   -7.48757559    0.0000195858
   -7.46936488    0.0000556495
   -7.45115417    0.0001510132
   -7.43294347    0.0003913830
   -7.41473276    0.0009687742
   -7.39652205    0.0022902170
   -7.37831134    0.0051708776
   -7.36010063    0.0111502708
   -7.34188992    0.0229636068
   -7.32367922    0.0451677358
   -7.30546851    0.0848496527
   -7.28725780    0.1522317884
   -7.26904709    0.2608519942
   -7.25083638    0.4268905140
   -7.23262567    0.6672251053
   -7.21441496    0.9960056105
   -7.19620426    1.4199881563
   -7.17799355    1.9334867076
   -7.15978284    2.5143816050
   -7.14157213    3.1228758716
   -7.12336142    3.7043480499
   -7.10515071    4.1966464105
   -7.08694000    4.5407386361
   -7.06872930    4.6922826149
   -7.05051859    4.6310060674
   -7.03230788    4.3651590229
   -7.01409717    3.9296902632
   -6.99588646    3.3787036677
   -6.97767575    2.7744405104
   -6.95946504    2.1758766033
   -6.94125434    1.6297711996
   -6.92304363    1.1658764957
   -6.90483292    0.7965480638
   -6.88662221    0.5197625172
   -6.86841150    0.3239152977
   -6.85020079    0.1927931027
   -6.83199008    0.1095935658
   -6.81377938    0.0594993408
   -6.79556867    0.0308512512
   -6.77735796    0.0152780153
   -6.75914725    0.0072259447
   -6.74093654    0.0032640429
   -6.72272583    0.0014081555
   -6.70451512    0.0005802016
   -6.68630442    0.0002283183
   -6.66809371    0.0000858096
   -6.64988300    0.0000308010
   -6.63167229    0.0000105591
   -6.61346158    0.0000034572
   -6.59525087    0.0000010811
   -6.57704016    0.0000003229
   -6.55882946    0.0000000921
   -6.54061875    0.0000000251
   -6.52240804    0.0000000065
   -6.50419733    0.0000000016
   -6.48598662    0.0000000004
   -6.46777591    0.0000000001
   -6.44956520    0.0000000000
   -6.43135450    0.0000000000
   -6.41314379    0.0000000000
   -6.39493308    0.0000000000
   -6.37672237    0.0000000000
   -6.35851166    0.0000000000
   -6.34030095    0.0000000000
   -6.32209024    0.0000000000
   -6.30387954    0.0000000000
   -6.28566883    0.0000000000
   -6.26745812    0.0000000000
   -6.24924741    0.0000000000
   -6.23103670    0.0000000000
   -6.21282599    0.0000000000
   -6.19461528    0.0000000000
   -6.17640458    0.0000000000
   -6.15819387    0.0000000000
   -6.13998316    0.0000000000
   -6.12177245    0.0000000000
   -6.10356174    0.0000000000
   -6.08535103    0.0000000000
   -6.06714032    0.0000000000
   -6.04892962    0.0000000000
   -6.03071891    0.0000000000
   -6.01250820    0.0000000000
   -5.99429749    0.0000000000
   -5.97608678    0.0000000000
   -5.95787607    0.0000000000
   -5.93966536    0.0000000000
   -5.92145466    0.0000000000
   -5.90324395    0.0000000000
   -5.88503324    0.0000000000
   -5.86682253    0.0000000000
   -5.84861182    0.0000000000
   -5.83040111    0.0000000000
   -5.81219040    0.0000000000
   -5.79397970    0.0000000000
   -5.77576899    0.0000000000
   -5.75755828    0.0000000000
   -5.73934757    0.0000000000
   -5.72113686    0.0000000000
   -5.70292615    0.0000000000
   -5.68471544    0.0000000000
   -5.66650474    0.0000000000
   -5.64829403    0.0000000000
   -5.63008332    0.0000000000
   -5.61187261    0.0000000000
   -5.59366190    0.0000000000
   -5.57545119    0.0000000000
   -5.55724048    0.0000000000
   -5.53902978    0.0000000000
   -5.52081907    0.0000000000
   -5.50260836    0.0000000000
   -5.48439765    0.0000000000
   -5.46618694    0.0000000000
   -5.44797623    0.0000000000
   -5.42976552    0.0000000000
   -5.41155482    0.0000000000
   -5.39334411    0.0000000000
   -5.37513340    0.0000000000
   -5.35692269    0.0000000000
   -5.33871198    0.0000000000
   -5.32050127    0.0000000000
   -5.30229056    0.0000000000
   -5.28407986    0.0000000000
   -5.26586915    0.0000000000
   -5.24765844    0.0000000000
   -5.22944773    0.0000000000
   -5.21123702    0.0000000000
   -5.19302631    0.0000000000
   -5.17481560    0.0000000000
   -5.15660490    0.0000000000
   -5.13839419    0.0000000000
   -5.12018348    0.0000000000
   -5.10197277    0.0000000000
   -5.08376206    0.0000000000
   -5.06555135    0.0000000000
   -5.04734064    0.0000000000
   -5.02912994    0.0000000000
   -5.01091923    0.0000000000
   -4.99270852    0.0000000000
   -4.97449781    0.0000000001
   -4.95628710    0.0000000003
   -4.93807639    0.0000000014
   -4.91986568    0.0000000058
   -4.90165498    0.0000000222
   -4.88344427    0.0000000818
   -4.86523356    0.0000002881
   -4.84702285    0.0000009688
   -4.82881214    0.0000031114
   -4.81060143    0.0000095433
   -4.79239072    0.0000279563
   -4.77418002    0.0000782157
   -4.75596931    0.0002089979
   -4.73775860    0.0005333635
   -4.71954789    0.0012999848
   -4.70133718    0.0030261243
   -4.68312647    0.0067277337
   -4.66491576    0.0142851354
   -4.64670506    0.0289689970
   -4.62849435    0.0561068759
   -4.61028364    0.1037844402
   -4.59207293    0.1833504325
   -4.57386222    0.3093607141
   -4.55565151    0.4985192302
   -4.53744080    0.7672417041
   -4.51923010    1.1277582641
   -4.50101939    1.5831911976
   -4.48280868    2.1226786232
   -4.46459797    2.7181201956
   -4.44638726    3.3241958261
   -4.42817655    3.8827378889
   -4.40996584    4.3313480065
   -4.39175514    4.6146802641
   -4.37354443    4.6956279993
   -4.35533372    4.5633027520
   -4.33712301    4.2354388288
   -4.31891230    3.7544910715
   -4.30070159    3.1786101760
   -4.28249088    2.5701412639
   -4.26428018    1.9847702911
   -4.24606947    1.4638515546
   -4.22785876    1.0311393423
   -4.20964805    0.6936992225
   -4.19143734    0.4457163748
   -4.17322663    0.2735139634
   -4.15501593    0.1603001569
   -4.13680522    0.0897267471
   -4.11859451    0.0479670965
   -4.10038380    0.0244905461
   -4.08217309    0.0119422742
   -4.06396238    0.0055617203
   -4.04575167    0.0024738011
   -4.02754097    0.0010508820
   -4.00933026    0.0004263602
   -3.99111955    0.0001652087
   -3.97290884    0.0000611396
   -3.95469813    0.0000216096
   -3.93648742    0.0000072946
   -3.91827671    0.0000023518
   -3.90006601    0.0000007241
   -3.88185530    0.0000002129
   -3.86364459    0.0000000598
   -3.84543388    0.0000000160
   -3.82722317    0.0000000041
   -3.80901246    0.0000000010
   -3.79080175    0.0000000002
   -3.77259105    0.0000000001
   -3.75438034    0.0000000000
   -3.73616963    0.0000000000
   -3.71795892    0.0000000000
   -3.69974821    0.0000000000
   -3.68153750    0.0000000000
   -3.66332679    0.0000000000
   -3.64511609    0.0000000000
   -3.62690538    0.0000000000
   -3.60869467    0.0000000000
   -3.59048396    0.0000000000
   -3.57227325    0.0000000000
   -3.55406254    0.0000000000
   -3.53585183    0.0000000000
   -3.51764113    0.0000000000
   -3.49943042    0.0000000000
   -3.48121971    0.0000000000
   -3.46300900    0.0000000000
   -3.44479829    0.0000000000
   -3.42658758    0.0000000000
   -3.40837687    0.0000000000
   -3.39016617    0.0000000000
   -3.37195546    0.0000000000
   -3.35374475    0.0000000000
   -3.33553404    0.0000000000
   -3.31732333    0.0000000000
   -3.29911262    0.0000000000
   -3.28090191    0.0000000000
   -3.26269121    0.0000000000
   -3.24448050    0.0000000000
   -3.22626979    0.0000000000
   -3.20805908    0.0000000000
   -3.18984837    0.0000000000
   -3.17163766    0.0000000000
   -3.15342695    0.0000000000
   -3.13521625    0.0000000000
   -3.11700554    0.0000000000
   -3.09879483    0.0000000000
   -3.08058412    0.0000000000
   -3.06237341    0.0000000000
   -3.04416270    0.0000000000
   -3.02595199    0.0000000000
   -3.00774129    0.0000000000
   -2.98953058    0.0000000000
   -2.97131987    0.0000000000
   -2.95310916    0.0000000000
   -2.93489845    0.0000000000
   -2.91668774    0.0000000000
   -2.89847703    0.0000000000
   -2.88026633    0.0000000000
   -2.86205562    0.0000000000
   -2.84384491    0.0000000000
   -2.82563420    0.0000000000
   -2.80742349    0.0000000000
   -2.78921278    0.0000000000
   -2.77100207    0.0000000000
   -2.75279137    0.0000000000
   -2.73458066    0.0000000000
   -2.71636995    0.0000000000
   -2.69815924    0.0000000000
   -2.67994853    0.0000000000
   -2.66173782    0.0000000000
   -2.64352711    0.0000000000
   -2.62531641    0.0000000000
   -2.60710570    0.0000000000
   -2.58889499    0.0000000000
   -2.57068428    0.0000000000
   -2.55247357    0.0000000000
   -2.53426286    0.0000000000
   -2.51605215    0.0000000000
   -2.49784145    0.0000000000
   -2.47963074    0.0000000000
   -2.46142003    0.0000000000
   -2.44320932    0.0000000000
   -2.42499861    0.0000000000
   -2.40678790    0.0000000000
   -2.38857719    0.0000000000
   -2.37036649    0.0000000000
   -2.35215578    0.0000000000
   -2.33394507    0.0000000000
   -2.31573436    0.0000000000
   -2.29752365    0.0000000000
   -2.27931294    0.0000000000
   -2.26110223    0.0000000000
   -2.24289153    0.0000000000
   -2.22468082    0.0000000000
   -2.20647011    0.0000000000
   -2.18825940    0.0000000000
   -2.17004869    0.0000000000
   -2.15183798    0.0000000000
   -2.13362727    0.0000000000
   -2.11541657    0.0000000000
   -2.09720586    0.0000000000
   -2.07899515    0.0000000000
   -2.06078444    0.0000000000
   -2.04257373    0.0000000000
   -2.02436302    0.0000000000
   -2.00615231    0.0000000000
   -1.98794161    0.0000000000
   -1.96973090    0.0000000000
   -1.95152019    0.0000000000
   -1.93330948    0.0000000000
   -1.91509877    0.0000000000
   -1.89688806    0.0000000000
   -1.87867735    0.0000000000
   -1.86046665    0.0000000000
   -1.84225594    0.0000000000
   -1.82404523    0.0000000000
   -1.80583452    0.0000000000
   -1.78762381    0.0000000000
   -1.76941310    0.0000000000
   -1.75120239    0.0000000000
   -1.73299169    0.0000000000
   -1.71478098    0.0000000000
   -1.69657027    0.0000000000
   -1.67835956    0.0000000000
   -1.66014885    0.0000000000
   -1.64193814    0.0000000000
   -1.62372743    0.0000000000
   -1.60551673    0.0000000000
   -1.58730602    0.0000000000
   -1.56909531    0.0000000000
   -1.55088460    0.0000000000
   -1.53267389    0.0000000000
   -1.51446318    0.0000000000
   -1.49625247    0.0000000000
   -1.47804177    0.0000000000
   -1.45983106    0.0000000000
   -1.44162035    0.0000000000
   -1.42340964    0.0000000000
   -1.40519893    0.0000000000
   -1.38698822    0.0000000000
   -1.36877751    0.0000000000
   -1.35056681    0.0000000000
   -1.33235610    0.0000000000
   -1.31414539    0.0000000000
   -1.29593468    0.0000000000
   -1.27772397    0.0000000000
   -1.25951326    0.0000000000
   -1.24130255    0.0000000000
   -1.22309185    0.0000000000
   -1.20488114    0.0000000000
   -1.18667043    0.0000000000
   -1.16845972    0.0000000000
   -1.15024901    0.0000000000
   -1.13203830    0.0000000000
   -1.11382759    0.0000000000
   -1.09561689    0.0000000000
   -1.07740618    0.0000000000
   -1.05919547    0.0000000000
   -1.04098476    0.0000000000
   -1.02277405    0.0000000000
   -1.00456334    0.0000000000
   -0.98635264    0.0000000000
   -0.96814193    0.0000000000
   -0.94993122    0.0000000000
   -0.93172051    0.0000000000
   -0.91350980    0.0000000000
   -0.89529909    0.0000000000
   -0.87708838    0.0000000000
   -0.85887768    0.0000000000
   -0.84066697    0.0000000000
   -0.82245626    0.0000000000
   -0.80424555    0.0000000000
   -0.78603484    0.0000000000
   -0.76782413    0.0000000000
   -0.74961342    0.0000000000
   -0.73140272    0.0000000000
   -0.71319201    0.0000000000
   -0.69498130    0.0000000000
   -0.67677059    0.0000000000
   -0.65855988    0.0000000000
   -0.64034917    0.0000000000
   -0.62213846    0.0000000000
   -0.60392776    0.0000000000
   -0.58571705    0.0000000000
   -0.56750634    0.0000000000
   -0.54929563    0.0000000000
   -0.53108492    0.0000000000
   -0.51287421    0.0000000000
   -0.49466350    0.0000000000
   -0.47645280    0.0000000000
   -0.45824209    0.0000000000
   -0.44003138    0.0000000000
   -0.42182067    0.0000000000
   -0.40360996    0.0000000000
   -0.38539925    0.0000000000
   -0.36718854    0.0000000000
   -0.34897784    0.0000000000
   -0.33076713    0.0000000000
   -0.31255642    0.0000000000
   -0.29434571    0.0000000000
   -0.27613500    0.0000000000
   -0.25792429    0.0000000000
   -0.23971358    0.0000000000
   -0.22150288    0.0000000000
   -0.20329217    0.0000000000
   -0.18508146    0.0000000000
   -0.16687075    0.0000000000
   -0.14866004    0.0000000000
   -0.13044933    0.0000000000
   -0.11223862    0.0000000000
   -0.09402792    0.0000000000
   -0.07581721    0.0000000000
   -0.05760650    0.0000000000
   -0.03939579    0.0000000000
   -0.02118508    0.0000000000
   -0.00297437    0.0000000000
    0.01523634    0.0000000000
    0.03344704    0.0000000000
    0.05165775    0.0000000000
    0.06986846    0.0000000000
    0.08807917    0.0000000000
    0.10628988    0.0000000000
    0.12450059    0.0000000000
    0.14271130    0.0000000000
    0.16092200    0.0000000000
    0.17913271    0.0000000000
    0.19734342    0.0000000000
    0.21555413    0.0000000000
    0.23376484    0.0000000000
    0.25197555    0.0000000000
    0.27018626    0.0000000000
    0.28839696    0.0000000000
    0.30660767    0.0000000000
    0.32481838    0.0000000000
    0.34302909    0.0000000000
    0.36123980    0.0000000000
    0.37945051    0.0000000000
    0.39766122    0.0000000000
    0.41587192    0.0000000000
    0.43408263    0.0000000000
    0.45229334    0.0000000000
    0.47050405    0.0000000000
    0.48871476    0.0000000000
    0.50692547    0.0000000000
    0.52513618    0.0000000000
    0.54334688    0.0000000000
    0.56155759    0.0000000000
    0.57976830    0.0000000000
    0.59797901    0.0000000000
    0.61618972    0.0000000000
    0.63440043    0.0000000000
    0.65261114    0.0000000000
    0.67082184    0.0000000000
    0.68903255    0.0000000000
    0.70724326    0.0000000000
    0.72545397    0.0000000000
    0.74366468    0.0000000000
    0.76187539    0.0000000000
    0.78008610    0.0000000000
    0.79829680    0.0000000000
    0.81650751    0.0000000000
    0.83471822    0.0000000000
    0.85292893    0.0000000000
    0.87113964    0.0000000000
    0.88935035    0.0000000000
    0.90756106    0.0000000000
    0.92577176    0.0000000000
    0.94398247    0.0000000000
    0.96219318    0.0000000000
    0.98040389    0.0000000000
    0.99861460    0.0000000000
    1.01682531    0.0000000000
    1.03503602    0.0000000000
    1.05324672    0.0000000000
    1.07145743    0.0000000000
    1.08966814    0.0000000000
    1.10787885    0.0000000000
    1.12608956    0.0000000000
    1.14430027    0.0000000000
    1.16251098    0.0000000000
    1.18072168    0.0000000000
    1.19893239    0.0000000000
    1.21714310    0.0000000000
    1.23535381    0.0000000000
    1.25356452    0.0000000000
    1.27177523    0.0000000000
    1.28998594    0.0000000000
    1.30819664    0.0000000000
    1.32640735    0.0000000000
    1.34461806    0.0000000000
    1.36282877    0.0000000000
    1.38103948    0.0000000000
    1.39925019    0.0000000000
    1.41746090    0.0000000000
    1.43567160    0.0000000000
    1.45388231    0.0000000000
    1.47209302    0.0000000000
    1.49030373    0.0000000000
    1.50851444    0.0000000000
    1.52672515    0.0000000000
    1.54493586    0.0000000000
    1.56314656    0.0000000000
    1.58135727    0.0000000000
    1.59956798    0.0000000000
    1.61777869    0.0000000000
    1.63598940    0.0000000000
    1.65420011    0.0000000000
    1.67241082    0.0000000000
    1.69062152    0.0000000000
    1.70883223    0.0000000000
    1.72704294    0.0000000000
    1.74525365    0.0000000000
    1.76346436    0.0000000000
    1.78167507    0.0000000000
    1.79988578    0.0000000000
    1.81809648    0.0000000000
    1.83630719    0.0000000000
    1.85451790    0.0000000000
    1.87272861    0.0000000000
    1.89093932    0.0000000000
    1.90915003    0.0000000000
    1.92736074    0.0000000000
    1.94557144    0.0000000000
    1.96378215    0.0000000000
    1.98199286    0.0000000000
    2.00020357    0.0000000000
    2.01841428    0.0000000000
    2.03662499    0.0000000000
    2.05483570    0.0000000000
    2.07304640    0.0000000000
    2.09125711    0.0000000000
    2.10946782    0.0000000000
    2.12767853    0.0000000000
    2.14588924    0.0000000000
    2.16409995    0.0000000000
    2.18231065    0.0000000000
    2.20052136    0.0000000000
    2.21873207    0.0000000000
    2.23694278    0.0000000000
    2.25515349    0.0000000000
    2.27336420    0.0000000000
    2.29157491    0.0000000000
    2.30978561    0.0000000000
    2.32799632    0.0000000000
    2.34620703    0.0000000000
    2.36441774    0.0000000000
    2.38262845    0.0000000000
    2.40083916    0.0000000000
    2.41904987    0.0000000000
    2.43726057    0.0000000000
    2.45547128    0.0000000000
    2.47368199    0.0000000000
    2.49189270    0.0000000000
    2.51010341    0.0000000000
    2.52831412    0.0000000000
    2.54652483    0.0000000000
    2.56473553    0.0000000000
    2.58294624    0.0000000000
    2.60115695    0.0000000000
    2.61936766    0.0000000000
    2.63757837    0.0000000000
    2.65578908    0.0000000000
    2.67399979    0.0000000000
    2.69221049    0.0000000000
    2.71042120    0.0000000000
    2.72863191    0.0000000000
    2.74684262    0.0000000000
    2.76505333    0.0000000000
    2.78326404    0.0000000000
    2.80147475    0.0000000000
    2.81968545    0.0000000000
    2.83789616    0.0000000000
    2.85610687    0.0000000000
    2.87431758    0.0000000000
    2.89252829    0.0000000000
    2.91073900    0.0000000000
    2.92894971    0.0000000000
    2.94716041    0.0000000000
    2.96537112    0.0000000000
    2.98358183    0.0000000000
    3.00179254    0.0000000000
    3.02000325    0.0000000000
    3.03821396    0.0000000000
    3.05642467    0.0000000000
    3.07463537    0.0000000000
    3.09284608    0.0000000000
    3.11105679    0.0000000000
    3.12926750    0.0000000000
    3.14747821    0.0000000000
    3.16568892    0.0000000000
    3.18389963    0.0000000000
    3.20211033    0.0000000000
    3.22032104    0.0000000000
    3.23853175    0.0000000000
    3.25674246    0.0000000000
    3.27495317    0.0000000000
    3.29316388    0.0000000000
    3.31137459    0.0000000000
    3.32958529    0.0000000000
    3.34779600    0.0000000000
    3.36600671    0.0000000000
    3.38421742    0.0000000000
    3.40242813    0.0000000000
    3.42063884    0.0000000000
    3.43884955    0.0000000000
    3.45706025    0.0000000000
    3.47527096    0.0000000000
    3.49348167    0.0000000000
    3.51169238    0.0000000000
    3.52990309    0.0000000000
    3.54811380    0.0000000000
    3.56632451    0.0000000000
    3.58453521    0.0000000000
    3.60274592    0.0000000000
    3.62095663    0.0000000000
    3.63916734    0.0000000000
    3.65737805    0.0000000000
    3.67558876    0.0000000000
    3.69379947    0.0000000000
    3.71201017    0.0000000000
    3.73022088    0.0000000000
    3.74843159    0.0000000000
    3.76664230    0.0000000000
    3.78485301    0.0000000001
    3.80306372    0.0000000006
    3.82127443    0.0000000026
    3.83948513    0.0000000103
    3.85769584    0.0000000391
    3.87590655    0.0000001414
    3.89411726    0.0000004880
    3.91232797    0.0000016087
    3.93053868    0.0000050653
    3.94874939    0.0000152326
    3.96696009    0.0000437495
    3.98517080    0.0001200067
    4.00338151    0.0003143920
    4.02159222    0.0007866310
    4.03980293    0.0018797677
    4.05801364    0.0042901337
    4.07622435    0.0093512790
    4.09443505    0.0194672556
    4.11264576    0.0387054371
    4.13085647    0.0734975318
    4.14906718    0.1332929145
    4.16727789    0.2308739348
    4.18548860    0.3819234077
    4.20369931    0.6034081616
    4.22191001    0.9104992972
    4.24012072    1.3121442483
    4.25833143    1.8059972248
    4.27654214    2.3740294798
    4.29475285    2.9804968548
    4.31296356    3.5737548649
    4.33117427    4.0925536621
    4.34938497    4.4760768785
    4.36759568    4.6755663349
    4.38580639    4.6644929410
    4.40401710    4.4443493425
    4.42222781    4.0443196058
    4.44043852    3.5149267601
    4.45864923    2.9175655540
    4.47685993    2.3129087388
    4.49507064    1.7511764272
    4.51328135    1.2662948465
    4.53149206    0.8745271718
    4.54970277    0.5768266371
    4.56791348    0.3633714805
    4.58612419    0.2186200054
    4.60433489    0.1256210718
    4.62254560    0.0689395779
    4.64075631    0.0361333540
    4.65896702    0.0180876216
    4.67717773    0.0086474525
    4.69538844    0.0039484663
    4.71359915    0.0017218774
    4.73180985    0.0007171492
    4.75002056    0.0002852662
    4.76823127    0.0001083739
    4.78644198    0.0000393217
    4.80465269    0.0000136262
    4.82286340    0.0000045097
    4.84107411    0.0000014255
    4.85928481    0.0000004303
    4.87749552    0.0000001241
    4.89570623    0.0000000342
    4.91391694    0.0000000090
    4.93212765    0.0000000023
    4.95033836    0.0000000005
    4.96854907    0.0000000001
    4.98675977    0.0000000000
    5.00497048    0.0000000000
    5.02318119    0.0000000000
    5.04139190    0.0000000000
    5.05960261    0.0000000000
    5.07781332    0.0000000000
    5.09602403    0.0000000000
    5.11423473    0.0000000000
    5.13244544    0.0000000000
    5.15065615    0.0000000000
    5.16886686    0.0000000000
    5.18707757    0.0000000000
    5.20528828    0.0000000000
    5.22349898    0.0000000000
    5.24170969    0.0000000000
    5.25992040    0.0000000000
    5.27813111    0.0000000000
    5.29634182    0.0000000000
    5.31455253    0.0000000000
    5.33276324    0.0000000000
    5.35097394    0.0000000000
    5.36918465    0.0000000000
    5.38739536    0.0000000000
    5.40560607    0.0000000000
    5.42381678    0.0000000000
    5.44202749    0.0000000000
    5.46023820    0.0000000000
    5.47844890    0.0000000000
    5.49665961    0.0000000000
    5.51487032    0.0000000000
    5.53308103    0.0000000000
    5.55129174    0.0000000000
    5.56950245    0.0000000000
    5.58771316    0.0000000000
    5.60592386    0.0000000000
    5.62413457    0.0000000000
    5.64234528    0.0000000000
    5.66055599    0.0000000000
    5.67876670    0.0000000000
    5.69697741    0.0000000000
    5.71518812    0.0000000000
    5.73339882    0.0000000000
    5.75160953    0.0000000000
    5.76982024    0.0000000000
    5.78803095    0.0000000000
    5.80624166    0.0000000000
    5.82445237    0.0000000000
    5.84266308    0.0000000000
    5.86087378    0.0000000000
    5.87908449    0.0000000000
    5.89729520    0.0000000000
    5.91550591    0.0000000000
    5.93371662    0.0000000000
    5.95192733    0.0000000000
    5.97013804    0.0000000000
    5.98834874    0.0000000000
    6.00655945    0.0000000000
    6.02477016    0.0000000000
    6.04298087    0.0000000000
    6.06119158    0.0000000000
    6.07940229    0.0000000000
    6.09761300    0.0000000000
    6.11582370    0.0000000000
    6.13403441    0.0000000000
    6.15224512    0.0000000000
    6.17045583    0.0000000002
    6.18866654    0.0000000008
    6.20687725    0.0000000034
    6.22508796    0.0000000133
    6.24329866    0.0000000499
    6.26150937    0.0000001788
    6.27972008    0.0000006118
    6.29793079    0.0000019997
    6.31614150    0.0000062428
    6.33435221    0.0000186130
    6.35256292    0.0000530016
    6.37077362    0.0001441434
    6.38898433    0.0003743982
    6.40719504    0.0009287662
    6.42540575    0.0022004554
    6.44361646    0.0049791165
    6.46182717    0.0107603284
    6.48003788    0.0222091684
    6.49824858    0.0437796818
    6.51645929    0.0824226237
    6.53467000    0.1482019100
    6.55288071    0.2545040502
    6.57109142    0.4174160334
    6.58930213    0.6538484323
    6.60751284    0.9781795479
    6.62572354    1.3976344632
    6.64393425    1.9072259854
    6.66214496    2.4856744073
    6.68035567    3.0939967828
    6.69856638    3.6781463559
    6.71677709    4.1761076560
    6.73498780    4.5284324825
    6.75319850    4.6898358206
    6.77140921    4.6387494224
    6.78961992    4.3820539340
    6.80783063    3.9535574604
    6.82604134    3.4066845677
    6.84425205    2.8035565626
    6.86246276    2.2035365235
    6.88067346    1.6541112503
    6.89888417    1.1858853637
    6.91709488    0.8119966433
    6.93530559    0.5310058311
    6.95351630    0.3316483782
    6.97172701    0.1978290188
    6.98993772    0.1127030443
    7.00814842    0.0613217908
    7.02635913    0.0318659993
    7.04456984    0.0158151672
    7.06278055    0.0074964140
    7.08099126    0.0033936486
    7.09920197    0.0014672824
    7.11741268    0.0006058904
    7.13562338    0.0002389505
    7.15383409    0.0000900027
    7.17204480    0.0000323770
    7.19025551    0.0000111237
    7.20846622    0.0000036501
    7.22667693    0.0000011439
    7.24488764    0.0000003424
    7.26309834    0.0000000979
    7.28130905    0.0000000267
    7.29951976    0.0000000070
    7.31773047    0.0000000017
    7.33594118    0.0000000004
    7.35415189    0.0000000001
    7.37236260    0.0000000000
    7.39057330    0.0000000000
    7.40878401    0.0000000000
    7.42699472    0.0000000000
    7.44520543    0.0000000000
    7.46341614    0.0000000000
    7.48162685    0.0000000000
    7.49983756    0.0000000000
    7.51804826    0.0000000000
    7.53625897    0.0000000000
    7.55446968    0.0000000000
    7.57268039    0.0000000000
    7.59089110    0.0000000000
    7.60910181    0.0000000000
    7.62731252    0.0000000000
    7.64552322    0.0000000000
    7.66373393    0.0000000000
    7.68194464    0.0000000000
    7.70015535    0.0000000000
    7.71836606    0.0000000000
    7.73657677    0.0000000000
    7.75478748    0.0000000000
    7.77299818    0.0000000000
    7.79120889    0.0000000000
    7.80941960    0.0000000000
    7.82763031    0.0000000000
    7.84584102    0.0000000000
    7.86405173    0.0000000000
    7.88226244    0.0000000000
    7.90047314    0.0000000000
    7.91868385    0.0000000000
    7.93689456    0.0000000000
    7.95510527    0.0000000000
    7.97331598    0.0000000000
    7.99152669    0.0000000000
    8.00973740    0.0000000000
    8.02794810    0.0000000000
    8.04615881    0.0000000000
    8.06436952    0.0000000000
    8.08258023    0.0000000000
    8.10079094    0.0000000000
    8.11900165    0.0000000000
    8.13721236    0.0000000000
    8.15542306    0.0000000000
    8.17363377    0.0000000000
    8.19184448    0.0000000000
    8.21005519    0.0000000000
    8.22826590    0.0000000000
    8.24647661    0.0000000000
    8.26468732    0.0000000000
    8.28289802    0.0000000000
    8.30110873    0.0000000000
    8.31931944    0.0000000000
    8.33753015    0.0000000000
    8.35574086    0.0000000000
    8.37395157    0.0000000000
    8.39216227    0.0000000000
    8.41037298    0.0000000000
    8.42858369    0.0000000000
    8.44679440    0.0000000000
    8.46500511    0.0000000000
    8.48321582    0.0000000000
    8.50142653    0.0000000000
    8.51963723    0.0000000000
    8.53784794    0.0000000000
    8.55605865    0.0000000000
    8.57426936    0.0000000000
    8.59248007    0.0000000000
    8.61069078    0.0000000000
    8.62890149    0.0000000000
    8.64711219    0.0000000000
    8.66532290    0.0000000000
    8.68353361    0.0000000000
    8.70174432    0.0000000000
    8.71995503    0.0000000000
    8.73816574    0.0000000000
    8.75637645    0.0000000000
    8.77458715    0.0000000000
    8.79279786    0.0000000000
    8.81100857    0.0000000000
    8.82921928    0.0000000000
    8.84742999    0.0000000000
    8.86564070    0.0000000000
    8.88385141    0.0000000000
    8.90206211    0.0000000000
    8.92027282    0.0000000000
    8.93848353    0.0000000000
    8.95669424    0.0000000000
    8.97490495    0.0000000000
    8.99311566    0.0000000000
    9.01132637    0.0000000000
    9.02953707    0.0000000000
    9.04774778    0.0000000000
    9.06595849    0.0000000000
    9.08416920    0.0000000000
    9.10237991    0.0000000000
    9.12059062    0.0000000000
    9.13880133    0.0000000000
    9.15701203    0.0000000000
    9.17522274    0.0000000000
    9.19343345    0.0000000000
    9.21164416    0.0000000000
    9.22985487    0.0000000000
    9.24806558    0.0000000000
    9.26627629    0.0000000000
    9.28448699    0.0000000000
    9.30269770    0.0000000000
    9.32090841    0.0000000000
    9.33911912    0.0000000000
    9.35732983    0.0000000000
    9.37554054    0.0000000000
    9.39375125    0.0000000000
    9.41196195    0.0000000000
    9.43017266    0.0000000000
    9.44838337    0.0000000000
    9.46659408    0.0000000000
    9.48480479    0.0000000000
    9.50301550    0.0000000000
    9.52122621    0.0000000000
    9.53943691    0.0000000000
    9.55764762    0.0000000000
    9.57585833    0.0000000000
    9.59406904    0.0000000000
    9.61227975    0.0000000000
    9.63049046    0.0000000000
    9.64870117    0.0000000000
    9.66691187    0.0000000000
    9.68512258    0.0000000000
    9.70333329    0.0000000000
    9.72154400    0.0000000000
    9.73975471    0.0000000000
    9.75796542    0.0000000000
