#  Energy (eV) |  DOS (states/eV)
  -26.59087662    0.0000000000
  -26.57043160    0.0000000000
  -26.54998658    0.0000000000
  -26.52954155    0.0000000000
  -26.50909653    0.0000000000
  -26.48865151    0.0000000000
  -26.46820648    0.0000000000
  -26.44776146    0.0000000000
  -26.42731644    0.0000000000
  -26.40687141    0.0000000000
  -26.38642639    0.0000000000
  -26.36598137    0.0000000000
  -26.34553634    0.0000000000
  -26.32509132    0.0000000000
  -26.30464630    0.0000000000
  -26.28420127    0.0000000000
  -26.26375625    0.0000000000
  -26.24331123    0.0000000000
  -26.22286620    0.0000000000
  -26.20242118    0.0000000000
  -26.18197616    0.0000000000
  -26.16153113    0.0000000000
  -26.14108611    0.0000000000
  -26.12064109    0.0000000000
  -26.10019606    0.0000000000
  -26.07975104    0.0000000000
  -26.05930602    0.0000000000
  -26.03886099    0.0000000000
  -26.01841597    0.0000000000
  -25.99797095    0.0000000000
  -25.97752592    0.0000000000
  -25.95708090    0.0000000000
  -25.93663588    0.0000000000
  -25.91619085    0.0000000000
  -25.89574583    0.0000000000
  -25.87530081    0.0000000000
  -25.85485578    0.0000000000
  -25.83441076    0.0000000000
  -25.81396574    0.0000000000
  -25.79352071    0.0000000000
  -25.77307569    0.0000000000
  -25.75263067    0.0000000000
  -25.73218564    0.0000000000
  -25.71174062    0.0000000000
  -25.69129560    0.0000000000
  -25.67085057    0.0000000000
  -25.65040555    0.0000000000
  -25.62996053    0.0000000000
  -25.60951550    0.0000000000
  -25.58907048    0.0000000000
  -25.56862546    0.0000000000
  -25.54818043    0.0000000000
  -25.52773541    0.0000000000
  -25.50729039    0.0000000000
  -25.48684536    0.0000000000
  -25.46640034    0.0000000000
  -25.44595532    0.0000000000
  -25.42551029    0.0000000000
  -25.40506527    0.0000000000
  -25.38462025    0.0000000000
  -25.36417522    0.0000000000
  -25.34373020    0.0000000000
  -25.32328518    0.0000000000
  -25.30284015    0.0000000000
  -25.28239513    0.0000000000
  -25.26195011    0.0000000000
  -25.24150508    0.0000000000
  -25.22106006    0.0000000000
  -25.20061504    0.0000000000
  -25.18017001    0.0000000000
  -25.15972499    0.0000000000
  -25.13927997    0.0000000000
  -25.11883494    0.0000000000
  -25.09838992    0.0000000000
  -25.07794490    0.0000000000
  -25.05749987    0.0000000000
  -25.03705485    0.0000000000
  -25.01660983    0.0000000000
  -24.99616480    0.0000000000
  -24.97571978    0.0000000000
  -24.95527476    0.0000000000
  -24.93482973    0.0000000000
  -24.91438471    0.0000000000
  -24.89393969    0.0000000000
  -24.87349466    0.0000000000
  -24.85304964    0.0000000000
  -24.83260462    0.0000000000
  -24.81215959    0.0000000000
  -24.79171457    0.0000000000
  -24.77126955    0.0000000000
  -24.75082452    0.0000000000
  -24.73037950    0.0000000000
  -24.70993448    0.0000000000
  -24.68948945    0.0000000000
  -24.66904443    0.0000000000
  -24.64859941    0.0000000000
  -24.62815438    0.0000000000
  -24.60770936    0.0000000000
  -24.58726434    0.0000000000
  -24.56681931    0.0000000000
  -24.54637429    0.0000000000
  -24.52592927    0.0000000000
  -24.50548424    0.0000000000
  -24.48503922    0.0000000000
  -24.46459420    0.0000000000
  -24.44414917    0.0000000000
  -24.42370415    0.0000000000
  -24.40325913    0.0000000000
  -24.38281410    0.0000000000
  -24.36236908    0.0000000000
  -24.34192406    0.0000000000
  -24.32147903    0.0000000000
  -24.30103401    0.0000000000
  -24.28058899    0.0000000000
  -24.26014396    0.0000000000
  -24.23969894    0.0000000000
  -24.21925392    0.0000000000
  -24.19880889    0.0000000000
  -24.17836387    0.0000000002
  -24.15791885    0.0000000010
  -24.13747382    0.0000000048
  -24.11702880    0.0000000218
  -24.09658378    0.0000000940
  -24.07613875    0.0000003829
  -24.05569373    0.0000014717
  -24.03524871    0.0000053383
  -24.01480368    0.0000182730
  -23.99435866    0.0000590273
  -23.97391364    0.0001799409
  -23.95346861    0.0005176549
  -23.93302359    0.0014053495
  -23.91257857    0.0036004919
  -23.89213354    0.0087050812
  -23.87168852    0.0198617411
  -23.85124350    0.0427656730
  -23.83079847    0.0868974046
  -23.81035345    0.1666294659
  -23.78990843    0.3015298423
  -23.76946340    0.5149230116
  -23.74901838    0.8298274605
  -23.72857336    1.2620216509
  -23.70812833    1.8112538040
  -23.68768331    2.4531568510
  -23.66723829    3.1354857075
  -23.64679326    3.7819678739
  -23.62634824    4.3049126822
  -23.60590322    4.6242825284
  -23.58545819    4.6876791120
  -23.56501317    4.4844056552
  -23.54456815    4.0484185837
  -23.52412312    3.4490495181
  -23.50367810    2.7729813652
  -23.48323308    2.1039139548
  -23.46278805    1.5064076031
  -23.44234303    1.0178658070
  -23.42189801    0.6490408825
  -23.40145298    0.3905593895
  -23.38100796    0.2217867590
  -23.36056294    0.1188550524
  -23.34011791    0.0601081252
  -23.31967289    0.0286868075
  -23.29922787    0.0129200667
  -23.27878284    0.0054913711
  -23.25833782    0.0022025731
  -23.23789280    0.0008337069
  -23.21744777    0.0002978036
  -23.19700275    0.0001003876
  -23.17655773    0.0000319347
  -23.15611270    0.0000095870
  -23.13566768    0.0000027160
  -23.11522266    0.0000007261
  -23.09477763    0.0000001832
  -23.07433261    0.0000000436
  -23.05388759    0.0000000098
  -23.03344256    0.0000000021
  -23.01299754    0.0000000004
  -22.99255252    0.0000000001
  -22.97210749    0.0000000000
  -22.95166247    0.0000000000
  -22.93121745    0.0000000000
  -22.91077242    0.0000000000
  -22.89032740    0.0000000000
  -22.86988238    0.0000000000
  -22.84943735    0.0000000000
  -22.82899233    0.0000000000
  -22.80854731    0.0000000000
  -22.78810228    0.0000000000
  -22.76765726    0.0000000000
  -22.74721224    0.0000000000
  -22.72676721    0.0000000000
  -22.70632219    0.0000000000
  -22.68587717    0.0000000000
  -22.66543214    0.0000000000
  -22.64498712    0.0000000000
  -22.62454210    0.0000000000
  -22.60409707    0.0000000000
  -22.58365205    0.0000000000
  -22.56320703    0.0000000000
  -22.54276200    0.0000000000
  -22.52231698    0.0000000000
  -22.50187196    0.0000000000
  -22.48142693    0.0000000000
  -22.46098191    0.0000000000
  -22.44053689    0.0000000000
  -22.42009186    0.0000000000
  -22.39964684    0.0000000000
  -22.37920182    0.0000000000
  -22.35875679    0.0000000000
  -22.33831177    0.0000000000
  -22.31786675    0.0000000000
  -22.29742172    0.0000000000
  -22.27697670    0.0000000000
  -22.25653168    0.0000000000
  -22.23608665    0.0000000000
  -22.21564163    0.0000000000
  -22.19519661    0.0000000000
  -22.17475158    0.0000000000
  -22.15430656    0.0000000000
  -22.13386154    0.0000000000
  -22.11341651    0.0000000000
  -22.09297149    0.0000000000
  -22.07252647    0.0000000000
  -22.05208144    0.0000000000
  -22.03163642    0.0000000000
  -22.01119140    0.0000000000
  -21.99074637    0.0000000000
  -21.97030135    0.0000000000
  -21.94985633    0.0000000000
  -21.92941130    0.0000000000
  -21.90896628    0.0000000000
  -21.88852126    0.0000000000
  -21.86807623    0.0000000000
  -21.84763121    0.0000000000
  -21.82718619    0.0000000000
  -21.80674116    0.0000000000
  -21.78629614    0.0000000000
  -21.76585112    0.0000000000
  -21.74540609    0.0000000000
  -21.72496107    0.0000000000
  -21.70451605    0.0000000000
  -21.68407102    0.0000000000
  -21.66362600    0.0000000000
  -21.64318098    0.0000000000
  -21.62273595    0.0000000000
  -21.60229093    0.0000000000
  -21.58184591    0.0000000000
  -21.56140088    0.0000000000
  -21.54095586    0.0000000000
  -21.52051084    0.0000000000
  -21.50006581    0.0000000000
  -21.47962079    0.0000000000
  -21.45917577    0.0000000000
  -21.43873074    0.0000000000
  -21.41828572    0.0000000000
  -21.39784070    0.0000000000
  -21.37739568    0.0000000000
  -21.35695065    0.0000000000
  -21.33650563    0.0000000000
  -21.31606061    0.0000000000
  -21.29561558    0.0000000000
  -21.27517056    0.0000000000
  -21.25472554    0.0000000000
  -21.23428051    0.0000000000
  -21.21383549    0.0000000000
  -21.19339047    0.0000000000
  -21.17294544    0.0000000000
  -21.15250042    0.0000000000
  -21.13205540    0.0000000000
  -21.11161037    0.0000000000
  -21.09116535    0.0000000000
  -21.07072033    0.0000000000
  -21.05027530    0.0000000000
  -21.02983028    0.0000000000
  -21.00938526    0.0000000000
  -20.98894023    0.0000000000
  -20.96849521    0.0000000000
  -20.94805019    0.0000000000
  -20.92760516    0.0000000000
  -20.90716014    0.0000000000
  -20.88671512    0.0000000000
  -20.86627009    0.0000000000
  -20.84582507    0.0000000000
  -20.82538005    0.0000000000
  -20.80493502    0.0000000000
  -20.78449000    0.0000000000
  -20.76404498    0.0000000000
  -20.74359995    0.0000000000
  -20.72315493    0.0000000000
  -20.70270991    0.0000000000
  -20.68226488    0.0000000000
  -20.66181986    0.0000000000
  -20.64137484    0.0000000000
  -20.62092981    0.0000000000
  -20.60048479    0.0000000000
  -20.58003977    0.0000000000
  -20.55959474    0.0000000000
  -20.53914972    0.0000000000
  -20.51870470    0.0000000000
  -20.49825967    0.0000000000
  -20.47781465    0.0000000000
  -20.45736963    0.0000000000
  -20.43692460    0.0000000000
  -20.41647958    0.0000000000
  -20.39603456    0.0000000000
  -20.37558953    0.0000000000
  -20.35514451    0.0000000000
  -20.33469949    0.0000000000
  -20.31425446    0.0000000000
  -20.29380944    0.0000000000
  -20.27336442    0.0000000000
  -20.25291939    0.0000000000
  -20.23247437    0.0000000000
  -20.21202935    0.0000000000
  -20.19158432    0.0000000000
  -20.17113930    0.0000000000
  -20.15069428    0.0000000000
  -20.13024925    0.0000000000
  -20.10980423    0.0000000000
  -20.08935921    0.0000000000
  -20.06891418    0.0000000000
  -20.04846916    0.0000000000
  -20.02802414    0.0000000000
  -20.00757911    0.0000000000
  -19.98713409    0.0000000000
  -19.96668907    0.0000000000
  -19.94624404    0.0000000000
  -19.92579902    0.0000000000
  -19.90535400    0.0000000000
  -19.88490897    0.0000000000
  -19.86446395    0.0000000000
  -19.84401893    0.0000000000
  -19.82357390    0.0000000000
  -19.80312888    0.0000000000
  -19.78268386    0.0000000000
  -19.76223883    0.0000000000
  -19.74179381    0.0000000000
  -19.72134879    0.0000000000
  -19.70090376    0.0000000000
  -19.68045874    0.0000000000
  -19.66001372    0.0000000000
  -19.63956869    0.0000000000
  -19.61912367    0.0000000000
  -19.59867865    0.0000000000
  -19.57823362    0.0000000000
  -19.55778860    0.0000000000
  -19.53734358    0.0000000000
  -19.51689855    0.0000000000
  -19.49645353    0.0000000000
  -19.47600851    0.0000000000
  -19.45556348    0.0000000000
  -19.43511846    0.0000000000
  -19.41467344    0.0000000000
  -19.39422841    0.0000000000
  -19.37378339    0.0000000000
  -19.35333837    0.0000000000
  -19.33289334    0.0000000000
  -19.31244832    0.0000000000
  -19.29200330    0.0000000000
  -19.27155827    0.0000000000
  -19.25111325    0.0000000000
  -19.23066823    0.0000000000
  -19.21022320    0.0000000000
  -19.18977818    0.0000000000
  -19.16933316    0.0000000000
  -19.14888813    0.0000000000
  -19.12844311    0.0000000000
  -19.10799809    0.0000000000
  -19.08755306    0.0000000000
  -19.06710804    0.0000000000
  -19.04666302    0.0000000000
  -19.02621799    0.0000000000
  -19.00577297    0.0000000000
  -18.98532795    0.0000000000
  -18.96488292    0.0000000000
  -18.94443790    0.0000000000
  -18.92399288    0.0000000000
  -18.90354785    0.0000000000
  -18.88310283    0.0000000000
  -18.86265781    0.0000000000
  -18.84221278    0.0000000000
  -18.82176776    0.0000000000
  -18.80132274    0.0000000000
  -18.78087771    0.0000000000
  -18.76043269    0.0000000000
  -18.73998767    0.0000000000
  -18.71954264    0.0000000000
  -18.69909762    0.0000000000
  -18.67865260    0.0000000000
  -18.65820757    0.0000000000
  -18.63776255    0.0000000000
  -18.61731753    0.0000000000
  -18.59687250    0.0000000000
  -18.57642748    0.0000000000
  -18.55598246    0.0000000000
  -18.53553743    0.0000000000
  -18.51509241    0.0000000000
  -18.49464739    0.0000000000
  -18.47420236    0.0000000000
  -18.45375734    0.0000000000
  -18.43331232    0.0000000000
  -18.41286729    0.0000000000
  -18.39242227    0.0000000000
  -18.37197725    0.0000000000
  -18.35153222    0.0000000000
  -18.33108720    0.0000000000
  -18.31064218    0.0000000000
  -18.29019715    0.0000000000
  -18.26975213    0.0000000000
  -18.24930711    0.0000000000
  -18.22886208    0.0000000000
  -18.20841706    0.0000000000
  -18.18797204    0.0000000000
  -18.16752701    0.0000000000
  -18.14708199    0.0000000000
  -18.12663697    0.0000000000
  -18.10619194    0.0000000000
  -18.08574692    0.0000000000
  -18.06530190    0.0000000000
  -18.04485687    0.0000000000
  -18.02441185    0.0000000000
  -18.00396683    0.0000000000
  -17.98352180    0.0000000000
  -17.96307678    0.0000000000
  -17.94263176    0.0000000000
  -17.92218673    0.0000000000
  -17.90174171    0.0000000000
  -17.88129669    0.0000000000
  -17.86085166    0.0000000000
  -17.84040664    0.0000000000
  -17.81996162    0.0000000000
  -17.79951659    0.0000000000
  -17.77907157    0.0000000000
  -17.75862655    0.0000000000
  -17.73818152    0.0000000000
  -17.71773650    0.0000000000
  -17.69729148    0.0000000000
  -17.67684645    0.0000000000
  -17.65640143    0.0000000000
  -17.63595641    0.0000000000
  -17.61551138    0.0000000000
  -17.59506636    0.0000000000
  -17.57462134    0.0000000000
  -17.55417631    0.0000000000
  -17.53373129    0.0000000000
  -17.51328627    0.0000000000
  -17.49284124    0.0000000000
  -17.47239622    0.0000000000
  -17.45195120    0.0000000000
  -17.43150617    0.0000000000
  -17.41106115    0.0000000000
  -17.39061613    0.0000000000
  -17.37017110    0.0000000000
  -17.34972608    0.0000000000
  -17.32928106    0.0000000000
  -17.30883603    0.0000000000
  -17.28839101    0.0000000000
  -17.26794599    0.0000000000
  -17.24750096    0.0000000000
  -17.22705594    0.0000000000
  -17.20661092    0.0000000000
  -17.18616589    0.0000000000
  -17.16572087    0.0000000000
  -17.14527585    0.0000000000
  -17.12483082    0.0000000000
  -17.10438580    0.0000000000
  -17.08394078    0.0000000000
  -17.06349575    0.0000000000
  -17.04305073    0.0000000000
  -17.02260571    0.0000000000
  -17.00216068    0.0000000000
  -16.98171566    0.0000000000
  -16.96127064    0.0000000000
  -16.94082561    0.0000000000
  -16.92038059    0.0000000000
  -16.89993557    0.0000000000
  -16.87949054    0.0000000000
  -16.85904552    0.0000000000
  -16.83860050    0.0000000000
  -16.81815547    0.0000000000
  -16.79771045    0.0000000000
  -16.77726543    0.0000000000
  -16.75682040    0.0000000000
  -16.73637538    0.0000000000
  -16.71593036    0.0000000000
  -16.69548533    0.0000000000
  -16.67504031    0.0000000000
  -16.65459529    0.0000000000
  -16.63415026    0.0000000000
  -16.61370524    0.0000000000
  -16.59326022    0.0000000000
  -16.57281519    0.0000000000
  -16.55237017    0.0000000000
  -16.53192515    0.0000000000
  -16.51148012    0.0000000000
  -16.49103510    0.0000000000
  -16.47059008    0.0000000000
  -16.45014505    0.0000000000
  -16.42970003    0.0000000000
  -16.40925501    0.0000000000
  -16.38880998    0.0000000000
  -16.36836496    0.0000000000
  -16.34791994    0.0000000000
  -16.32747491    0.0000000000
  -16.30702989    0.0000000000
  -16.28658487    0.0000000000
  -16.26613984    0.0000000000
  -16.24569482    0.0000000000
  -16.22524980    0.0000000000
  -16.20480477    0.0000000000
  -16.18435975    0.0000000000
  -16.16391473    0.0000000000
  -16.14346970    0.0000000000
  -16.12302468    0.0000000000
  -16.10257966    0.0000000000
  -16.08213463    0.0000000000
  -16.06168961    0.0000000000
  -16.04124459    0.0000000000
  -16.02079956    0.0000000000
  -16.00035454    0.0000000000
  -15.97990952    0.0000000000
  -15.95946449    0.0000000000
  -15.93901947    0.0000000000
  -15.91857445    0.0000000000
  -15.89812942    0.0000000000
  -15.87768440    0.0000000000
  -15.85723938    0.0000000000
  -15.83679435    0.0000000000
  -15.81634933    0.0000000000
  -15.79590431    0.0000000000
  -15.77545928    0.0000000000
  -15.75501426    0.0000000000
  -15.73456924    0.0000000000
  -15.71412421    0.0000000000
  -15.69367919    0.0000000000
  -15.67323417    0.0000000000
  -15.65278914    0.0000000000
  -15.63234412    0.0000000000
  -15.61189910    0.0000000000
  -15.59145407    0.0000000000
  -15.57100905    0.0000000000
  -15.55056403    0.0000000000
  -15.53011900    0.0000000000
  -15.50967398    0.0000000000
  -15.48922896    0.0000000000
  -15.46878393    0.0000000000
  -15.44833891    0.0000000000
  -15.42789389    0.0000000000
  -15.40744886    0.0000000000
  -15.38700384    0.0000000000
  -15.36655882    0.0000000000
  -15.34611379    0.0000000000
  -15.32566877    0.0000000000
  -15.30522375    0.0000000000
  -15.28477872    0.0000000000
  -15.26433370    0.0000000000
  -15.24388868    0.0000000000
  -15.22344365    0.0000000000
  -15.20299863    0.0000000000
  -15.18255361    0.0000000000
  -15.16210858    0.0000000000
  -15.14166356    0.0000000000
  -15.12121854    0.0000000000
  -15.10077351    0.0000000000
  -15.08032849    0.0000000000
  -15.05988347    0.0000000000
  -15.03943844    0.0000000000
  -15.01899342    0.0000000000
  -14.99854840    0.0000000000
  -14.97810337    0.0000000000
  -14.95765835    0.0000000000
  -14.93721333    0.0000000000
  -14.91676830    0.0000000000
  -14.89632328    0.0000000000
  -14.87587826    0.0000000000
  -14.85543323    0.0000000000
  -14.83498821    0.0000000000
  -14.81454319    0.0000000000
  -14.79409816    0.0000000000
  -14.77365314    0.0000000000
  -14.75320812    0.0000000000
  -14.73276309    0.0000000000
  -14.71231807    0.0000000000
  -14.69187305    0.0000000000
  -14.67142802    0.0000000000
  -14.65098300    0.0000000000
  -14.63053798    0.0000000000
  -14.61009295    0.0000000000
  -14.58964793    0.0000000000
  -14.56920291    0.0000000000
  -14.54875788    0.0000000000
  -14.52831286    0.0000000000
  -14.50786784    0.0000000000
  -14.48742281    0.0000000000
  -14.46697779    0.0000000000
  -14.44653277    0.0000000000
  -14.42608775    0.0000000000
  -14.40564272    0.0000000000
  -14.38519770    0.0000000000
  -14.36475268    0.0000000000
  -14.34430765    0.0000000000
  -14.32386263    0.0000000000
  -14.30341761    0.0000000000
  -14.28297258    0.0000000000
  -14.26252756    0.0000000000
  -14.24208254    0.0000000000
  -14.22163751    0.0000000000
  -14.20119249    0.0000000000
  -14.18074747    0.0000000000
  -14.16030244    0.0000000000
  -14.13985742    0.0000000000
  -14.11941240    0.0000000000
  -14.09896737    0.0000000000
  -14.07852235    0.0000000000
  -14.05807733    0.0000000000
  -14.03763230    0.0000000000
  -14.01718728    0.0000000000
  -13.99674226    0.0000000000
  -13.97629723    0.0000000000
  -13.95585221    0.0000000000
  -13.93540719    0.0000000000
  -13.91496216    0.0000000000
  -13.89451714    0.0000000000
  -13.87407212    0.0000000000
  -13.85362709    0.0000000000
  -13.83318207    0.0000000000
  -13.81273705    0.0000000000
  -13.79229202    0.0000000000
  -13.77184700    0.0000000000
  -13.75140198    0.0000000000
  -13.73095695    0.0000000000
  -13.71051193    0.0000000000
  -13.69006691    0.0000000000
  -13.66962188    0.0000000000
  -13.64917686    0.0000000000
  -13.62873184    0.0000000000
  -13.60828681    0.0000000000
  -13.58784179    0.0000000000
  -13.56739677    0.0000000000
  -13.54695174    0.0000000000
  -13.52650672    0.0000000000
  -13.50606170    0.0000000000
  -13.48561667    0.0000000000
  -13.46517165    0.0000000000
  -13.44472663    0.0000000000
  -13.42428160    0.0000000000
  -13.40383658    0.0000000000
  -13.38339156    0.0000000000
  -13.36294653    0.0000000000
  -13.34250151    0.0000000000
  -13.32205649    0.0000000000
  -13.30161146    0.0000000000
  -13.28116644    0.0000000000
  -13.26072142    0.0000000000
  -13.24027639    0.0000000000
  -13.21983137    0.0000000000
  -13.19938635    0.0000000000
  -13.17894132    0.0000000000
  -13.15849630    0.0000000000
  -13.13805128    0.0000000000
  -13.11760625    0.0000000000
  -13.09716123    0.0000000000
  -13.07671621    0.0000000000
  -13.05627118    0.0000000000
  -13.03582616    0.0000000000
  -13.01538114    0.0000000000
  -12.99493611    0.0000000000
  -12.97449109    0.0000000000
  -12.95404607    0.0000000000
  -12.93360104    0.0000000000
  -12.91315602    0.0000000000
  -12.89271100    0.0000000000
  -12.87226597    0.0000000000
  -12.85182095    0.0000000000
  -12.83137593    0.0000000000
  -12.81093090    0.0000000000
  -12.79048588    0.0000000000
  -12.77004086    0.0000000000
  -12.74959583    0.0000000000
  -12.72915081    0.0000000000
  -12.70870579    0.0000000000
  -12.68826076    0.0000000000
  -12.66781574    0.0000000000
  -12.64737072    0.0000000000
  -12.62692569    0.0000000000
  -12.60648067    0.0000000000
  -12.58603565    0.0000000000
  -12.56559062    0.0000000000
  -12.54514560    0.0000000000
  -12.52470058    0.0000000000
  -12.50425555    0.0000000000
  -12.48381053    0.0000000000
  -12.46336551    0.0000000000
  -12.44292048    0.0000000000
  -12.42247546    0.0000000000
  -12.40203044    0.0000000000
  -12.38158541    0.0000000000
  -12.36114039    0.0000000000
  -12.34069537    0.0000000000
  -12.32025034    0.0000000000
  -12.29980532    0.0000000000
  -12.27936030    0.0000000000
  -12.25891527    0.0000000000
  -12.23847025    0.0000000000
  -12.21802523    0.0000000000
  -12.19758020    0.0000000000
  -12.17713518    0.0000000000
  -12.15669016    0.0000000000
  -12.13624513    0.0000000000
  -12.11580011    0.0000000000
  -12.09535509    0.0000000000
  -12.07491006    0.0000000000
  -12.05446504    0.0000000000
  -12.03402002    0.0000000000
  -12.01357499    0.0000000000
  -11.99312997    0.0000000000
  -11.97268495    0.0000000000
  -11.95223992    0.0000000000
  -11.93179490    0.0000000000
  -11.91134988    0.0000000000
  -11.89090485    0.0000000000
  -11.87045983    0.0000000000
  -11.85001481    0.0000000000
  -11.82956978    0.0000000000
  -11.80912476    0.0000000000
  -11.78867974    0.0000000000
  -11.76823471    0.0000000000
  -11.74778969    0.0000000000
  -11.72734467    0.0000000000
  -11.70689964    0.0000000000
  -11.68645462    0.0000000000
  -11.66600960    0.0000000000
  -11.64556457    0.0000000000
  -11.62511955    0.0000000000
  -11.60467453    0.0000000000
  -11.58422950    0.0000000000
  -11.56378448    0.0000000000
  -11.54333946    0.0000000000
  -11.52289443    0.0000000000
  -11.50244941    0.0000000000
  -11.48200439    0.0000000000
  -11.46155936    0.0000000000
  -11.44111434    0.0000000000
  -11.42066932    0.0000000000
  -11.40022429    0.0000000000
  -11.37977927    0.0000000000
  -11.35933425    0.0000000000
  -11.33888922    0.0000000000
  -11.31844420    0.0000000000
  -11.29799918    0.0000000000
  -11.27755415    0.0000000000
  -11.25710913    0.0000000000
  -11.23666411    0.0000000000
  -11.21621908    0.0000000000
  -11.19577406    0.0000000000
  -11.17532904    0.0000000000
  -11.15488401    0.0000000000
  -11.13443899    0.0000000000
  -11.11399397    0.0000000000
  -11.09354894    0.0000000000
  -11.07310392    0.0000000000
  -11.05265890    0.0000000000
  -11.03221387    0.0000000000
  -11.01176885    0.0000000000
  -10.99132383    0.0000000000
  -10.97087880    0.0000000000
  -10.95043378    0.0000000000
  -10.92998876    0.0000000000
  -10.90954373    0.0000000000
  -10.88909871    0.0000000000
  -10.86865369    0.0000000000
  -10.84820866    0.0000000000
  -10.82776364    0.0000000000
  -10.80731862    0.0000000000
  -10.78687359    0.0000000000
  -10.76642857    0.0000000000
  -10.74598355    0.0000000000
  -10.72553852    0.0000000000
  -10.70509350    0.0000000000
  -10.68464848    0.0000000000
  -10.66420345    0.0000000001
  -10.64375843    0.0000000005
  -10.62331341    0.0000000026
  -10.60286838    0.0000000121
  -10.58242336    0.0000000532
  -10.56197834    0.0000002219
  -10.54153331    0.0000008725
  -10.52108829    0.0000032376
  -10.50064327    0.0000113381
  -10.48019824    0.0000374702
  -10.45975322    0.0001168598
  -10.43930820    0.0003439361
  -10.41886317    0.0009552652
  -10.39841815    0.0025038229
  -10.37797313    0.0061932235
  -10.35752810    0.0144565079
  -10.33708308    0.0318451680
  -10.31663806    0.0661998786
  -10.29619303    0.1298686551
  -10.27574801    0.2404279732
  -10.25530299    0.4200482205
  -10.23485796    0.6925430968
  -10.21441294    1.0775265050
  -10.19396792    1.5821316572
  -10.17352289    2.1922535445
  -10.15307787    2.8666352901
  -10.13263285    3.5374279807
  -10.11218782    4.1194218867
  -10.09174280    4.5270828139
  -10.07129778    4.6949839050
  -10.05085275    4.5949763253
  -10.03040773    4.2439078969
  -10.00996271    3.6989811973
   -9.98951768    3.0425084915
   -9.96907266    2.3616469600
   -9.94862764    1.7299424453
   -9.92818261    1.1958641172
   -9.90773759    0.7801273730
   -9.88729257    0.4802669487
   -9.86684754    0.2790187478
   -9.84640252    0.1529739822
   -9.82595750    0.0791471463
   -9.80551247    0.0386443895
   -9.78506745    0.0178061957
   -9.76462243    0.0077426448
   -9.74417740    0.0031771742
   -9.72373238    0.0012303431
   -9.70328736    0.0004496193
   -9.68284233    0.0001550591
   -9.66239731    0.0000504641
   -9.64195229    0.0000154989
   -9.62150726    0.0000044922
   -9.60106224    0.0000012287
   -9.58061722    0.0000003171
   -9.56017219    0.0000000773
   -9.53972717    0.0000000178
   -9.51928215    0.0000000039
   -9.49883712    0.0000000008
   -9.47839210    0.0000000002
   -9.45794708    0.0000000000
   -9.43750205    0.0000000000
   -9.41705703    0.0000000000
   -9.39661201    0.0000000000
   -9.37616698    0.0000000000
   -9.35572196    0.0000000000
   -9.33527694    0.0000000000
   -9.31483191    0.0000000000
   -9.29438689    0.0000000000
   -9.27394187    0.0000000000
   -9.25349684    0.0000000000
   -9.23305182    0.0000000000
   -9.21260680    0.0000000000
   -9.19216177    0.0000000000
   -9.17171675    0.0000000000
   -9.15127173    0.0000000000
   -9.13082670    0.0000000000
   -9.11038168    0.0000000000
   -9.08993666    0.0000000000
   -9.06949163    0.0000000000
   -9.04904661    0.0000000000
   -9.02860159    0.0000000000
   -9.00815656    0.0000000000
   -8.98771154    0.0000000000
   -8.96726652    0.0000000000
   -8.94682149    0.0000000000
   -8.92637647    0.0000000000
   -8.90593145    0.0000000000
   -8.88548642    0.0000000000
   -8.86504140    0.0000000000
   -8.84459638    0.0000000000
   -8.82415135    0.0000000000
   -8.80370633    0.0000000000
   -8.78326131    0.0000000000
   -8.76281628    0.0000000000
   -8.74237126    0.0000000000
   -8.72192624    0.0000000000
   -8.70148121    0.0000000000
   -8.68103619    0.0000000000
   -8.66059117    0.0000000000
   -8.64014614    0.0000000000
   -8.61970112    0.0000000000
   -8.59925610    0.0000000000
   -8.57881107    0.0000000000
   -8.55836605    0.0000000000
   -8.53792103    0.0000000000
   -8.51747600    0.0000000000
   -8.49703098    0.0000000000
   -8.47658596    0.0000000000
   -8.45614093    0.0000000000
   -8.43569591    0.0000000000
   -8.41525089    0.0000000000
   -8.39480586    0.0000000000
   -8.37436084    0.0000000000
   -8.35391582    0.0000000000
   -8.33347079    0.0000000000
   -8.31302577    0.0000000000
   -8.29258075    0.0000000000
   -8.27213572    0.0000000000
   -8.25169070    0.0000000000
   -8.23124568    0.0000000000
   -8.21080065    0.0000000000
   -8.19035563    0.0000000000
   -8.16991061    0.0000000000
   -8.14946558    0.0000000000
   -8.12902056    0.0000000000
   -8.10857554    0.0000000000
   -8.08813051    0.0000000000
   -8.06768549    0.0000000000
   -8.04724047    0.0000000000
   -8.02679544    0.0000000000
   -8.00635042    0.0000000000
   -7.98590540    0.0000000000
   -7.96546037    0.0000000000
   -7.94501535    0.0000000000
   -7.92457033    0.0000000000
   -7.90412530    0.0000000000
   -7.88368028    0.0000000000
   -7.86323526    0.0000000000
   -7.84279023    0.0000000000
   -7.82234521    0.0000000000
   -7.80190019    0.0000000000
   -7.78145516    0.0000000000
   -7.76101014    0.0000000000
   -7.74056512    0.0000000000
   -7.72012009    0.0000000000
   -7.69967507    0.0000000000
   -7.67923005    0.0000000000
   -7.65878502    0.0000000000
   -7.63834000    0.0000000000
   -7.61789498    0.0000000000
   -7.59744995    0.0000000000
   -7.57700493    0.0000000003
   -7.55655991    0.0000000013
   -7.53611488    0.0000000064
   -7.51566986    0.0000000290
   -7.49522484    0.0000001240
   -7.47477982    0.0000004993
   -7.45433479    0.0000018976
   -7.43388977    0.0000068060
   -7.41344475    0.0000230372
   -7.39299972    0.0000735863
   -7.37255470    0.0002218190
   -7.35210968    0.0006310064
   -7.33166465    0.0016939567
   -7.31121963    0.0042914530
   -7.29077461    0.0102598242
   -7.27032958    0.0231477606
   -7.24988456    0.0492846351
   -7.22943954    0.0990256291
   -7.20899451    0.1877660959
   -7.18854949    0.3359852751
   -7.16810447    0.5673575182
   -7.14765944    0.9041216846
   -7.12721442    1.3596604303
   -7.10676940    1.9296010790
   -7.08632437    2.5842713308
   -7.06587935    3.2661955868
   -7.04543433    3.8956485291
   -7.02498930    4.3848106977
   -7.00454428    4.6575275401
   -6.98409926    4.6686736423
   -6.96365423    4.4163664545
   -6.94320921    3.9424862774
   -6.92276419    3.3213051578
   -6.90231916    2.6404677721
   -6.88187414    1.9810090702
   -6.86142912    1.4025732719
   -6.84098409    0.9371263612
   -6.82053907    0.5908867514
   -6.80009405    0.3515959404
   -6.77964902    0.1974317309
   -6.75920400    0.1046221296
   -6.73875898    0.0523195091
   -6.71831395    0.0246909197
   -6.69786893    0.0109962442
   -6.67742391    0.0046215216
   -6.65697888    0.0018329858
   -6.63653386    0.0006860673
   -6.61608884    0.0002423304
   -6.59564381    0.0000807760
   -6.57519879    0.0000254092
   -6.55475377    0.0000075428
   -6.53430874    0.0000021130
   -6.51386372    0.0000005586
   -6.49341870    0.0000001394
   -6.47297367    0.0000000328
   -6.45252865    0.0000000073
   -6.43208363    0.0000000015
   -6.41163860    0.0000000003
   -6.39119358    0.0000000001
   -6.37074856    0.0000000000
   -6.35030353    0.0000000000
   -6.32985851    0.0000000000
   -6.30941349    0.0000000000
   -6.28896846    0.0000000000
   -6.26852344    0.0000000000
   -6.24807842    0.0000000000
   -6.22763339    0.0000000000
   -6.20718837    0.0000000000
   -6.18674335    0.0000000000
   -6.16629832    0.0000000000
   -6.14585330    0.0000000000
   -6.12540828    0.0000000000
   -6.10496325    0.0000000000
   -6.08451823    0.0000000000
   -6.06407321    0.0000000000
   -6.04362818    0.0000000000
   -6.02318316    0.0000000000
   -6.00273814    0.0000000000
   -5.98229311    0.0000000000
   -5.96184809    0.0000000000
   -5.94140307    0.0000000000
   -5.92095804    0.0000000000
   -5.90051302    0.0000000000
   -5.88006800    0.0000000000
   -5.85962297    0.0000000000
   -5.83917795    0.0000000000
   -5.81873293    0.0000000000
   -5.79828790    0.0000000000
   -5.77784288    0.0000000000
   -5.75739786    0.0000000000
   -5.73695283    0.0000000000
   -5.71650781    0.0000000000
   -5.69606279    0.0000000000
   -5.67561776    0.0000000000
   -5.65517274    0.0000000000
   -5.63472772    0.0000000000
   -5.61428269    0.0000000000
   -5.59383767    0.0000000000
   -5.57339265    0.0000000000
   -5.55294762    0.0000000000
   -5.53250260    0.0000000000
   -5.51205758    0.0000000000
   -5.49161255    0.0000000000
   -5.47116753    0.0000000000
   -5.45072251    0.0000000000
   -5.43027748    0.0000000000
   -5.40983246    0.0000000000
   -5.38938744    0.0000000000
   -5.36894241    0.0000000000
   -5.34849739    0.0000000000
   -5.32805237    0.0000000000
   -5.30760734    0.0000000000
   -5.28716232    0.0000000000
   -5.26671730    0.0000000000
   -5.24627227    0.0000000000
   -5.22582725    0.0000000000
   -5.20538223    0.0000000000
   -5.18493720    0.0000000000
   -5.16449218    0.0000000000
   -5.14404716    0.0000000000
   -5.12360213    0.0000000000
   -5.10315711    0.0000000000
   -5.08271209    0.0000000000
   -5.06226706    0.0000000000
   -5.04182204    0.0000000000
   -5.02137702    0.0000000000
   -5.00093199    0.0000000000
   -4.98048697    0.0000000000
   -4.96004195    0.0000000000
   -4.93959692    0.0000000000
   -4.91915190    0.0000000000
   -4.89870688    0.0000000001
   -4.87826185    0.0000000005
   -4.85781683    0.0000000023
   -4.83737181    0.0000000107
   -4.81692678    0.0000000473
   -4.79648176    0.0000001979
   -4.77603674    0.0000007817
   -4.75559171    0.0000029147
   -4.73514669    0.0000102558
   -4.71470167    0.0000340543
   -4.69425664    0.0001067111
   -4.67381162    0.0003155589
   -4.65336660    0.0008806125
   -4.63292157    0.0023191175
   -4.61247655    0.0057636043
   -4.59203153    0.0135175839
   -4.57158650    0.0299183399
   -4.55114148    0.0624898399
   -4.53069646    0.1231728053
   -4.51025143    0.2291151225
   -4.48980641    0.4021852875
   -4.46936139    0.6662421505
   -4.44891636    1.0415293982
   -4.42847134    1.5365420927
   -4.40802632    2.1391975515
   -4.38758129    2.8105468255
   -4.36713627    3.4846908856
   -4.34669125    4.0772861807
   -4.32624622    4.5020636697
   -4.30580120    4.6912175327
   -4.28535618    4.6131015231
   -4.26491115    4.2808888796
   -4.24446613    3.7489392153
   -4.22402111    3.0982491883
   -4.20357608    2.4163386017
   -4.18313106    1.7784134774
   -4.16268604    1.2352111166
   -4.14224101    0.8096235716
   -4.12179599    0.5007934014
   -4.10135097    0.2923260736
   -4.08090594    0.1610311931
   -4.06046092    0.0837116630
   -4.04001590    0.0410672319
   -4.01957087    0.0190124635
   -3.99912585    0.0083064385
   -3.97868083    0.0034247180
   -3.95823580    0.0013325033
   -3.93779078    0.0004892662
   -3.91734576    0.0001695336
   -3.89690073    0.0000554370
   -3.87645571    0.0000171071
   -3.85601069    0.0000049818
   -3.83556566    0.0000013691
   -3.81512064    0.0000003551
   -3.79467562    0.0000000869
   -3.77423059    0.0000000201
   -3.75378557    0.0000000044
   -3.73334055    0.0000000009
   -3.71289552    0.0000000002
   -3.69245050    0.0000000000
   -3.67200548    0.0000000000
   -3.65156045    0.0000000000
   -3.63111543    0.0000000000
   -3.61067041    0.0000000000
   -3.59022538    0.0000000000
   -3.56978036    0.0000000000
   -3.54933534    0.0000000000
   -3.52889031    0.0000000000
   -3.50844529    0.0000000000
   -3.48800027    0.0000000000
   -3.46755524    0.0000000000
   -3.44711022    0.0000000000
   -3.42666520    0.0000000000
   -3.40622017    0.0000000000
   -3.38577515    0.0000000000
   -3.36533013    0.0000000000
   -3.34488510    0.0000000000
   -3.32444008    0.0000000000
   -3.30399506    0.0000000000
   -3.28355003    0.0000000000
   -3.26310501    0.0000000000
   -3.24265999    0.0000000000
   -3.22221496    0.0000000000
   -3.20176994    0.0000000000
   -3.18132492    0.0000000000
   -3.16087989    0.0000000000
   -3.14043487    0.0000000000
   -3.11998985    0.0000000000
   -3.09954482    0.0000000000
   -3.07909980    0.0000000000
   -3.05865478    0.0000000000
   -3.03820975    0.0000000000
   -3.01776473    0.0000000000
   -2.99731971    0.0000000000
   -2.97687468    0.0000000000
   -2.95642966    0.0000000000
   -2.93598464    0.0000000000
   -2.91553961    0.0000000000
   -2.89509459    0.0000000000
   -2.87464957    0.0000000000
   -2.85420454    0.0000000000
   -2.83375952    0.0000000000
   -2.81331450    0.0000000000
   -2.79286947    0.0000000000
   -2.77242445    0.0000000000
   -2.75197943    0.0000000000
   -2.73153440    0.0000000000
   -2.71108938    0.0000000000
   -2.69064436    0.0000000000
   -2.67019933    0.0000000000
   -2.64975431    0.0000000000
   -2.62930929    0.0000000000
   -2.60886426    0.0000000000
   -2.58841924    0.0000000000
   -2.56797422    0.0000000000
   -2.54752919    0.0000000000
   -2.52708417    0.0000000000
   -2.50663915    0.0000000000
   -2.48619412    0.0000000000
   -2.46574910    0.0000000000
   -2.44530408    0.0000000000
   -2.42485905    0.0000000000
   -2.40441403    0.0000000000
   -2.38396901    0.0000000000
   -2.36352398    0.0000000000
   -2.34307896    0.0000000000
   -2.32263394    0.0000000000
   -2.30218891    0.0000000000
   -2.28174389    0.0000000000
   -2.26129887    0.0000000000
   -2.24085384    0.0000000000
   -2.22040882    0.0000000000
   -2.19996380    0.0000000000
   -2.17951877    0.0000000000
   -2.15907375    0.0000000000
   -2.13862873    0.0000000000
   -2.11818370    0.0000000000
   -2.09773868    0.0000000000
   -2.07729366    0.0000000000
   -2.05684863    0.0000000000
   -2.03640361    0.0000000000
   -2.01595859    0.0000000000
   -1.99551356    0.0000000000
   -1.97506854    0.0000000000
   -1.95462352    0.0000000000
   -1.93417849    0.0000000000
   -1.91373347    0.0000000000
   -1.89328845    0.0000000000
   -1.87284342    0.0000000000
   -1.85239840    0.0000000000
   -1.83195338    0.0000000000
   -1.81150835    0.0000000000
   -1.79106333    0.0000000000
   -1.77061831    0.0000000000
   -1.75017328    0.0000000000
   -1.72972826    0.0000000000
   -1.70928324    0.0000000000
   -1.68883821    0.0000000000
   -1.66839319    0.0000000000
   -1.64794817    0.0000000000
   -1.62750314    0.0000000000
   -1.60705812    0.0000000000
   -1.58661310    0.0000000000
   -1.56616807    0.0000000000
   -1.54572305    0.0000000000
   -1.52527803    0.0000000000
   -1.50483300    0.0000000000
   -1.48438798    0.0000000000
   -1.46394296    0.0000000000
   -1.44349793    0.0000000000
   -1.42305291    0.0000000000
   -1.40260789    0.0000000000
   -1.38216286    0.0000000000
   -1.36171784    0.0000000000
   -1.34127282    0.0000000000
   -1.32082779    0.0000000000
   -1.30038277    0.0000000000
   -1.27993775    0.0000000000
   -1.25949272    0.0000000000
   -1.23904770    0.0000000000
   -1.21860268    0.0000000000
   -1.19815765    0.0000000000
   -1.17771263    0.0000000000
   -1.15726761    0.0000000000
   -1.13682258    0.0000000000
   -1.11637756    0.0000000000
   -1.09593254    0.0000000000
   -1.07548751    0.0000000000
   -1.05504249    0.0000000000
   -1.03459747    0.0000000000
   -1.01415244    0.0000000000
   -0.99370742    0.0000000000
   -0.97326240    0.0000000000
   -0.95281737    0.0000000000
   -0.93237235    0.0000000000
   -0.91192733    0.0000000000
   -0.89148230    0.0000000000
   -0.87103728    0.0000000000
   -0.85059226    0.0000000000
   -0.83014723    0.0000000000
   -0.80970221    0.0000000000
   -0.78925719    0.0000000000
   -0.76881216    0.0000000000
   -0.74836714    0.0000000000
   -0.72792212    0.0000000000
   -0.70747709    0.0000000000
   -0.68703207    0.0000000000
   -0.66658705    0.0000000000
   -0.64614202    0.0000000000
   -0.62569700    0.0000000000
   -0.60525198    0.0000000000
   -0.58480696    0.0000000000
   -0.56436193    0.0000000000
   -0.54391691    0.0000000000
   -0.52347189    0.0000000000
   -0.50302686    0.0000000000
   -0.48258184    0.0000000000
   -0.46213682    0.0000000000
   -0.44169179    0.0000000000
   -0.42124677    0.0000000000
   -0.40080175    0.0000000000
   -0.38035672    0.0000000000
   -0.35991170    0.0000000000
   -0.33946668    0.0000000000
   -0.31902165    0.0000000000
   -0.29857663    0.0000000000
   -0.27813161    0.0000000000
   -0.25768658    0.0000000000
   -0.23724156    0.0000000000
   -0.21679654    0.0000000000
   -0.19635151    0.0000000000
   -0.17590649    0.0000000000
   -0.15546147    0.0000000000
   -0.13501644    0.0000000000
   -0.11457142    0.0000000000
   -0.09412640    0.0000000000
   -0.07368137    0.0000000000
   -0.05323635    0.0000000000
   -0.03279133    0.0000000000
   -0.01234630    0.0000000000
    0.00809872    0.0000000000
    0.02854374    0.0000000000
    0.04898877    0.0000000000
    0.06943379    0.0000000000
    0.08987881    0.0000000000
    0.11032384    0.0000000000
    0.13076886    0.0000000000
    0.15121388    0.0000000000
    0.17165891    0.0000000000
    0.19210393    0.0000000000
    0.21254895    0.0000000000
    0.23299398    0.0000000000
    0.25343900    0.0000000000
    0.27388402    0.0000000000
    0.29432905    0.0000000000
    0.31477407    0.0000000000
    0.33521909    0.0000000000
    0.35566412    0.0000000000
    0.37610914    0.0000000000
    0.39655416    0.0000000000
    0.41699919    0.0000000000
    0.43744421    0.0000000000
    0.45788923    0.0000000000
    0.47833426    0.0000000000
    0.49877928    0.0000000000
    0.51922430    0.0000000000
    0.53966933    0.0000000000
    0.56011435    0.0000000000
    0.58055937    0.0000000000
    0.60100440    0.0000000000
    0.62144942    0.0000000000
    0.64189444    0.0000000000
    0.66233947    0.0000000000
    0.68278449    0.0000000000
    0.70322951    0.0000000000
    0.72367454    0.0000000000
    0.74411956    0.0000000000
    0.76456458    0.0000000000
    0.78500961    0.0000000000
    0.80545463    0.0000000000
    0.82589965    0.0000000000
    0.84634468    0.0000000000
    0.86678970    0.0000000000
    0.88723472    0.0000000000
    0.90767975    0.0000000000
    0.92812477    0.0000000000
    0.94856979    0.0000000000
    0.96901482    0.0000000000
    0.98945984    0.0000000000
    1.00990486    0.0000000000
    1.03034989    0.0000000000
    1.05079491    0.0000000000
    1.07123993    0.0000000000
    1.09168496    0.0000000000
    1.11212998    0.0000000000
    1.13257500    0.0000000000
    1.15302003    0.0000000000
    1.17346505    0.0000000000
    1.19391007    0.0000000000
    1.21435510    0.0000000000
    1.23480012    0.0000000000
    1.25524514    0.0000000000
    1.27569017    0.0000000000
    1.29613519    0.0000000000
    1.31658021    0.0000000000
    1.33702524    0.0000000000
    1.35747026    0.0000000000
    1.37791528    0.0000000000
    1.39836031    0.0000000000
    1.41880533    0.0000000000
    1.43925035    0.0000000000
    1.45969538    0.0000000000
    1.48014040    0.0000000000
    1.50058542    0.0000000000
    1.52103045    0.0000000000
    1.54147547    0.0000000000
    1.56192049    0.0000000000
    1.58236552    0.0000000000
    1.60281054    0.0000000000
    1.62325556    0.0000000000
    1.64370059    0.0000000000
    1.66414561    0.0000000000
    1.68459063    0.0000000000
    1.70503566    0.0000000000
    1.72548068    0.0000000000
    1.74592570    0.0000000000
    1.76637073    0.0000000000
    1.78681575    0.0000000000
    1.80726077    0.0000000000
    1.82770580    0.0000000000
    1.84815082    0.0000000000
    1.86859584    0.0000000000
    1.88904087    0.0000000000
    1.90948589    0.0000000000
    1.92993091    0.0000000000
    1.95037594    0.0000000000
    1.97082096    0.0000000000
    1.99126598    0.0000000000
    2.01171101    0.0000000000
    2.03215603    0.0000000000
    2.05260105    0.0000000000
    2.07304608    0.0000000000
    2.09349110    0.0000000000
    2.11393612    0.0000000000
    2.13438115    0.0000000000
    2.15482617    0.0000000000
    2.17527119    0.0000000000
    2.19571622    0.0000000000
    2.21616124    0.0000000000
    2.23660626    0.0000000000
    2.25705129    0.0000000000
    2.27749631    0.0000000000
    2.29794133    0.0000000000
    2.31838636    0.0000000000
    2.33883138    0.0000000000
    2.35927640    0.0000000000
    2.37972143    0.0000000000
    2.40016645    0.0000000000
    2.42061147    0.0000000000
    2.44105650    0.0000000000
    2.46150152    0.0000000000
    2.48194654    0.0000000000
    2.50239157    0.0000000000
    2.52283659    0.0000000000
    2.54328161    0.0000000000
    2.56372664    0.0000000000
    2.58417166    0.0000000000
    2.60461668    0.0000000000
    2.62506171    0.0000000000
    2.64550673    0.0000000000
    2.66595175    0.0000000000
    2.68639678    0.0000000000
    2.70684180    0.0000000000
    2.72728682    0.0000000000
    2.74773185    0.0000000000
    2.76817687    0.0000000000
    2.78862189    0.0000000000
    2.80906692    0.0000000000
    2.82951194    0.0000000000
    2.84995696    0.0000000000
    2.87040199    0.0000000000
    2.89084701    0.0000000000
    2.91129203    0.0000000000
    2.93173706    0.0000000000
    2.95218208    0.0000000000
    2.97262710    0.0000000000
    2.99307213    0.0000000000
    3.01351715    0.0000000000
    3.03396217    0.0000000000
    3.05440720    0.0000000000
    3.07485222    0.0000000000
    3.09529724    0.0000000000
    3.11574227    0.0000000000
    3.13618729    0.0000000000
    3.15663231    0.0000000000
    3.17707734    0.0000000000
    3.19752236    0.0000000000
    3.21796738    0.0000000000
    3.23841241    0.0000000000
    3.25885743    0.0000000000
    3.27930245    0.0000000000
    3.29974748    0.0000000000
    3.32019250    0.0000000000
    3.34063752    0.0000000000
    3.36108255    0.0000000000
    3.38152757    0.0000000000
    3.40197259    0.0000000000
    3.42241762    0.0000000000
    3.44286264    0.0000000000
    3.46330766    0.0000000000
    3.48375269    0.0000000000
    3.50419771    0.0000000000
    3.52464273    0.0000000000
    3.54508776    0.0000000000
    3.56553278    0.0000000000
    3.58597780    0.0000000000
    3.60642283    0.0000000000
    3.62686785    0.0000000000
    3.64731287    0.0000000000
    3.66775790    0.0000000000
    3.68820292    0.0000000000
    3.70864794    0.0000000001
    3.72909297    0.0000000006
    3.74953799    0.0000000032
    3.76998301    0.0000000147
    3.79042804    0.0000000644
    3.81087306    0.0000002663
    3.83131808    0.0000010393
    3.85176311    0.0000038275
    3.87220813    0.0000133025
    3.89265315    0.0000436301
    3.91309818    0.0001350425
    3.93354320    0.0003944467
    3.95398822    0.0010872762
    3.97443325    0.0028282964
    3.99487827    0.0069429407
    4.01532329    0.0160840528
    4.03576832    0.0351626036
    4.05621334    0.0725437599
    4.07665836    0.1412383380
    4.09710339    0.2595007621
    4.11754841    0.4499437031
    4.13799343    0.7362261188
    4.15843846    1.1368358608
    4.17888348    1.6566005850
    4.19932850    2.2780925181
    4.21977353    2.9563674139
    4.24021855    3.6205867467
    4.26066357    4.1843982290
    4.28110860    4.5637365239
    4.30155362    4.6972277631
    4.32199864    4.5624296019
    4.34244367    4.1820019911
    4.36288869    3.6174771437
    4.38333371    2.9529823962
    4.40377874    2.2748324871
    4.42422376    1.6537562074
    4.44466878    1.1345589196
    4.46511381    0.7345411377
    4.48555883    0.4487853730
    4.50600385    0.2587585840
    4.52644888    0.1407940623
    4.54689390    0.0722948590
    4.56733892    0.0350319242
    4.58778395    0.0160196886
    4.60822897    0.0069131766
    4.62867399    0.0028153652
    4.64911902    0.0010819952
    4.66956404    0.0003924184
    4.69000906    0.0001343096
    4.71045409    0.0000433809
    4.73089911    0.0000132228
    4.75134413    0.0000038035
    4.77178916    0.0000010325
    4.79223418    0.0000002645
    4.81267920    0.0000000639
    4.83312423    0.0000000146
    4.85356925    0.0000000031
    4.87401427    0.0000000006
    4.89445930    0.0000000001
    4.91490432    0.0000000000
    4.93534934    0.0000000000
    4.95579437    0.0000000000
    4.97623939    0.0000000000
    4.99668441    0.0000000000
    5.01712944    0.0000000000
    5.03757446    0.0000000000
    5.05801948    0.0000000000
    5.07846451    0.0000000000
    5.09890953    0.0000000000
    5.11935455    0.0000000000
    5.13979958    0.0000000000
    5.16024460    0.0000000000
    5.18068962    0.0000000000
    5.20113465    0.0000000000
    5.22157967    0.0000000000
    5.24202469    0.0000000000
    5.26246972    0.0000000000
    5.28291474    0.0000000000
    5.30335976    0.0000000000
    5.32380479    0.0000000000
    5.34424981    0.0000000000
    5.36469483    0.0000000000
    5.38513986    0.0000000000
    5.40558488    0.0000000000
    5.42602990    0.0000000000
    5.44647493    0.0000000000
    5.46691995    0.0000000000
    5.48736497    0.0000000000
    5.50781000    0.0000000000
    5.52825502    0.0000000000
    5.54870004    0.0000000000
    5.56914507    0.0000000000
    5.58959009    0.0000000000
    5.61003511    0.0000000000
    5.63048014    0.0000000000
    5.65092516    0.0000000000
    5.67137018    0.0000000000
    5.69181521    0.0000000000
    5.71226023    0.0000000000
    5.73270525    0.0000000000
    5.75315028    0.0000000000
    5.77359530    0.0000000000
    5.79404032    0.0000000000
    5.81448535    0.0000000000
    5.83493037    0.0000000000
    5.85537539    0.0000000000
    5.87582042    0.0000000000
    5.89626544    0.0000000000
    5.91671046    0.0000000000
    5.93715549    0.0000000000
    5.95760051    0.0000000000
    5.97804553    0.0000000000
    5.99849056    0.0000000000
    6.01893558    0.0000000000
    6.03938060    0.0000000000
    6.05982563    0.0000000000
    6.08027065    0.0000000000
    6.10071567    0.0000000000
    6.12116070    0.0000000000
    6.14160572    0.0000000000
    6.16205074    0.0000000000
    6.18249577    0.0000000000
    6.20294079    0.0000000000
    6.22338581    0.0000000000
    6.24383084    0.0000000000
    6.26427586    0.0000000001
    6.28472088    0.0000000003
    6.30516591    0.0000000015
    6.32561093    0.0000000073
    6.34605595    0.0000000329
    6.36650097    0.0000001398
    6.38694600    0.0000005605
    6.40739102    0.0000021197
    6.42783604    0.0000075655
    6.44828107    0.0000254821
    6.46872609    0.0000809967
    6.48917111    0.0002429582
    6.50961614    0.0006877484
    6.53006116    0.0018372196
    6.55050618    0.0046315471
    6.57095121    0.0110185536
    6.59139623    0.0247375451
    6.61184125    0.0524109595
    6.63228628    0.1047903095
    6.65273130    0.1977213821
    6.67317632    0.3520624068
    6.69362135    0.5915877484
    6.71406637    0.9381065984
    6.73451139    1.4038435525
    6.75495642    1.9825252824
    6.77540144    2.6421182978
    6.79584646    3.3229154020
    6.81629149    3.9438447666
    6.83673651    4.4172689412
    6.85718153    4.6689731089
    6.87762656    4.6571733671
    6.89807158    4.3838626556
    6.91851660    3.8942602829
    6.93896163    3.2645739656
    6.95940665    2.5826261975
    6.97985167    1.9281023899
    7.00029670    1.3584139581
    7.02074172    0.9031662070
    7.04118674    0.5666784866
    7.06163177    0.3355361159
    7.08207679    0.1874887968
    7.10252181    0.0988655240
    7.12296684    0.0491980540
    7.14341186    0.0231038565
    7.16385688    0.0102389291
    7.18430191    0.0042821127
    7.20474693    0.0016900329
    7.22519195    0.0006294565
    7.24563698    0.0002212431
    7.26608200    0.0000733850
    7.28652702    0.0000229709
    7.30697205    0.0000067855
    7.32741707    0.0000018916
    7.34786209    0.0000004976
    7.36830712    0.0000001235
    7.38875214    0.0000000289
    7.40919716    0.0000000064
    7.42964219    0.0000000013
    7.45008721    0.0000000003
    7.47053223    0.0000000000
    7.49097726    0.0000000000
    7.51142228    0.0000000000
    7.53186730    0.0000000000
    7.55231233    0.0000000000
    7.57275735    0.0000000000
    7.59320237    0.0000000000
    7.61364740    0.0000000000
    7.63409242    0.0000000000
    7.65453744    0.0000000000
    7.67498247    0.0000000000
    7.69542749    0.0000000000
    7.71587251    0.0000000000
    7.73631754    0.0000000000
    7.75676256    0.0000000000
    7.77720758    0.0000000000
    7.79765261    0.0000000000
    7.81809763    0.0000000000
    7.83854265    0.0000000000
    7.85898768    0.0000000000
    7.87943270    0.0000000000
    7.89987772    0.0000000000
    7.92032275    0.0000000000
    7.94076777    0.0000000000
    7.96121279    0.0000000000
    7.98165782    0.0000000000
    8.00210284    0.0000000000
    8.02254786    0.0000000000
    8.04299289    0.0000000000
    8.06343791    0.0000000000
    8.08388293    0.0000000000
    8.10432796    0.0000000000
    8.12477298    0.0000000000
    8.14521800    0.0000000000
    8.16566303    0.0000000000
    8.18610805    0.0000000000
    8.20655307    0.0000000000
    8.22699810    0.0000000000
    8.24744312    0.0000000000
    8.26788814    0.0000000000
    8.28833317    0.0000000000
    8.30877819    0.0000000000
    8.32922321    0.0000000000
    8.34966824    0.0000000000
    8.37011326    0.0000000000
    8.39055828    0.0000000000
    8.41100331    0.0000000000
    8.43144833    0.0000000000
    8.45189335    0.0000000000
    8.47233838    0.0000000000
    8.49278340    0.0000000000
    8.51322842    0.0000000000
    8.53367345    0.0000000000
    8.55411847    0.0000000000
    8.57456349    0.0000000000
    8.59500852    0.0000000000
    8.61545354    0.0000000000
    8.63589856    0.0000000000
    8.65634359    0.0000000000
    8.67678861    0.0000000000
    8.69723363    0.0000000000
    8.71767866    0.0000000000
    8.73812368    0.0000000000
    8.75856870    0.0000000000
    8.77901373    0.0000000000
    8.79945875    0.0000000000
    8.81990377    0.0000000000
    8.84034880    0.0000000000
    8.86079382    0.0000000000
    8.88123884    0.0000000000
    8.90168387    0.0000000000
    8.92212889    0.0000000000
    8.94257391    0.0000000000
    8.96301894    0.0000000000
    8.98346396    0.0000000000
    9.00390898    0.0000000000
    9.02435401    0.0000000000
    9.04479903    0.0000000000
    9.06524405    0.0000000000
    9.08568908    0.0000000000
    9.10613410    0.0000000000
    9.12657912    0.0000000000
    9.14702415    0.0000000000
    9.16746917    0.0000000000
    9.18791419    0.0000000000
    9.20835922    0.0000000000
    9.22880424    0.0000000000
    9.24924926    0.0000000000
    9.26969429    0.0000000000
    9.29013931    0.0000000000
    9.31058433    0.0000000000
    9.33102936    0.0000000000
    9.35147438    0.0000000000
    9.37191940    0.0000000000
    9.39236443    0.0000000000
    9.41280945    0.0000000000
    9.43325447    0.0000000000
    9.45369950    0.0000000000
    9.47414452    0.0000000000
    9.49458954    0.0000000000
    9.51503457    0.0000000000
    9.53547959    0.0000000000
    9.55592461    0.0000000000
    9.57636964    0.0000000000
    9.59681466    0.0000000000
    9.61725968    0.0000000000
    9.63770471    0.0000000000
    9.65814973    0.0000000000
    9.67859475    0.0000000000
    9.69903978    0.0000000000
    9.71948480    0.0000000000
    9.73992982    0.0000000000
    9.76037485    0.0000000000
    9.78081987    0.0000000000
    9.80126489    0.0000000000
    9.82170992    0.0000000000
    9.84215494    0.0000000000
    9.86259996    0.0000000000
    9.88304499    0.0000000000
    9.90349001    0.0000000000
    9.92393503    0.0000000000
    9.94438006    0.0000000000
    9.96482508    0.0000000000
    9.98527010    0.0000000000
   10.00571513    0.0000000000
   10.02616015    0.0000000000
   10.04660517    0.0000000000
   10.06705020    0.0000000000
   10.08749522    0.0000000000
   10.10794024    0.0000000000
   10.12838527    0.0000000000
   10.14883029    0.0000000000
   10.16927531    0.0000000000
   10.18972034    0.0000000000
   10.21016536    0.0000000000
   10.23061038    0.0000000000
   10.25105541    0.0000000000
   10.27150043    0.0000000000
   10.29194545    0.0000000000
   10.31239048    0.0000000000
   10.33283550    0.0000000000
   10.35328052    0.0000000000
   10.37372555    0.0000000000
   10.39417057    0.0000000000
   10.41461559    0.0000000000
   10.43506062    0.0000000000
   10.45550564    0.0000000000
   10.47595066    0.0000000000
   10.49639569    0.0000000000
   10.51684071    0.0000000000
   10.53728573    0.0000000000
   10.55773076    0.0000000000
   10.57817578    0.0000000000
   10.59862080    0.0000000000
   10.61906583    0.0000000000
   10.63951085    0.0000000000
   10.65995587    0.0000000000
   10.68040090    0.0000000000
   10.70084592    0.0000000001
   10.72129094    0.0000000004
   10.74173597    0.0000000021
   10.76218099    0.0000000098
   10.78262601    0.0000000436
   10.80307104    0.0000001832
   10.82351606    0.0000007261
   10.84396108    0.0000027160
   10.86440611    0.0000095870
   10.88485113    0.0000319347
   10.90529615    0.0001003876
   10.92574118    0.0002978036
   10.94618620    0.0008337069
   10.96663122    0.0022025731
   10.98707625    0.0054913711
   11.00752127    0.0129200667
   11.02796629    0.0286868075
   11.04841132    0.0601081252
   11.06885634    0.1188550524
   11.08930136    0.2217867590
   11.10974639    0.3905593895
   11.13019141    0.6490408826
   11.15063643    1.0178658070
   11.17108146    1.5064076032
   11.19152648    2.1039139548
   11.21197150    2.7729813652
   11.23241653    3.4490495181
   11.25286155    4.0484185837
   11.27330657    4.4844056552
   11.29375160    4.6876791120
   11.31419662    4.6242825284
   11.33464164    4.3049126822
   11.35508667    3.7819678738
   11.37553169    3.1354857075
   11.39597671    2.4531568510
   11.41642174    1.8112538040
   11.43686676    1.2620216509
   11.45731178    0.8298274605
   11.47775681    0.5149230116
   11.49820183    0.3015298423
   11.51864685    0.1666294659
   11.53909188    0.0868974046
   11.55953690    0.0427656730
   11.57998192    0.0198617411
   11.60042695    0.0087050812
   11.62087197    0.0036004919
   11.64131699    0.0014053495
   11.66176202    0.0005176549
   11.68220704    0.0001799409
   11.70265206    0.0000590273
   11.72309709    0.0000182730
   11.74354211    0.0000053383
   11.76398713    0.0000014717
   11.78443216    0.0000003829
   11.80487718    0.0000000940
   11.82532220    0.0000000218
   11.84576723    0.0000000048
   11.86621225    0.0000000010
   11.88665727    0.0000000002
   11.90710230    0.0000000000
   11.92754732    0.0000000000
   11.94799234    0.0000000000
   11.96843737    0.0000000000
   11.98888239    0.0000000000
   12.00932741    0.0000000000
   12.02977244    0.0000000000
   12.05021746    0.0000000000
   12.07066248    0.0000000000
   12.09110751    0.0000000000
   12.11155253    0.0000000000
   12.13199755    0.0000000000
   12.15244258    0.0000000000
   12.17288760    0.0000000000
   12.19333262    0.0000000000
   12.21377765    0.0000000000
   12.23422267    0.0000000000
   12.25466769    0.0000000000
   12.27511272    0.0000000000
   12.29555774    0.0000000000
   12.31600276    0.0000000000
   12.33644779    0.0000000000
   12.35689281    0.0000000000
   12.37733783    0.0000000000
   12.39778286    0.0000000000
   12.41822788    0.0000000000
   12.43867290    0.0000000000
   12.45911793    0.0000000000
   12.47956295    0.0000000000
   12.50000797    0.0000000000
   12.52045300    0.0000000000
   12.54089802    0.0000000000
   12.56134304    0.0000000000
   12.58178807    0.0000000000
   12.60223309    0.0000000000
   12.62267811    0.0000000000
   12.64312314    0.0000000000
   12.66356816    0.0000000000
   12.68401318    0.0000000000
   12.70445821    0.0000000000
   12.72490323    0.0000000000
   12.74534825    0.0000000000
   12.76579328    0.0000000000
   12.78623830    0.0000000000
   12.80668332    0.0000000000
   12.82712835    0.0000000000
   12.84757337    0.0000000000
   12.86801839    0.0000000000
   12.88846342    0.0000000000
   12.90890844    0.0000000000
   12.92935346    0.0000000000
   12.94979849    0.0000000000
   12.97024351    0.0000000000
   12.99068853    0.0000000000
   13.01113356    0.0000000000
   13.03157858    0.0000000000
   13.05202360    0.0000000000
   13.07246863    0.0000000000
   13.09291365    0.0000000000
   13.11335867    0.0000000000
   13.13380370    0.0000000000
   13.15424872    0.0000000000
   13.17469374    0.0000000000
   13.19513877    0.0000000000
   13.21558379    0.0000000000
   13.23602881    0.0000000000
   13.25647384    0.0000000000
   13.27691886    0.0000000000
   13.29736388    0.0000000000
   13.31780890    0.0000000000
   13.33825393    0.0000000000
   13.35869895    0.0000000000
   13.37914397    0.0000000000
   13.39958900    0.0000000000
   13.42003402    0.0000000000
   13.44047904    0.0000000000
   13.46092407    0.0000000000
   13.48136909    0.0000000000
   13.50181411    0.0000000000
   13.52225914    0.0000000000
   13.54270416    0.0000000000
   13.56314918    0.0000000000
   13.58359421    0.0000000000
   13.60403923    0.0000000000
   13.62448425    0.0000000000
   13.64492928    0.0000000000
   13.66537430    0.0000000000
   13.68581932    0.0000000000
   13.70626435    0.0000000000
   13.72670937    0.0000000000
   13.74715439    0.0000000000
   13.76759942    0.0000000000
   13.78804444    0.0000000000
   13.80848946    0.0000000000
   13.82893449    0.0000000000
   13.84937951    0.0000000000
   13.86982453    0.0000000000
   13.89026956    0.0000000000
   13.91071458    0.0000000000
   13.93115960    0.0000000000
   13.95160463    0.0000000000
   13.97204965    0.0000000000
   13.99249467    0.0000000000
   14.01293970    0.0000000000
   14.03338472    0.0000000000
   14.05382974    0.0000000000
   14.07427477    0.0000000000
   14.09471979    0.0000000000
   14.11516481    0.0000000000
   14.13560984    0.0000000000
   14.15605486    0.0000000000
   14.17649988    0.0000000000
   14.19694491    0.0000000000
   14.21738993    0.0000000000
   14.23783495    0.0000000000
   14.25827998    0.0000000000
   14.27872500    0.0000000000
   14.29917002    0.0000000000
