#  Energy (eV) |  DOS (states/eV)
  -26.53446644    0.0000000000
  -26.51635480    0.0000000000
  -26.49824316    0.0000000000
  -26.48013152    0.0000000000
  -26.46201988    0.0000000000
  -26.44390824    0.0000000000
  -26.42579660    0.0000000000
  -26.40768495    0.0000000000
  -26.38957331    0.0000000000
  -26.37146167    0.0000000000
  -26.35335003    0.0000000000
  -26.33523839    0.0000000000
  -26.31712675    0.0000000000
  -26.29901511    0.0000000000
  -26.28090347    0.0000000000
  -26.26279183    0.0000000000
  -26.24468018    0.0000000000
  -26.22656854    0.0000000000
  -26.20845690    0.0000000000
  -26.19034526    0.0000000000
  -26.17223362    0.0000000000
  -26.15412198    0.0000000000
  -26.13601034    0.0000000000
  -26.11789870    0.0000000000
  -26.09978705    0.0000000000
  -26.08167541    0.0000000000
  -26.06356377    0.0000000000
  -26.04545213    0.0000000000
  -26.02734049    0.0000000000
  -26.00922885    0.0000000000
  -25.99111721    0.0000000000
  -25.97300557    0.0000000000
  -25.95489392    0.0000000000
  -25.93678228    0.0000000000
  -25.91867064    0.0000000000
  -25.90055900    0.0000000000
  -25.88244736    0.0000000000
  -25.86433572    0.0000000000
  -25.84622408    0.0000000000
  -25.82811244    0.0000000000
  -25.81000079    0.0000000000
  -25.79188915    0.0000000000
  -25.77377751    0.0000000000
  -25.75566587    0.0000000000
  -25.73755423    0.0000000000
  -25.71944259    0.0000000000
  -25.70133095    0.0000000000
  -25.68321931    0.0000000000
  -25.66510766    0.0000000000
  -25.64699602    0.0000000000
  -25.62888438    0.0000000000
  -25.61077274    0.0000000000
  -25.59266110    0.0000000000
  -25.57454946    0.0000000000
  -25.55643782    0.0000000000
  -25.53832618    0.0000000000
  -25.52021453    0.0000000000
  -25.50210289    0.0000000000
  -25.48399125    0.0000000000
  -25.46587961    0.0000000000
  -25.44776797    0.0000000000
  -25.42965633    0.0000000000
  -25.41154469    0.0000000000
  -25.39343305    0.0000000000
  -25.37532140    0.0000000000
  -25.35720976    0.0000000000
  -25.33909812    0.0000000000
  -25.32098648    0.0000000000
  -25.30287484    0.0000000000
  -25.28476320    0.0000000000
  -25.26665156    0.0000000000
  -25.24853992    0.0000000000
  -25.23042827    0.0000000000
  -25.21231663    0.0000000000
  -25.19420499    0.0000000000
  -25.17609335    0.0000000000
  -25.15798171    0.0000000000
  -25.13987007    0.0000000000
  -25.12175843    0.0000000000
  -25.10364679    0.0000000000
  -25.08553514    0.0000000000
  -25.06742350    0.0000000000
  -25.04931186    0.0000000000
  -25.03120022    0.0000000000
  -25.01308858    0.0000000000
  -24.99497694    0.0000000000
  -24.97686530    0.0000000000
  -24.95875366    0.0000000000
  -24.94064201    0.0000000000
  -24.92253037    0.0000000000
  -24.90441873    0.0000000000
  -24.88630709    0.0000000000
  -24.86819545    0.0000000000
  -24.85008381    0.0000000000
  -24.83197217    0.0000000000
  -24.81386053    0.0000000000
  -24.79574888    0.0000000000
  -24.77763724    0.0000000000
  -24.75952560    0.0000000000
  -24.74141396    0.0000000000
  -24.72330232    0.0000000000
  -24.70519068    0.0000000000
  -24.68707904    0.0000000000
  -24.66896740    0.0000000000
  -24.65085576    0.0000000000
  -24.63274411    0.0000000000
  -24.61463247    0.0000000000
  -24.59652083    0.0000000000
  -24.57840919    0.0000000000
  -24.56029755    0.0000000000
  -24.54218591    0.0000000000
  -24.52407427    0.0000000000
  -24.50596263    0.0000000000
  -24.48785098    0.0000000000
  -24.46973934    0.0000000000
  -24.45162770    0.0000000000
  -24.43351606    0.0000000000
  -24.41540442    0.0000000000
  -24.39729278    0.0000000000
  -24.37918114    0.0000000000
  -24.36106950    0.0000000000
  -24.34295785    0.0000000000
  -24.32484621    0.0000000000
  -24.30673457    0.0000000000
  -24.28862293    0.0000000000
  -24.27051129    0.0000000000
  -24.25239965    0.0000000000
  -24.23428801    0.0000000000
  -24.21617637    0.0000000000
  -24.19806472    0.0000000000
  -24.17995308    0.0000000000
  -24.16184144    0.0000000000
  -24.14372980    0.0000000000
  -24.12561816    0.0000000001
  -24.10750652    0.0000000006
  -24.08939488    0.0000000025
  -24.07128324    0.0000000099
  -24.05317159    0.0000000374
  -24.03505995    0.0000001343
  -24.01694831    0.0000004614
  -23.99883667    0.0000015147
  -23.98072503    0.0000047514
  -23.96261339    0.0000142419
  -23.94450175    0.0000407911
  -23.92639011    0.0001116382
  -23.90827846    0.0002919514
  -23.89016682    0.0007295561
  -23.87205518    0.0017420351
  -23.85394354    0.0039747087
  -23.83583190    0.0086657049
  -23.81772026    0.0180531362
  -23.79960862    0.0359378093
  -23.78149698    0.0683597901
  -23.76338533    0.1242510360
  -23.74527369    0.2157990331
  -23.72716205    0.3581369647
  -23.70905041    0.5679354537
  -23.69093877    0.8605953412
  -23.67282713    1.2460893345
  -23.65471549    1.7240487618
  -23.63660385    2.2792926451
  -23.61849220    2.8793921166
  -23.60038056    3.4757754505
  -23.58226892    4.0091544702
  -23.56415728    4.4187969532
  -23.54604564    4.6537760487
  -23.52793400    4.6833551474
  -23.50982236    4.5035903787
  -23.49171072    4.1381940406
  -23.47359907    3.6333982046
  -23.45548743    3.0483534534
  -23.43737579    2.4438121739
  -23.41926415    1.8720631916
  -23.40115251    1.3703243111
  -23.38304087    0.9584653102
  -23.36492923    0.6405892016
  -23.34681759    0.4091033219
  -23.32870594    0.2496528777
  -23.31059430    0.1455761819
  -23.29248266    0.0811137073
  -23.27437102    0.0431865345
  -23.25625938    0.0219711424
  -23.23814774    0.0106808816
  -23.22003610    0.0049614856
  -23.20192446    0.0022022497
  -23.18381281    0.0009340531
  -23.16570117    0.0003785530
  -23.14758953    0.0001465994
  -23.12947789    0.0000542485
  -23.11136625    0.0000191820
  -23.09325461    0.0000064811
  -23.07514297    0.0000020925
  -23.05703133    0.0000006455
  -23.03891968    0.0000001903
  -23.02080804    0.0000000536
  -23.00269640    0.0000000144
  -22.98458476    0.0000000037
  -22.96647312    0.0000000009
  -22.94836148    0.0000000002
  -22.93024984    0.0000000000
  -22.91213820    0.0000000000
  -22.89402656    0.0000000000
  -22.87591491    0.0000000000
  -22.85780327    0.0000000000
  -22.83969163    0.0000000000
  -22.82157999    0.0000000000
  -22.80346835    0.0000000000
  -22.78535671    0.0000000000
  -22.76724507    0.0000000000
  -22.74913343    0.0000000000
  -22.73102178    0.0000000000
  -22.71291014    0.0000000000
  -22.69479850    0.0000000000
  -22.67668686    0.0000000000
  -22.65857522    0.0000000000
  -22.64046358    0.0000000000
  -22.62235194    0.0000000000
  -22.60424030    0.0000000000
  -22.58612865    0.0000000000
  -22.56801701    0.0000000000
  -22.54990537    0.0000000000
  -22.53179373    0.0000000000
  -22.51368209    0.0000000000
  -22.49557045    0.0000000000
  -22.47745881    0.0000000000
  -22.45934717    0.0000000000
  -22.44123552    0.0000000000
  -22.42312388    0.0000000000
  -22.40501224    0.0000000000
  -22.38690060    0.0000000000
  -22.36878896    0.0000000000
  -22.35067732    0.0000000000
  -22.33256568    0.0000000000
  -22.31445404    0.0000000000
  -22.29634239    0.0000000000
  -22.27823075    0.0000000000
  -22.26011911    0.0000000000
  -22.24200747    0.0000000000
  -22.22389583    0.0000000000
  -22.20578419    0.0000000000
  -22.18767255    0.0000000000
  -22.16956091    0.0000000000
  -22.15144926    0.0000000000
  -22.13333762    0.0000000000
  -22.11522598    0.0000000000
  -22.09711434    0.0000000000
  -22.07900270    0.0000000000
  -22.06089106    0.0000000000
  -22.04277942    0.0000000000
  -22.02466778    0.0000000000
  -22.00655613    0.0000000000
  -21.98844449    0.0000000000
  -21.97033285    0.0000000000
  -21.95222121    0.0000000000
  -21.93410957    0.0000000000
  -21.91599793    0.0000000000
  -21.89788629    0.0000000000
  -21.87977465    0.0000000000
  -21.86166300    0.0000000000
  -21.84355136    0.0000000000
  -21.82543972    0.0000000000
  -21.80732808    0.0000000000
  -21.78921644    0.0000000000
  -21.77110480    0.0000000000
  -21.75299316    0.0000000000
  -21.73488152    0.0000000000
  -21.71676987    0.0000000000
  -21.69865823    0.0000000000
  -21.68054659    0.0000000000
  -21.66243495    0.0000000000
  -21.64432331    0.0000000000
  -21.62621167    0.0000000000
  -21.60810003    0.0000000000
  -21.58998839    0.0000000000
  -21.57187674    0.0000000000
  -21.55376510    0.0000000000
  -21.53565346    0.0000000000
  -21.51754182    0.0000000000
  -21.49943018    0.0000000000
  -21.48131854    0.0000000000
  -21.46320690    0.0000000000
  -21.44509526    0.0000000000
  -21.42698361    0.0000000000
  -21.40887197    0.0000000000
  -21.39076033    0.0000000000
  -21.37264869    0.0000000000
  -21.35453705    0.0000000000
  -21.33642541    0.0000000000
  -21.31831377    0.0000000000
  -21.30020213    0.0000000000
  -21.28209049    0.0000000000
  -21.26397884    0.0000000000
  -21.24586720    0.0000000000
  -21.22775556    0.0000000000
  -21.20964392    0.0000000000
  -21.19153228    0.0000000000
  -21.17342064    0.0000000000
  -21.15530900    0.0000000000
  -21.13719736    0.0000000000
  -21.11908571    0.0000000000
  -21.10097407    0.0000000000
  -21.08286243    0.0000000000
  -21.06475079    0.0000000000
  -21.04663915    0.0000000000
  -21.02852751    0.0000000000
  -21.01041587    0.0000000000
  -20.99230423    0.0000000000
  -20.97419258    0.0000000000
  -20.95608094    0.0000000000
  -20.93796930    0.0000000000
  -20.91985766    0.0000000000
  -20.90174602    0.0000000000
  -20.88363438    0.0000000000
  -20.86552274    0.0000000000
  -20.84741110    0.0000000000
  -20.82929945    0.0000000000
  -20.81118781    0.0000000000
  -20.79307617    0.0000000000
  -20.77496453    0.0000000000
  -20.75685289    0.0000000000
  -20.73874125    0.0000000000
  -20.72062961    0.0000000000
  -20.70251797    0.0000000000
  -20.68440632    0.0000000000
  -20.66629468    0.0000000000
  -20.64818304    0.0000000000
  -20.63007140    0.0000000000
  -20.61195976    0.0000000000
  -20.59384812    0.0000000000
  -20.57573648    0.0000000000
  -20.55762484    0.0000000000
  -20.53951319    0.0000000000
  -20.52140155    0.0000000000
  -20.50328991    0.0000000000
  -20.48517827    0.0000000000
  -20.46706663    0.0000000000
  -20.44895499    0.0000000000
  -20.43084335    0.0000000000
  -20.41273171    0.0000000000
  -20.39462006    0.0000000000
  -20.37650842    0.0000000000
  -20.35839678    0.0000000000
  -20.34028514    0.0000000000
  -20.32217350    0.0000000000
  -20.30406186    0.0000000000
  -20.28595022    0.0000000000
  -20.26783858    0.0000000000
  -20.24972693    0.0000000000
  -20.23161529    0.0000000000
  -20.21350365    0.0000000000
  -20.19539201    0.0000000000
  -20.17728037    0.0000000000
  -20.15916873    0.0000000000
  -20.14105709    0.0000000000
  -20.12294545    0.0000000000
  -20.10483380    0.0000000000
  -20.08672216    0.0000000000
  -20.06861052    0.0000000000
  -20.05049888    0.0000000000
  -20.03238724    0.0000000000
  -20.01427560    0.0000000000
  -19.99616396    0.0000000000
  -19.97805232    0.0000000000
  -19.95994067    0.0000000000
  -19.94182903    0.0000000000
  -19.92371739    0.0000000000
  -19.90560575    0.0000000000
  -19.88749411    0.0000000000
  -19.86938247    0.0000000000
  -19.85127083    0.0000000000
  -19.83315919    0.0000000000
  -19.81504754    0.0000000000
  -19.79693590    0.0000000000
  -19.77882426    0.0000000000
  -19.76071262    0.0000000000
  -19.74260098    0.0000000000
  -19.72448934    0.0000000000
  -19.70637770    0.0000000000
  -19.68826606    0.0000000000
  -19.67015441    0.0000000000
  -19.65204277    0.0000000000
  -19.63393113    0.0000000000
  -19.61581949    0.0000000000
  -19.59770785    0.0000000000
  -19.57959621    0.0000000000
  -19.56148457    0.0000000000
  -19.54337293    0.0000000000
  -19.52526129    0.0000000000
  -19.50714964    0.0000000000
  -19.48903800    0.0000000000
  -19.47092636    0.0000000000
  -19.45281472    0.0000000000
  -19.43470308    0.0000000000
  -19.41659144    0.0000000000
  -19.39847980    0.0000000000
  -19.38036816    0.0000000000
  -19.36225651    0.0000000000
  -19.34414487    0.0000000000
  -19.32603323    0.0000000000
  -19.30792159    0.0000000000
  -19.28980995    0.0000000000
  -19.27169831    0.0000000000
  -19.25358667    0.0000000000
  -19.23547503    0.0000000000
  -19.21736338    0.0000000000
  -19.19925174    0.0000000000
  -19.18114010    0.0000000000
  -19.16302846    0.0000000000
  -19.14491682    0.0000000000
  -19.12680518    0.0000000000
  -19.10869354    0.0000000000
  -19.09058190    0.0000000000
  -19.07247025    0.0000000000
  -19.05435861    0.0000000000
  -19.03624697    0.0000000000
  -19.01813533    0.0000000000
  -19.00002369    0.0000000000
  -18.98191205    0.0000000000
  -18.96380041    0.0000000000
  -18.94568877    0.0000000000
  -18.92757712    0.0000000000
  -18.90946548    0.0000000000
  -18.89135384    0.0000000000
  -18.87324220    0.0000000000
  -18.85513056    0.0000000000
  -18.83701892    0.0000000000
  -18.81890728    0.0000000000
  -18.80079564    0.0000000000
  -18.78268399    0.0000000000
  -18.76457235    0.0000000000
  -18.74646071    0.0000000000
  -18.72834907    0.0000000000
  -18.71023743    0.0000000000
  -18.69212579    0.0000000000
  -18.67401415    0.0000000000
  -18.65590251    0.0000000000
  -18.63779086    0.0000000000
  -18.61967922    0.0000000000
  -18.60156758    0.0000000000
  -18.58345594    0.0000000000
  -18.56534430    0.0000000000
  -18.54723266    0.0000000000
  -18.52912102    0.0000000000
  -18.51100938    0.0000000000
  -18.49289773    0.0000000000
  -18.47478609    0.0000000000
  -18.45667445    0.0000000000
  -18.43856281    0.0000000000
  -18.42045117    0.0000000000
  -18.40233953    0.0000000000
  -18.38422789    0.0000000000
  -18.36611625    0.0000000000
  -18.34800460    0.0000000000
  -18.32989296    0.0000000000
  -18.31178132    0.0000000000
  -18.29366968    0.0000000000
  -18.27555804    0.0000000000
  -18.25744640    0.0000000000
  -18.23933476    0.0000000000
  -18.22122312    0.0000000000
  -18.20311147    0.0000000000
  -18.18499983    0.0000000000
  -18.16688819    0.0000000000
  -18.14877655    0.0000000000
  -18.13066491    0.0000000000
  -18.11255327    0.0000000000
  -18.09444163    0.0000000000
  -18.07632999    0.0000000000
  -18.05821834    0.0000000000
  -18.04010670    0.0000000000
  -18.02199506    0.0000000000
  -18.00388342    0.0000000000
  -17.98577178    0.0000000000
  -17.96766014    0.0000000000
  -17.94954850    0.0000000000
  -17.93143686    0.0000000000
  -17.91332522    0.0000000000
  -17.89521357    0.0000000000
  -17.87710193    0.0000000000
  -17.85899029    0.0000000000
  -17.84087865    0.0000000000
  -17.82276701    0.0000000000
  -17.80465537    0.0000000000
  -17.78654373    0.0000000000
  -17.76843209    0.0000000000
  -17.75032044    0.0000000000
  -17.73220880    0.0000000000
  -17.71409716    0.0000000000
  -17.69598552    0.0000000000
  -17.67787388    0.0000000000
  -17.65976224    0.0000000000
  -17.64165060    0.0000000000
  -17.62353896    0.0000000000
  -17.60542731    0.0000000000
  -17.58731567    0.0000000000
  -17.56920403    0.0000000000
  -17.55109239    0.0000000000
  -17.53298075    0.0000000000
  -17.51486911    0.0000000000
  -17.49675747    0.0000000000
  -17.47864583    0.0000000000
  -17.46053418    0.0000000000
  -17.44242254    0.0000000000
  -17.42431090    0.0000000000
  -17.40619926    0.0000000000
  -17.38808762    0.0000000000
  -17.36997598    0.0000000000
  -17.35186434    0.0000000000
  -17.33375270    0.0000000000
  -17.31564105    0.0000000000
  -17.29752941    0.0000000000
  -17.27941777    0.0000000000
  -17.26130613    0.0000000000
  -17.24319449    0.0000000000
  -17.22508285    0.0000000000
  -17.20697121    0.0000000000
  -17.18885957    0.0000000000
  -17.17074792    0.0000000000
  -17.15263628    0.0000000000
  -17.13452464    0.0000000000
  -17.11641300    0.0000000000
  -17.09830136    0.0000000000
  -17.08018972    0.0000000000
  -17.06207808    0.0000000000
  -17.04396644    0.0000000000
  -17.02585479    0.0000000000
  -17.00774315    0.0000000000
  -16.98963151    0.0000000000
  -16.97151987    0.0000000000
  -16.95340823    0.0000000000
  -16.93529659    0.0000000000
  -16.91718495    0.0000000000
  -16.89907331    0.0000000000
  -16.88096166    0.0000000000
  -16.86285002    0.0000000000
  -16.84473838    0.0000000000
  -16.82662674    0.0000000000
  -16.80851510    0.0000000000
  -16.79040346    0.0000000000
  -16.77229182    0.0000000000
  -16.75418018    0.0000000000
  -16.73606853    0.0000000000
  -16.71795689    0.0000000000
  -16.69984525    0.0000000000
  -16.68173361    0.0000000000
  -16.66362197    0.0000000000
  -16.64551033    0.0000000000
  -16.62739869    0.0000000000
  -16.60928705    0.0000000000
  -16.59117540    0.0000000000
  -16.57306376    0.0000000000
  -16.55495212    0.0000000000
  -16.53684048    0.0000000000
  -16.51872884    0.0000000000
  -16.50061720    0.0000000000
  -16.48250556    0.0000000000
  -16.46439392    0.0000000000
  -16.44628227    0.0000000000
  -16.42817063    0.0000000000
  -16.41005899    0.0000000000
  -16.39194735    0.0000000000
  -16.37383571    0.0000000000
  -16.35572407    0.0000000000
  -16.33761243    0.0000000000
  -16.31950079    0.0000000000
  -16.30138914    0.0000000000
  -16.28327750    0.0000000000
  -16.26516586    0.0000000000
  -16.24705422    0.0000000000
  -16.22894258    0.0000000000
  -16.21083094    0.0000000000
  -16.19271930    0.0000000000
  -16.17460766    0.0000000000
  -16.15649602    0.0000000000
  -16.13838437    0.0000000000
  -16.12027273    0.0000000000
  -16.10216109    0.0000000000
  -16.08404945    0.0000000000
  -16.06593781    0.0000000000
  -16.04782617    0.0000000000
  -16.02971453    0.0000000000
  -16.01160289    0.0000000000
  -15.99349124    0.0000000000
  -15.97537960    0.0000000000
  -15.95726796    0.0000000000
  -15.93915632    0.0000000000
  -15.92104468    0.0000000000
  -15.90293304    0.0000000000
  -15.88482140    0.0000000000
  -15.86670976    0.0000000000
  -15.84859811    0.0000000000
  -15.83048647    0.0000000000
  -15.81237483    0.0000000000
  -15.79426319    0.0000000000
  -15.77615155    0.0000000000
  -15.75803991    0.0000000000
  -15.73992827    0.0000000000
  -15.72181663    0.0000000000
  -15.70370498    0.0000000000
  -15.68559334    0.0000000000
  -15.66748170    0.0000000000
  -15.64937006    0.0000000000
  -15.63125842    0.0000000000
  -15.61314678    0.0000000000
  -15.59503514    0.0000000000
  -15.57692350    0.0000000000
  -15.55881185    0.0000000000
  -15.54070021    0.0000000000
  -15.52258857    0.0000000000
  -15.50447693    0.0000000000
  -15.48636529    0.0000000000
  -15.46825365    0.0000000000
  -15.45014201    0.0000000000
  -15.43203037    0.0000000000
  -15.41391872    0.0000000000
  -15.39580708    0.0000000000
  -15.37769544    0.0000000000
  -15.35958380    0.0000000000
  -15.34147216    0.0000000000
  -15.32336052    0.0000000000
  -15.30524888    0.0000000000
  -15.28713724    0.0000000000
  -15.26902559    0.0000000000
  -15.25091395    0.0000000000
  -15.23280231    0.0000000000
  -15.21469067    0.0000000000
  -15.19657903    0.0000000000
  -15.17846739    0.0000000000
  -15.16035575    0.0000000000
  -15.14224411    0.0000000000
  -15.12413246    0.0000000000
  -15.10602082    0.0000000000
  -15.08790918    0.0000000000
  -15.06979754    0.0000000000
  -15.05168590    0.0000000000
  -15.03357426    0.0000000000
  -15.01546262    0.0000000000
  -14.99735098    0.0000000000
  -14.97923933    0.0000000000
  -14.96112769    0.0000000000
  -14.94301605    0.0000000000
  -14.92490441    0.0000000000
  -14.90679277    0.0000000000
  -14.88868113    0.0000000000
  -14.87056949    0.0000000000
  -14.85245785    0.0000000000
  -14.83434620    0.0000000000
  -14.81623456    0.0000000000
  -14.79812292    0.0000000000
  -14.78001128    0.0000000000
  -14.76189964    0.0000000000
  -14.74378800    0.0000000000
  -14.72567636    0.0000000000
  -14.70756472    0.0000000000
  -14.68945307    0.0000000000
  -14.67134143    0.0000000000
  -14.65322979    0.0000000000
  -14.63511815    0.0000000000
  -14.61700651    0.0000000000
  -14.59889487    0.0000000000
  -14.58078323    0.0000000000
  -14.56267159    0.0000000000
  -14.54455995    0.0000000000
  -14.52644830    0.0000000000
  -14.50833666    0.0000000000
  -14.49022502    0.0000000000
  -14.47211338    0.0000000000
  -14.45400174    0.0000000000
  -14.43589010    0.0000000000
  -14.41777846    0.0000000000
  -14.39966682    0.0000000000
  -14.38155517    0.0000000000
  -14.36344353    0.0000000000
  -14.34533189    0.0000000000
  -14.32722025    0.0000000000
  -14.30910861    0.0000000000
  -14.29099697    0.0000000000
  -14.27288533    0.0000000000
  -14.25477369    0.0000000000
  -14.23666204    0.0000000000
  -14.21855040    0.0000000000
  -14.20043876    0.0000000000
  -14.18232712    0.0000000000
  -14.16421548    0.0000000000
  -14.14610384    0.0000000000
  -14.12799220    0.0000000000
  -14.10988056    0.0000000000
  -14.09176891    0.0000000000
  -14.07365727    0.0000000000
  -14.05554563    0.0000000000
  -14.03743399    0.0000000000
  -14.01932235    0.0000000000
  -14.00121071    0.0000000000
  -13.98309907    0.0000000000
  -13.96498743    0.0000000000
  -13.94687578    0.0000000000
  -13.92876414    0.0000000000
  -13.91065250    0.0000000000
  -13.89254086    0.0000000000
  -13.87442922    0.0000000000
  -13.85631758    0.0000000000
  -13.83820594    0.0000000000
  -13.82009430    0.0000000000
  -13.80198265    0.0000000000
  -13.78387101    0.0000000000
  -13.76575937    0.0000000000
  -13.74764773    0.0000000000
  -13.72953609    0.0000000000
  -13.71142445    0.0000000000
  -13.69331281    0.0000000000
  -13.67520117    0.0000000000
  -13.65708952    0.0000000000
  -13.63897788    0.0000000000
  -13.62086624    0.0000000000
  -13.60275460    0.0000000000
  -13.58464296    0.0000000000
  -13.56653132    0.0000000000
  -13.54841968    0.0000000000
  -13.53030804    0.0000000000
  -13.51219639    0.0000000000
  -13.49408475    0.0000000000
  -13.47597311    0.0000000000
  -13.45786147    0.0000000000
  -13.43974983    0.0000000000
  -13.42163819    0.0000000000
  -13.40352655    0.0000000000
  -13.38541491    0.0000000000
  -13.36730326    0.0000000000
  -13.34919162    0.0000000000
  -13.33107998    0.0000000000
  -13.31296834    0.0000000000
  -13.29485670    0.0000000000
  -13.27674506    0.0000000000
  -13.25863342    0.0000000000
  -13.24052178    0.0000000000
  -13.22241013    0.0000000000
  -13.20429849    0.0000000000
  -13.18618685    0.0000000000
  -13.16807521    0.0000000000
  -13.14996357    0.0000000000
  -13.13185193    0.0000000000
  -13.11374029    0.0000000000
  -13.09562865    0.0000000000
  -13.07751700    0.0000000000
  -13.05940536    0.0000000000
  -13.04129372    0.0000000000
  -13.02318208    0.0000000000
  -13.00507044    0.0000000000
  -12.98695880    0.0000000000
  -12.96884716    0.0000000000
  -12.95073552    0.0000000000
  -12.93262387    0.0000000000
  -12.91451223    0.0000000000
  -12.89640059    0.0000000000
  -12.87828895    0.0000000000
  -12.86017731    0.0000000000
  -12.84206567    0.0000000000
  -12.82395403    0.0000000000
  -12.80584239    0.0000000000
  -12.78773075    0.0000000000
  -12.76961910    0.0000000000
  -12.75150746    0.0000000000
  -12.73339582    0.0000000000
  -12.71528418    0.0000000000
  -12.69717254    0.0000000000
  -12.67906090    0.0000000000
  -12.66094926    0.0000000000
  -12.64283762    0.0000000000
  -12.62472597    0.0000000000
  -12.60661433    0.0000000000
  -12.58850269    0.0000000000
  -12.57039105    0.0000000000
  -12.55227941    0.0000000000
  -12.53416777    0.0000000000
  -12.51605613    0.0000000000
  -12.49794449    0.0000000000
  -12.47983284    0.0000000000
  -12.46172120    0.0000000000
  -12.44360956    0.0000000000
  -12.42549792    0.0000000000
  -12.40738628    0.0000000000
  -12.38927464    0.0000000000
  -12.37116300    0.0000000000
  -12.35305136    0.0000000000
  -12.33493971    0.0000000000
  -12.31682807    0.0000000000
  -12.29871643    0.0000000000
  -12.28060479    0.0000000000
  -12.26249315    0.0000000000
  -12.24438151    0.0000000000
  -12.22626987    0.0000000000
  -12.20815823    0.0000000000
  -12.19004658    0.0000000000
  -12.17193494    0.0000000000
  -12.15382330    0.0000000000
  -12.13571166    0.0000000000
  -12.11760002    0.0000000000
  -12.09948838    0.0000000000
  -12.08137674    0.0000000000
  -12.06326510    0.0000000000
  -12.04515345    0.0000000000
  -12.02704181    0.0000000000
  -12.00893017    0.0000000000
  -11.99081853    0.0000000000
  -11.97270689    0.0000000000
  -11.95459525    0.0000000000
  -11.93648361    0.0000000000
  -11.91837197    0.0000000000
  -11.90026032    0.0000000000
  -11.88214868    0.0000000000
  -11.86403704    0.0000000000
  -11.84592540    0.0000000000
  -11.82781376    0.0000000000
  -11.80970212    0.0000000000
  -11.79159048    0.0000000000
  -11.77347884    0.0000000000
  -11.75536719    0.0000000000
  -11.73725555    0.0000000000
  -11.71914391    0.0000000000
  -11.70103227    0.0000000000
  -11.68292063    0.0000000000
  -11.66480899    0.0000000000
  -11.64669735    0.0000000000
  -11.62858571    0.0000000000
  -11.61047406    0.0000000000
  -11.59236242    0.0000000000
  -11.57425078    0.0000000000
  -11.55613914    0.0000000000
  -11.53802750    0.0000000000
  -11.51991586    0.0000000000
  -11.50180422    0.0000000000
  -11.48369258    0.0000000000
  -11.46558093    0.0000000000
  -11.44746929    0.0000000000
  -11.42935765    0.0000000000
  -11.41124601    0.0000000000
  -11.39313437    0.0000000000
  -11.37502273    0.0000000000
  -11.35691109    0.0000000000
  -11.33879945    0.0000000000
  -11.32068780    0.0000000000
  -11.30257616    0.0000000000
  -11.28446452    0.0000000000
  -11.26635288    0.0000000000
  -11.24824124    0.0000000000
  -11.23012960    0.0000000000
  -11.21201796    0.0000000000
  -11.19390632    0.0000000000
  -11.17579468    0.0000000000
  -11.15768303    0.0000000000
  -11.13957139    0.0000000000
  -11.12145975    0.0000000000
  -11.10334811    0.0000000000
  -11.08523647    0.0000000000
  -11.06712483    0.0000000000
  -11.04901319    0.0000000000
  -11.03090155    0.0000000000
  -11.01278990    0.0000000000
  -10.99467826    0.0000000000
  -10.97656662    0.0000000000
  -10.95845498    0.0000000000
  -10.94034334    0.0000000000
  -10.92223170    0.0000000000
  -10.90412006    0.0000000000
  -10.88600842    0.0000000000
  -10.86789677    0.0000000000
  -10.84978513    0.0000000000
  -10.83167349    0.0000000000
  -10.81356185    0.0000000000
  -10.79545021    0.0000000000
  -10.77733857    0.0000000000
  -10.75922693    0.0000000000
  -10.74111529    0.0000000000
  -10.72300364    0.0000000000
  -10.70489200    0.0000000000
  -10.68678036    0.0000000000
  -10.66866872    0.0000000000
  -10.65055708    0.0000000000
  -10.63244544    0.0000000000
  -10.61433380    0.0000000000
  -10.59622216    0.0000000001
  -10.57811051    0.0000000006
  -10.55999887    0.0000000023
  -10.54188723    0.0000000090
  -10.52377559    0.0000000340
  -10.50566395    0.0000001227
  -10.48755231    0.0000004228
  -10.46944067    0.0000013924
  -10.45132903    0.0000043821
  -10.43321738    0.0000131782
  -10.41510574    0.0000378683
  -10.39699410    0.0001039795
  -10.37888246    0.0002728158
  -10.36077082    0.0006839772
  -10.34265918    0.0016385655
  -10.32454754    0.0037509060
  -10.30643590    0.0082046248
  -10.28832425    0.0171487100
  -10.27021261    0.0342495102
  -10.25210097    0.0653623189
  -10.23398933    0.1191929904
  -10.21587769    0.2076940992
  -10.19776605    0.3458181460
  -10.17965441    0.5502012546
  -10.16154277    0.8364607222
  -10.14343112    1.2151215045
  -10.12531948    1.6867240569
  -10.10720784    2.2372707740
  -10.08909620    2.8355887046
  -10.07098456    3.4341408533
  -10.05287292    3.9741398730
  -10.03476128    4.3945900770
  -10.01664964    4.6434820507
   -9.99853799    4.6883427009
   -9.98042635    4.5231928636
   -9.96231471    4.1698558357
   -9.94420307    3.6732217976
   -9.92609143    3.0918857901
   -9.90797979    2.4868518392
   -9.88986815    1.9112898713
   -9.87175651    1.4036323947
   -9.85364486    0.9849867431
   -9.83553322    0.6604767982
   -9.81742158    0.4231895398
   -9.79930994    0.2590970457
   -9.78119830    0.1515793972
   -9.76308666    0.0847360213
   -9.74497502    0.0452632922
   -9.72686338    0.0231033197
   -9.70875173    0.0112681551
   -9.69064009    0.0052514764
   -9.67252845    0.0023386229
   -9.65441681    0.0009951514
   -9.63630517    0.0004046395
   -9.61819353    0.0001572163
   -9.60008189    0.0000583683
   -9.58197025    0.0000207065
   -9.56385860    0.0000070192
   -9.54574696    0.0000022736
   -9.52763532    0.0000007037
   -9.50952368    0.0000002081
   -9.49141204    0.0000000588
   -9.47330040    0.0000000159
   -9.45518876    0.0000000041
   -9.43707712    0.0000000010
   -9.41896548    0.0000000002
   -9.40085383    0.0000000001
   -9.38274219    0.0000000000
   -9.36463055    0.0000000000
   -9.34651891    0.0000000000
   -9.32840727    0.0000000000
   -9.31029563    0.0000000000
   -9.29218399    0.0000000000
   -9.27407235    0.0000000000
   -9.25596070    0.0000000000
   -9.23784906    0.0000000000
   -9.21973742    0.0000000000
   -9.20162578    0.0000000000
   -9.18351414    0.0000000000
   -9.16540250    0.0000000000
   -9.14729086    0.0000000000
   -9.12917922    0.0000000000
   -9.11106757    0.0000000000
   -9.09295593    0.0000000000
   -9.07484429    0.0000000000
   -9.05673265    0.0000000000
   -9.03862101    0.0000000000
   -9.02050937    0.0000000000
   -9.00239773    0.0000000000
   -8.98428609    0.0000000000
   -8.96617444    0.0000000000
   -8.94806280    0.0000000000
   -8.92995116    0.0000000000
   -8.91183952    0.0000000000
   -8.89372788    0.0000000000
   -8.87561624    0.0000000000
   -8.85750460    0.0000000000
   -8.83939296    0.0000000000
   -8.82128131    0.0000000000
   -8.80316967    0.0000000000
   -8.78505803    0.0000000000
   -8.76694639    0.0000000000
   -8.74883475    0.0000000000
   -8.73072311    0.0000000000
   -8.71261147    0.0000000000
   -8.69449983    0.0000000000
   -8.67638818    0.0000000000
   -8.65827654    0.0000000000
   -8.64016490    0.0000000000
   -8.62205326    0.0000000000
   -8.60394162    0.0000000000
   -8.58582998    0.0000000000
   -8.56771834    0.0000000000
   -8.54960670    0.0000000000
   -8.53149505    0.0000000000
   -8.51338341    0.0000000000
   -8.49527177    0.0000000000
   -8.47716013    0.0000000000
   -8.45904849    0.0000000000
   -8.44093685    0.0000000000
   -8.42282521    0.0000000000
   -8.40471357    0.0000000000
   -8.38660192    0.0000000000
   -8.36849028    0.0000000000
   -8.35037864    0.0000000000
   -8.33226700    0.0000000000
   -8.31415536    0.0000000000
   -8.29604372    0.0000000000
   -8.27793208    0.0000000000
   -8.25982044    0.0000000000
   -8.24170879    0.0000000000
   -8.22359715    0.0000000000
   -8.20548551    0.0000000000
   -8.18737387    0.0000000000
   -8.16926223    0.0000000000
   -8.15115059    0.0000000000
   -8.13303895    0.0000000000
   -8.11492731    0.0000000000
   -8.09681566    0.0000000000
   -8.07870402    0.0000000000
   -8.06059238    0.0000000000
   -8.04248074    0.0000000000
   -8.02436910    0.0000000000
   -8.00625746    0.0000000000
   -7.98814582    0.0000000000
   -7.97003418    0.0000000000
   -7.95192253    0.0000000000
   -7.93381089    0.0000000000
   -7.91569925    0.0000000000
   -7.89758761    0.0000000000
   -7.87947597    0.0000000000
   -7.86136433    0.0000000000
   -7.84325269    0.0000000000
   -7.82514105    0.0000000000
   -7.80702941    0.0000000000
   -7.78891776    0.0000000000
   -7.77080612    0.0000000000
   -7.75269448    0.0000000000
   -7.73458284    0.0000000000
   -7.71647120    0.0000000000
   -7.69835956    0.0000000000
   -7.68024792    0.0000000000
   -7.66213628    0.0000000000
   -7.64402463    0.0000000000
   -7.62591299    0.0000000000
   -7.60780135    0.0000000000
   -7.58968971    0.0000000000
   -7.57157807    0.0000000000
   -7.55346643    0.0000000000
   -7.53535479    0.0000000001
   -7.51724315    0.0000000003
   -7.49913150    0.0000000012
   -7.48101986    0.0000000048
   -7.46290822    0.0000000185
   -7.44479658    0.0000000680
   -7.42668494    0.0000002394
   -7.40857330    0.0000008052
   -7.39046166    0.0000025883
   -7.37235002    0.0000079497
   -7.35423837    0.0000233313
   -7.33612673    0.0000654303
   -7.31801509    0.0001753349
   -7.29990345    0.0004489602
   -7.28179181    0.0010984939
   -7.26368017    0.0025682518
   -7.24556853    0.0057375664
   -7.22745689    0.0122480805
   -7.20934524    0.0249838014
   -7.19123360    0.0486966608
   -7.17312196    0.0906963948
   -7.15501032    0.1614102254
   -7.13689868    0.2744872916
   -7.11878704    0.4460295353
   -7.10067540    0.6925564397
   -7.08256376    1.0275356628
   -7.06445211    1.4567627033
   -7.04634047    1.9734716957
   -7.02822883    2.5546015304
   -7.01011719    3.1598437807
   -6.99200555    3.7347216064
   -6.97389391    4.2179461834
   -6.95578227    4.5519136242
   -6.93767063    4.6939360508
   -6.91955898    4.6251998483
   -6.90144734    4.3548581653
   -6.88333570    3.9180295316
   -6.86522406    3.3683062669
   -6.84711242    2.7669774485
   -6.82900078    2.1719501029
   -6.81088914    1.6290868800
   -6.79277750    1.1675858587
   -6.77466585    0.7996198832
   -6.75655421    0.5232732344
   -6.73844257    0.3272077906
   -6.72033093    0.1955099784
   -6.70221929    0.1116257521
   -6.68410765    0.0608989839
   -6.66599601    0.0317472325
   -6.64788437    0.0158143693
   -6.62977272    0.0075274531
   -6.61166108    0.0034236899
   -6.59354944    0.0014879590
   -6.57543780    0.0006179277
   -6.55732616    0.0002452080
   -6.53921452    0.0000929783
   -6.52110288    0.0000336883
   -6.50299124    0.0000116634
   -6.48487959    0.0000038585
   -6.46676795    0.0000012198
   -6.44865631    0.0000003684
   -6.43054467    0.0000001063
   -6.41243303    0.0000000293
   -6.39432139    0.0000000077
   -6.37620975    0.0000000019
   -6.35809811    0.0000000005
   -6.33998646    0.0000000001
   -6.32187482    0.0000000000
   -6.30376318    0.0000000000
   -6.28565154    0.0000000000
   -6.26753990    0.0000000000
   -6.24942826    0.0000000000
   -6.23131662    0.0000000000
   -6.21320498    0.0000000000
   -6.19509333    0.0000000000
   -6.17698169    0.0000000000
   -6.15887005    0.0000000000
   -6.14075841    0.0000000000
   -6.12264677    0.0000000000
   -6.10453513    0.0000000000
   -6.08642349    0.0000000000
   -6.06831185    0.0000000000
   -6.05020021    0.0000000000
   -6.03208856    0.0000000000
   -6.01397692    0.0000000000
   -5.99586528    0.0000000000
   -5.97775364    0.0000000000
   -5.95964200    0.0000000000
   -5.94153036    0.0000000000
   -5.92341872    0.0000000000
   -5.90530708    0.0000000000
   -5.88719543    0.0000000000
   -5.86908379    0.0000000000
   -5.85097215    0.0000000000
   -5.83286051    0.0000000000
   -5.81474887    0.0000000000
   -5.79663723    0.0000000000
   -5.77852559    0.0000000000
   -5.76041395    0.0000000000
   -5.74230230    0.0000000000
   -5.72419066    0.0000000000
   -5.70607902    0.0000000000
   -5.68796738    0.0000000000
   -5.66985574    0.0000000000
   -5.65174410    0.0000000000
   -5.63363246    0.0000000000
   -5.61552082    0.0000000000
   -5.59740917    0.0000000000
   -5.57929753    0.0000000000
   -5.56118589    0.0000000000
   -5.54307425    0.0000000000
   -5.52496261    0.0000000000
   -5.50685097    0.0000000000
   -5.48873933    0.0000000000
   -5.47062769    0.0000000000
   -5.45251604    0.0000000000
   -5.43440440    0.0000000000
   -5.41629276    0.0000000000
   -5.39818112    0.0000000000
   -5.38006948    0.0000000000
   -5.36195784    0.0000000000
   -5.34384620    0.0000000000
   -5.32573456    0.0000000000
   -5.30762291    0.0000000000
   -5.28951127    0.0000000000
   -5.27139963    0.0000000000
   -5.25328799    0.0000000000
   -5.23517635    0.0000000000
   -5.21706471    0.0000000000
   -5.19895307    0.0000000000
   -5.18084143    0.0000000000
   -5.16272978    0.0000000000
   -5.14461814    0.0000000000
   -5.12650650    0.0000000000
   -5.10839486    0.0000000000
   -5.09028322    0.0000000000
   -5.07217158    0.0000000000
   -5.05405994    0.0000000000
   -5.03594830    0.0000000000
   -5.01783665    0.0000000000
   -4.99972501    0.0000000000
   -4.98161337    0.0000000000
   -4.96350173    0.0000000000
   -4.94539009    0.0000000000
   -4.92727845    0.0000000000
   -4.90916681    0.0000000000
   -4.89105517    0.0000000000
   -4.87294352    0.0000000001
   -4.85483188    0.0000000003
   -4.83672024    0.0000000013
   -4.81860860    0.0000000053
   -4.80049696    0.0000000204
   -4.78238532    0.0000000750
   -4.76427368    0.0000002631
   -4.74616204    0.0000008819
   -4.72805039    0.0000028249
   -4.70993875    0.0000086462
   -4.69182711    0.0000252875
   -4.67371547    0.0000706697
   -4.65560383    0.0001887172
   -4.63749219    0.0004815483
   -4.61938055    0.0011741360
   -4.60126891    0.0027355656
   -4.58315726    0.0060901227
   -4.56504562    0.0129555283
   -4.54693398    0.0263350650
   -4.52882234    0.0511521435
   -4.51071070    0.0949387389
   -4.49259906    0.1683733132
   -4.47448742    0.2853338098
   -4.45637578    0.4620440590
   -4.43826414    0.7149303332
   -4.42015249    1.0570468470
   -4.40204085    1.4933957962
   -4.38392921    2.0160708573
   -4.36581757    2.6006795174
   -4.34770593    3.2056644473
   -4.32959429    3.7757172326
   -4.31148265    4.2494335415
   -4.29337101    4.5699642112
   -4.27525936    4.6961799982
   -4.25714772    4.6113368516
   -4.23903608    4.3267234708
   -4.22092444    3.8791949794
   -4.20281280    3.3233360345
   -4.18470116    2.7205523184
   -4.16658952    2.1280904645
   -4.14847788    1.5906450099
   -4.13036623    1.1360740162
   -4.11225459    0.7753363843
   -4.09414295    0.5056195762
   -4.07603131    0.3150705231
   -4.05791967    0.1876038927
   -4.03980803    0.1067397289
   -4.02169639    0.0580310626
   -4.00358475    0.0301470714
   -3.98547310    0.0149651100
   -3.96736146    0.0070984720
   -3.94924982    0.0032173626
   -3.93113818    0.0013934306
   -3.91302654    0.0005766613
   -3.89491490    0.0002280376
   -3.87680326    0.0000861673
   -3.85869162    0.0000311120
   -3.84057997    0.0000107341
   -3.82246833    0.0000035388
   -3.80435669    0.0000011148
   -3.78624505    0.0000003356
   -3.76813341    0.0000000965
   -3.75002177    0.0000000265
   -3.73191013    0.0000000070
   -3.71379849    0.0000000017
   -3.69568684    0.0000000004
   -3.67757520    0.0000000001
   -3.65946356    0.0000000000
   -3.64135192    0.0000000000
   -3.62324028    0.0000000000
   -3.60512864    0.0000000000
   -3.58701700    0.0000000000
   -3.56890536    0.0000000000
   -3.55079371    0.0000000000
   -3.53268207    0.0000000000
   -3.51457043    0.0000000000
   -3.49645879    0.0000000000
   -3.47834715    0.0000000000
   -3.46023551    0.0000000000
   -3.44212387    0.0000000000
   -3.42401223    0.0000000000
   -3.40590058    0.0000000000
   -3.38778894    0.0000000000
   -3.36967730    0.0000000000
   -3.35156566    0.0000000000
   -3.33345402    0.0000000000
   -3.31534238    0.0000000000
   -3.29723074    0.0000000000
   -3.27911910    0.0000000000
   -3.26100745    0.0000000000
   -3.24289581    0.0000000000
   -3.22478417    0.0000000000
   -3.20667253    0.0000000000
   -3.18856089    0.0000000000
   -3.17044925    0.0000000000
   -3.15233761    0.0000000000
   -3.13422597    0.0000000000
   -3.11611432    0.0000000000
   -3.09800268    0.0000000000
   -3.07989104    0.0000000000
   -3.06177940    0.0000000000
   -3.04366776    0.0000000000
   -3.02555612    0.0000000000
   -3.00744448    0.0000000000
   -2.98933284    0.0000000000
   -2.97122119    0.0000000000
   -2.95310955    0.0000000000
   -2.93499791    0.0000000000
   -2.91688627    0.0000000000
   -2.89877463    0.0000000000
   -2.88066299    0.0000000000
   -2.86255135    0.0000000000
   -2.84443971    0.0000000000
   -2.82632806    0.0000000000
   -2.80821642    0.0000000000
   -2.79010478    0.0000000000
   -2.77199314    0.0000000000
   -2.75388150    0.0000000000
   -2.73576986    0.0000000000
   -2.71765822    0.0000000000
   -2.69954658    0.0000000000
   -2.68143494    0.0000000000
   -2.66332329    0.0000000000
   -2.64521165    0.0000000000
   -2.62710001    0.0000000000
   -2.60898837    0.0000000000
   -2.59087673    0.0000000000
   -2.57276509    0.0000000000
   -2.55465345    0.0000000000
   -2.53654181    0.0000000000
   -2.51843016    0.0000000000
   -2.50031852    0.0000000000
   -2.48220688    0.0000000000
   -2.46409524    0.0000000000
   -2.44598360    0.0000000000
   -2.42787196    0.0000000000
   -2.40976032    0.0000000000
   -2.39164868    0.0000000000
   -2.37353703    0.0000000000
   -2.35542539    0.0000000000
   -2.33731375    0.0000000000
   -2.31920211    0.0000000000
   -2.30109047    0.0000000000
   -2.28297883    0.0000000000
   -2.26486719    0.0000000000
   -2.24675555    0.0000000000
   -2.22864390    0.0000000000
   -2.21053226    0.0000000000
   -2.19242062    0.0000000000
   -2.17430898    0.0000000000
   -2.15619734    0.0000000000
   -2.13808570    0.0000000000
   -2.11997406    0.0000000000
   -2.10186242    0.0000000000
   -2.08375077    0.0000000000
   -2.06563913    0.0000000000
   -2.04752749    0.0000000000
   -2.02941585    0.0000000000
   -2.01130421    0.0000000000
   -1.99319257    0.0000000000
   -1.97508093    0.0000000000
   -1.95696929    0.0000000000
   -1.93885764    0.0000000000
   -1.92074600    0.0000000000
   -1.90263436    0.0000000000
   -1.88452272    0.0000000000
   -1.86641108    0.0000000000
   -1.84829944    0.0000000000
   -1.83018780    0.0000000000
   -1.81207616    0.0000000000
   -1.79396451    0.0000000000
   -1.77585287    0.0000000000
   -1.75774123    0.0000000000
   -1.73962959    0.0000000000
   -1.72151795    0.0000000000
   -1.70340631    0.0000000000
   -1.68529467    0.0000000000
   -1.66718303    0.0000000000
   -1.64907138    0.0000000000
   -1.63095974    0.0000000000
   -1.61284810    0.0000000000
   -1.59473646    0.0000000000
   -1.57662482    0.0000000000
   -1.55851318    0.0000000000
   -1.54040154    0.0000000000
   -1.52228990    0.0000000000
   -1.50417825    0.0000000000
   -1.48606661    0.0000000000
   -1.46795497    0.0000000000
   -1.44984333    0.0000000000
   -1.43173169    0.0000000000
   -1.41362005    0.0000000000
   -1.39550841    0.0000000000
   -1.37739677    0.0000000000
   -1.35928512    0.0000000000
   -1.34117348    0.0000000000
   -1.32306184    0.0000000000
   -1.30495020    0.0000000000
   -1.28683856    0.0000000000
   -1.26872692    0.0000000000
   -1.25061528    0.0000000000
   -1.23250364    0.0000000000
   -1.21439199    0.0000000000
   -1.19628035    0.0000000000
   -1.17816871    0.0000000000
   -1.16005707    0.0000000000
   -1.14194543    0.0000000000
   -1.12383379    0.0000000000
   -1.10572215    0.0000000000
   -1.08761051    0.0000000000
   -1.06949887    0.0000000000
   -1.05138722    0.0000000000
   -1.03327558    0.0000000000
   -1.01516394    0.0000000000
   -0.99705230    0.0000000000
   -0.97894066    0.0000000000
   -0.96082902    0.0000000000
   -0.94271738    0.0000000000
   -0.92460574    0.0000000000
   -0.90649409    0.0000000000
   -0.88838245    0.0000000000
   -0.87027081    0.0000000000
   -0.85215917    0.0000000000
   -0.83404753    0.0000000000
   -0.81593589    0.0000000000
   -0.79782425    0.0000000000
   -0.77971261    0.0000000000
   -0.76160096    0.0000000000
   -0.74348932    0.0000000000
   -0.72537768    0.0000000000
   -0.70726604    0.0000000000
   -0.68915440    0.0000000000
   -0.67104276    0.0000000000
   -0.65293112    0.0000000000
   -0.63481948    0.0000000000
   -0.61670783    0.0000000000
   -0.59859619    0.0000000000
   -0.58048455    0.0000000000
   -0.56237291    0.0000000000
   -0.54426127    0.0000000000
   -0.52614963    0.0000000000
   -0.50803799    0.0000000000
   -0.48992635    0.0000000000
   -0.47181470    0.0000000000
   -0.45370306    0.0000000000
   -0.43559142    0.0000000000
   -0.41747978    0.0000000000
   -0.39936814    0.0000000000
   -0.38125650    0.0000000000
   -0.36314486    0.0000000000
   -0.34503322    0.0000000000
   -0.32692157    0.0000000000
   -0.30880993    0.0000000000
   -0.29069829    0.0000000000
   -0.27258665    0.0000000000
   -0.25447501    0.0000000000
   -0.23636337    0.0000000000
   -0.21825173    0.0000000000
   -0.20014009    0.0000000000
   -0.18202844    0.0000000000
   -0.16391680    0.0000000000
   -0.14580516    0.0000000000
   -0.12769352    0.0000000000
   -0.10958188    0.0000000000
   -0.09147024    0.0000000000
   -0.07335860    0.0000000000
   -0.05524696    0.0000000000
   -0.03713531    0.0000000000
   -0.01902367    0.0000000000
   -0.00091203    0.0000000000
    0.01719961    0.0000000000
    0.03531125    0.0000000000
    0.05342289    0.0000000000
    0.07153453    0.0000000000
    0.08964617    0.0000000000
    0.10775782    0.0000000000
    0.12586946    0.0000000000
    0.14398110    0.0000000000
    0.16209274    0.0000000000
    0.18020438    0.0000000000
    0.19831602    0.0000000000
    0.21642766    0.0000000000
    0.23453930    0.0000000000
    0.25265095    0.0000000000
    0.27076259    0.0000000000
    0.28887423    0.0000000000
    0.30698587    0.0000000000
    0.32509751    0.0000000000
    0.34320915    0.0000000000
    0.36132079    0.0000000000
    0.37943243    0.0000000000
    0.39754408    0.0000000000
    0.41565572    0.0000000000
    0.43376736    0.0000000000
    0.45187900    0.0000000000
    0.46999064    0.0000000000
    0.48810228    0.0000000000
    0.50621392    0.0000000000
    0.52432556    0.0000000000
    0.54243721    0.0000000000
    0.56054885    0.0000000000
    0.57866049    0.0000000000
    0.59677213    0.0000000000
    0.61488377    0.0000000000
    0.63299541    0.0000000000
    0.65110705    0.0000000000
    0.66921869    0.0000000000
    0.68733033    0.0000000000
    0.70544198    0.0000000000
    0.72355362    0.0000000000
    0.74166526    0.0000000000
    0.75977690    0.0000000000
    0.77788854    0.0000000000
    0.79600018    0.0000000000
    0.81411182    0.0000000000
    0.83222346    0.0000000000
    0.85033511    0.0000000000
    0.86844675    0.0000000000
    0.88655839    0.0000000000
    0.90467003    0.0000000000
    0.92278167    0.0000000000
    0.94089331    0.0000000000
    0.95900495    0.0000000000
    0.97711659    0.0000000000
    0.99522824    0.0000000000
    1.01333988    0.0000000000
    1.03145152    0.0000000000
    1.04956316    0.0000000000
    1.06767480    0.0000000000
    1.08578644    0.0000000000
    1.10389808    0.0000000000
    1.12200972    0.0000000000
    1.14012137    0.0000000000
    1.15823301    0.0000000000
    1.17634465    0.0000000000
    1.19445629    0.0000000000
    1.21256793    0.0000000000
    1.23067957    0.0000000000
    1.24879121    0.0000000000
    1.26690285    0.0000000000
    1.28501450    0.0000000000
    1.30312614    0.0000000000
    1.32123778    0.0000000000
    1.33934942    0.0000000000
    1.35746106    0.0000000000
    1.37557270    0.0000000000
    1.39368434    0.0000000000
    1.41179598    0.0000000000
    1.42990763    0.0000000000
    1.44801927    0.0000000000
    1.46613091    0.0000000000
    1.48424255    0.0000000000
    1.50235419    0.0000000000
    1.52046583    0.0000000000
    1.53857747    0.0000000000
    1.55668911    0.0000000000
    1.57480076    0.0000000000
    1.59291240    0.0000000000
    1.61102404    0.0000000000
    1.62913568    0.0000000000
    1.64724732    0.0000000000
    1.66535896    0.0000000000
    1.68347060    0.0000000000
    1.70158224    0.0000000000
    1.71969389    0.0000000000
    1.73780553    0.0000000000
    1.75591717    0.0000000000
    1.77402881    0.0000000000
    1.79214045    0.0000000000
    1.81025209    0.0000000000
    1.82836373    0.0000000000
    1.84647537    0.0000000000
    1.86458702    0.0000000000
    1.88269866    0.0000000000
    1.90081030    0.0000000000
    1.91892194    0.0000000000
    1.93703358    0.0000000000
    1.95514522    0.0000000000
    1.97325686    0.0000000000
    1.99136850    0.0000000000
    2.00948015    0.0000000000
    2.02759179    0.0000000000
    2.04570343    0.0000000000
    2.06381507    0.0000000000
    2.08192671    0.0000000000
    2.10003835    0.0000000000
    2.11814999    0.0000000000
    2.13626163    0.0000000000
    2.15437328    0.0000000000
    2.17248492    0.0000000000
    2.19059656    0.0000000000
    2.20870820    0.0000000000
    2.22681984    0.0000000000
    2.24493148    0.0000000000
    2.26304312    0.0000000000
    2.28115476    0.0000000000
    2.29926640    0.0000000000
    2.31737805    0.0000000000
    2.33548969    0.0000000000
    2.35360133    0.0000000000
    2.37171297    0.0000000000
    2.38982461    0.0000000000
    2.40793625    0.0000000000
    2.42604789    0.0000000000
    2.44415953    0.0000000000
    2.46227118    0.0000000000
    2.48038282    0.0000000000
    2.49849446    0.0000000000
    2.51660610    0.0000000000
    2.53471774    0.0000000000
    2.55282938    0.0000000000
    2.57094102    0.0000000000
    2.58905266    0.0000000000
    2.60716431    0.0000000000
    2.62527595    0.0000000000
    2.64338759    0.0000000000
    2.66149923    0.0000000000
    2.67961087    0.0000000000
    2.69772251    0.0000000000
    2.71583415    0.0000000000
    2.73394579    0.0000000000
    2.75205744    0.0000000000
    2.77016908    0.0000000000
    2.78828072    0.0000000000
    2.80639236    0.0000000000
    2.82450400    0.0000000000
    2.84261564    0.0000000000
    2.86072728    0.0000000000
    2.87883892    0.0000000000
    2.89695057    0.0000000000
    2.91506221    0.0000000000
    2.93317385    0.0000000000
    2.95128549    0.0000000000
    2.96939713    0.0000000000
    2.98750877    0.0000000000
    3.00562041    0.0000000000
    3.02373205    0.0000000000
    3.04184370    0.0000000000
    3.05995534    0.0000000000
    3.07806698    0.0000000000
    3.09617862    0.0000000000
    3.11429026    0.0000000000
    3.13240190    0.0000000000
    3.15051354    0.0000000000
    3.16862518    0.0000000000
    3.18673683    0.0000000000
    3.20484847    0.0000000000
    3.22296011    0.0000000000
    3.24107175    0.0000000000
    3.25918339    0.0000000000
    3.27729503    0.0000000000
    3.29540667    0.0000000000
    3.31351831    0.0000000000
    3.33162996    0.0000000000
    3.34974160    0.0000000000
    3.36785324    0.0000000000
    3.38596488    0.0000000000
    3.40407652    0.0000000000
    3.42218816    0.0000000000
    3.44029980    0.0000000000
    3.45841144    0.0000000000
    3.47652309    0.0000000000
    3.49463473    0.0000000000
    3.51274637    0.0000000000
    3.53085801    0.0000000000
    3.54896965    0.0000000000
    3.56708129    0.0000000000
    3.58519293    0.0000000000
    3.60330457    0.0000000000
    3.62141622    0.0000000000
    3.63952786    0.0000000000
    3.65763950    0.0000000000
    3.67575114    0.0000000001
    3.69386278    0.0000000004
    3.71197442    0.0000000015
    3.73008606    0.0000000061
    3.74819770    0.0000000232
    3.76630935    0.0000000849
    3.78442099    0.0000002966
    3.80253263    0.0000009898
    3.82064427    0.0000031566
    3.83875591    0.0000096189
    3.85686755    0.0000280077
    3.87497919    0.0000779256
    3.89309083    0.0002071731
    3.91120248    0.0005263041
    3.92931412    0.0012775866
    3.94742576    0.0029634259
    3.96553740    0.0065682243
    3.98364904    0.0139107986
    4.00176068    0.0281518104
    4.01987232    0.0544390794
    4.03798396    0.1005924518
    4.05609560    0.1776111363
    4.07420725    0.2996575126
    4.09231889    0.4830925338
    4.11043053    0.7441931340
    4.12854217    1.0954464954
    4.14665381    1.5408020928
    4.16476545    2.0708694775
    4.18287709    2.6595537539
    4.20098873    3.2637358053
    4.21910038    3.8271139870
    4.23721202    4.2882290738
    4.25532366    4.5912901002
    4.27343530    4.6972283135
    4.29154694    4.5919672665
    4.30965858    4.2894941031
    4.32777022    3.8288076123
    4.34588186    3.2656616962
    4.36399351    2.6615156115
    4.38210515    2.0727027403
    4.40021679    1.5423935600
    4.41832843    1.0967396961
    4.43644007    0.7451815619
    4.45455171    0.4838055168
    4.47266335    0.3001440304
    4.49077499    0.1779257404
    4.50888664    0.1007854946
    4.52699828    0.0545515958
    4.54510992    0.0282141561
    4.56322156    0.0139436621
    4.58133320    0.0065847124
    4.59944484    0.0029713031
    4.61755648    0.0012811715
    4.63566812    0.0005278588
    4.65377977    0.0002078157
    4.67189141    0.0000781789
    4.69000305    0.0000281028
    4.70811469    0.0000096530
    4.72622633    0.0000031683
    4.74433797    0.0000009937
    4.76244961    0.0000002978
    4.78056125    0.0000000853
    4.79867290    0.0000000233
    4.81678454    0.0000000061
    4.83489618    0.0000000015
    4.85300782    0.0000000004
    4.87111946    0.0000000001
    4.88923110    0.0000000000
    4.90734274    0.0000000000
    4.92545438    0.0000000000
    4.94356603    0.0000000000
    4.96167767    0.0000000000
    4.97978931    0.0000000000
    4.99790095    0.0000000000
    5.01601259    0.0000000000
    5.03412423    0.0000000000
    5.05223587    0.0000000000
    5.07034751    0.0000000000
    5.08845916    0.0000000000
    5.10657080    0.0000000000
    5.12468244    0.0000000000
    5.14279408    0.0000000000
    5.16090572    0.0000000000
    5.17901736    0.0000000000
    5.19712900    0.0000000000
    5.21524064    0.0000000000
    5.23335229    0.0000000000
    5.25146393    0.0000000000
    5.26957557    0.0000000000
    5.28768721    0.0000000000
    5.30579885    0.0000000000
    5.32391049    0.0000000000
    5.34202213    0.0000000000
    5.36013377    0.0000000000
    5.37824542    0.0000000000
    5.39635706    0.0000000000
    5.41446870    0.0000000000
    5.43258034    0.0000000000
    5.45069198    0.0000000000
    5.46880362    0.0000000000
    5.48691526    0.0000000000
    5.50502690    0.0000000000
    5.52313855    0.0000000000
    5.54125019    0.0000000000
    5.55936183    0.0000000000
    5.57747347    0.0000000000
    5.59558511    0.0000000000
    5.61369675    0.0000000000
    5.63180839    0.0000000000
    5.64992003    0.0000000000
    5.66803167    0.0000000000
    5.68614332    0.0000000000
    5.70425496    0.0000000000
    5.72236660    0.0000000000
    5.74047824    0.0000000000
    5.75858988    0.0000000000
    5.77670152    0.0000000000
    5.79481316    0.0000000000
    5.81292480    0.0000000000
    5.83103645    0.0000000000
    5.84914809    0.0000000000
    5.86725973    0.0000000000
    5.88537137    0.0000000000
    5.90348301    0.0000000000
    5.92159465    0.0000000000
    5.93970629    0.0000000000
    5.95781793    0.0000000000
    5.97592958    0.0000000000
    5.99404122    0.0000000000
    6.01215286    0.0000000000
    6.03026450    0.0000000000
    6.04837614    0.0000000000
    6.06648778    0.0000000000
    6.08459942    0.0000000000
    6.10271106    0.0000000002
    6.12082271    0.0000000009
    6.13893435    0.0000000037
    6.15704599    0.0000000144
    6.17515763    0.0000000536
    6.19326927    0.0000001903
    6.21138091    0.0000006455
    6.22949255    0.0000020925
    6.24760419    0.0000064811
    6.26571584    0.0000191820
    6.28382748    0.0000542485
    6.30193912    0.0001465994
    6.32005076    0.0003785530
    6.33816240    0.0009340531
    6.35627404    0.0022022497
    6.37438568    0.0049614856
    6.39249732    0.0106808816
    6.41060897    0.0219711424
    6.42872061    0.0431865345
    6.44683225    0.0811137073
    6.46494389    0.1455761819
    6.48305553    0.2496528777
    6.50116717    0.4091033219
    6.51927881    0.6405892016
    6.53739045    0.9584653103
    6.55550210    1.3703243111
    6.57361374    1.8720631917
    6.59172538    2.4438121740
    6.60983702    3.0483534535
    6.62794866    3.6333982046
    6.64606030    4.1381940406
    6.66417194    4.5035903787
    6.68228358    4.6833551474
    6.70039523    4.6537760487
    6.71850687    4.4187969531
    6.73661851    4.0091544701
    6.75473015    3.4757754505
    6.77284179    2.8793921165
    6.79095343    2.2792926451
    6.80906507    1.7240487618
    6.82717671    1.2460893345
    6.84528836    0.8605953412
    6.86340000    0.5679354537
    6.88151164    0.3581369647
    6.89962328    0.2157990331
    6.91773492    0.1242510360
    6.93584656    0.0683597901
    6.95395820    0.0359378093
    6.97206984    0.0180531362
    6.99018149    0.0086657049
    7.00829313    0.0039747087
    7.02640477    0.0017420351
    7.04451641    0.0007295561
    7.06262805    0.0002919514
    7.08073969    0.0001116382
    7.09885133    0.0000407911
    7.11696297    0.0000142419
    7.13507462    0.0000047514
    7.15318626    0.0000015147
    7.17129790    0.0000004614
    7.18940954    0.0000001343
    7.20752118    0.0000000374
    7.22563282    0.0000000099
    7.24374446    0.0000000025
    7.26185610    0.0000000006
    7.27996775    0.0000000001
    7.29807939    0.0000000000
    7.31619103    0.0000000000
    7.33430267    0.0000000000
    7.35241431    0.0000000000
    7.37052595    0.0000000000
    7.38863759    0.0000000000
    7.40674923    0.0000000000
    7.42486087    0.0000000000
    7.44297252    0.0000000000
    7.46108416    0.0000000000
    7.47919580    0.0000000000
    7.49730744    0.0000000000
    7.51541908    0.0000000000
    7.53353072    0.0000000000
    7.55164236    0.0000000000
    7.56975400    0.0000000000
    7.58786565    0.0000000000
    7.60597729    0.0000000000
    7.62408893    0.0000000000
    7.64220057    0.0000000000
    7.66031221    0.0000000000
    7.67842385    0.0000000000
    7.69653549    0.0000000000
    7.71464713    0.0000000000
    7.73275878    0.0000000000
    7.75087042    0.0000000000
    7.76898206    0.0000000000
    7.78709370    0.0000000000
    7.80520534    0.0000000000
    7.82331698    0.0000000000
    7.84142862    0.0000000000
    7.85954026    0.0000000000
    7.87765191    0.0000000000
    7.89576355    0.0000000000
    7.91387519    0.0000000000
    7.93198683    0.0000000000
    7.95009847    0.0000000000
    7.96821011    0.0000000000
    7.98632175    0.0000000000
    8.00443339    0.0000000000
    8.02254504    0.0000000000
    8.04065668    0.0000000000
    8.05876832    0.0000000000
    8.07687996    0.0000000000
    8.09499160    0.0000000000
    8.11310324    0.0000000000
    8.13121488    0.0000000000
    8.14932652    0.0000000000
    8.16743817    0.0000000000
    8.18554981    0.0000000000
    8.20366145    0.0000000000
    8.22177309    0.0000000000
    8.23988473    0.0000000000
    8.25799637    0.0000000000
    8.27610801    0.0000000000
    8.29421965    0.0000000000
    8.31233130    0.0000000000
    8.33044294    0.0000000000
    8.34855458    0.0000000000
    8.36666622    0.0000000000
    8.38477786    0.0000000000
    8.40288950    0.0000000000
    8.42100114    0.0000000000
    8.43911278    0.0000000000
    8.45722443    0.0000000000
    8.47533607    0.0000000000
    8.49344771    0.0000000000
    8.51155935    0.0000000000
    8.52967099    0.0000000000
    8.54778263    0.0000000000
    8.56589427    0.0000000000
    8.58400591    0.0000000000
    8.60211756    0.0000000000
    8.62022920    0.0000000000
    8.63834084    0.0000000000
    8.65645248    0.0000000000
    8.67456412    0.0000000000
    8.69267576    0.0000000000
    8.71078740    0.0000000000
    8.72889904    0.0000000000
    8.74701069    0.0000000000
    8.76512233    0.0000000000
    8.78323397    0.0000000000
    8.80134561    0.0000000000
    8.81945725    0.0000000000
    8.83756889    0.0000000000
    8.85568053    0.0000000000
    8.87379217    0.0000000000
    8.89190382    0.0000000000
    8.91001546    0.0000000000
    8.92812710    0.0000000000
    8.94623874    0.0000000000
    8.96435038    0.0000000000
    8.98246202    0.0000000000
    9.00057366    0.0000000000
    9.01868530    0.0000000000
    9.03679694    0.0000000000
    9.05490859    0.0000000000
    9.07302023    0.0000000000
    9.09113187    0.0000000000
    9.10924351    0.0000000000
    9.12735515    0.0000000000
    9.14546679    0.0000000000
    9.16357843    0.0000000000
    9.18169007    0.0000000000
    9.19980172    0.0000000000
    9.21791336    0.0000000000
    9.23602500    0.0000000000
    9.25413664    0.0000000000
    9.27224828    0.0000000000
    9.29035992    0.0000000000
    9.30847156    0.0000000000
    9.32658320    0.0000000000
    9.34469485    0.0000000000
    9.36280649    0.0000000000
    9.38091813    0.0000000000
    9.39902977    0.0000000000
    9.41714141    0.0000000000
    9.43525305    0.0000000000
    9.45336469    0.0000000000
    9.47147633    0.0000000000
    9.48958798    0.0000000000
    9.50769962    0.0000000000
    9.52581126    0.0000000000
    9.54392290    0.0000000000
    9.56203454    0.0000000000
    9.58014618    0.0000000000
    9.59825782    0.0000000000
    9.61636946    0.0000000000
    9.63448111    0.0000000000
    9.65259275    0.0000000000
    9.67070439    0.0000000000
    9.68881603    0.0000000000
