#  Energy (eV) |  DOS (states/eV)
  -26.31469004    0.0000000000
  -26.29660983    0.0000000000
  -26.27852962    0.0000000000
  -26.26044941    0.0000000000
  -26.24236920    0.0000000000
  -26.22428899    0.0000000000
  -26.20620878    0.0000000000
  -26.18812856    0.0000000000
  -26.17004835    0.0000000000
  -26.15196814    0.0000000000
  -26.13388793    0.0000000000
  -26.11580772    0.0000000000
  -26.09772751    0.0000000000
  -26.07964730    0.0000000000
  -26.06156709    0.0000000000
  -26.04348688    0.0000000000
  -26.02540667    0.0000000000
  -26.00732646    0.0000000000
  -25.98924625    0.0000000000
  -25.97116603    0.0000000000
  -25.95308582    0.0000000000
  -25.93500561    0.0000000000
  -25.91692540    0.0000000000
  -25.89884519    0.0000000000
  -25.88076498    0.0000000000
  -25.86268477    0.0000000000
  -25.84460456    0.0000000000
  -25.82652435    0.0000000000
  -25.80844414    0.0000000000
  -25.79036393    0.0000000000
  -25.77228371    0.0000000000
  -25.75420350    0.0000000000
  -25.73612329    0.0000000000
  -25.71804308    0.0000000000
  -25.69996287    0.0000000000
  -25.68188266    0.0000000000
  -25.66380245    0.0000000000
  -25.64572224    0.0000000000
  -25.62764203    0.0000000000
  -25.60956182    0.0000000000
  -25.59148161    0.0000000000
  -25.57340140    0.0000000000
  -25.55532118    0.0000000000
  -25.53724097    0.0000000000
  -25.51916076    0.0000000000
  -25.50108055    0.0000000000
  -25.48300034    0.0000000000
  -25.46492013    0.0000000000
  -25.44683992    0.0000000000
  -25.42875971    0.0000000000
  -25.41067950    0.0000000000
  -25.39259929    0.0000000000
  -25.37451908    0.0000000000
  -25.35643887    0.0000000000
  -25.33835865    0.0000000000
  -25.32027844    0.0000000000
  -25.30219823    0.0000000000
  -25.28411802    0.0000000000
  -25.26603781    0.0000000000
  -25.24795760    0.0000000000
  -25.22987739    0.0000000000
  -25.21179718    0.0000000000
  -25.19371697    0.0000000000
  -25.17563676    0.0000000000
  -25.15755655    0.0000000000
  -25.13947633    0.0000000000
  -25.12139612    0.0000000000
  -25.10331591    0.0000000000
  -25.08523570    0.0000000000
  -25.06715549    0.0000000000
  -25.04907528    0.0000000000
  -25.03099507    0.0000000000
  -25.01291486    0.0000000000
  -24.99483465    0.0000000000
  -24.97675444    0.0000000000
  -24.95867423    0.0000000000
  -24.94059402    0.0000000000
  -24.92251380    0.0000000000
  -24.90443359    0.0000000000
  -24.88635338    0.0000000000
  -24.86827317    0.0000000000
  -24.85019296    0.0000000000
  -24.83211275    0.0000000000
  -24.81403254    0.0000000000
  -24.79595233    0.0000000000
  -24.77787212    0.0000000000
  -24.75979191    0.0000000000
  -24.74171170    0.0000000000
  -24.72363149    0.0000000000
  -24.70555127    0.0000000000
  -24.68747106    0.0000000000
  -24.66939085    0.0000000000
  -24.65131064    0.0000000000
  -24.63323043    0.0000000000
  -24.61515022    0.0000000000
  -24.59707001    0.0000000000
  -24.57898980    0.0000000000
  -24.56090959    0.0000000000
  -24.54282938    0.0000000000
  -24.52474917    0.0000000000
  -24.50666895    0.0000000000
  -24.48858874    0.0000000000
  -24.47050853    0.0000000000
  -24.45242832    0.0000000000
  -24.43434811    0.0000000000
  -24.41626790    0.0000000000
  -24.39818769    0.0000000000
  -24.38010748    0.0000000000
  -24.36202727    0.0000000000
  -24.34394706    0.0000000000
  -24.32586685    0.0000000000
  -24.30778664    0.0000000000
  -24.28970642    0.0000000000
  -24.27162621    0.0000000000
  -24.25354600    0.0000000000
  -24.23546579    0.0000000000
  -24.21738558    0.0000000000
  -24.19930537    0.0000000000
  -24.18122516    0.0000000000
  -24.16314495    0.0000000000
  -24.14506474    0.0000000000
  -24.12698453    0.0000000000
  -24.10890432    0.0000000000
  -24.09082411    0.0000000000
  -24.07274389    0.0000000000
  -24.05466368    0.0000000000
  -24.03658347    0.0000000000
  -24.01850326    0.0000000000
  -24.00042305    0.0000000000
  -23.98234284    0.0000000000
  -23.96426263    0.0000000000
  -23.94618242    0.0000000000
  -23.92810221    0.0000000000
  -23.91002200    0.0000000001
  -23.89194179    0.0000000004
  -23.87386158    0.0000000018
  -23.85578136    0.0000000072
  -23.83770115    0.0000000274
  -23.81962094    0.0000000993
  -23.80154073    0.0000003440
  -23.78346052    0.0000011395
  -23.76538031    0.0000036071
  -23.74730010    0.0000109124
  -23.72921989    0.0000315500
  -23.71113968    0.0000871763
  -23.69305947    0.0002302056
  -23.67497926    0.0005809673
  -23.65689904    0.0014012199
  -23.63881883    0.0032298291
  -23.62073862    0.0071149435
  -23.60265841    0.0149789726
  -23.58457820    0.0301377804
  -23.56649799    0.0579507643
  -23.54841778    0.1064941463
  -23.53033757    0.1870298690
  -23.51225736    0.3139170236
  -23.49417715    0.5035440068
  -23.47609694    0.7719313157
  -23.45801673    1.1309373654
  -23.43993651    1.5834965134
  -23.42185630    2.1189189004
  -23.40377609    2.7097562284
  -23.38569588    3.3118051455
  -23.36761567    3.8682808246
  -23.34953546    4.3180719877
  -23.33145525    4.6065991876
  -23.31337504    4.6966656030
  -23.29529483    4.5763319435
  -23.27721462    4.2615153958
  -23.25913441    3.7925321420
  -23.24105420    3.2256195567
  -23.22297398    2.6218973337
  -23.20489377    2.0367460620
  -23.18681356    1.5120869097
  -23.16873335    1.0728408141
  -23.15065314    0.7274656401
  -23.13257293    0.4714203748
  -23.11449272    0.2919596788
  -23.09641251    0.1728049070
  -23.07833230    0.0977480110
  -23.06025209    0.0528419033
  -23.04217188    0.0273003139
  -23.02409166    0.0134795531
  -23.00601145    0.0063606575
  -22.98793124    0.0028684494
  -22.96985103    0.0012362635
  -22.95177082    0.0005092061
  -22.93369061    0.0002004448
  -22.91561040    0.0000754075
  -22.89753019    0.0000271115
  -22.87944998    0.0000093156
  -22.86136977    0.0000030590
  -22.84328956    0.0000009600
  -22.82520935    0.0000002879
  -22.80712913    0.0000000825
  -22.78904892    0.0000000226
  -22.77096871    0.0000000059
  -22.75288850    0.0000000015
  -22.73480829    0.0000000004
  -22.71672808    0.0000000001
  -22.69864787    0.0000000000
  -22.68056766    0.0000000000
  -22.66248745    0.0000000000
  -22.64440724    0.0000000000
  -22.62632703    0.0000000000
  -22.60824682    0.0000000000
  -22.59016660    0.0000000000
  -22.57208639    0.0000000000
  -22.55400618    0.0000000000
  -22.53592597    0.0000000000
  -22.51784576    0.0000000000
  -22.49976555    0.0000000000
  -22.48168534    0.0000000000
  -22.46360513    0.0000000000
  -22.44552492    0.0000000000
  -22.42744471    0.0000000000
  -22.40936450    0.0000000000
  -22.39128428    0.0000000000
  -22.37320407    0.0000000000
  -22.35512386    0.0000000000
  -22.33704365    0.0000000000
  -22.31896344    0.0000000000
  -22.30088323    0.0000000000
  -22.28280302    0.0000000000
  -22.26472281    0.0000000000
  -22.24664260    0.0000000000
  -22.22856239    0.0000000000
  -22.21048218    0.0000000000
  -22.19240197    0.0000000000
  -22.17432175    0.0000000000
  -22.15624154    0.0000000000
  -22.13816133    0.0000000000
  -22.12008112    0.0000000000
  -22.10200091    0.0000000000
  -22.08392070    0.0000000000
  -22.06584049    0.0000000000
  -22.04776028    0.0000000000
  -22.02968007    0.0000000000
  -22.01159986    0.0000000000
  -21.99351965    0.0000000000
  -21.97543944    0.0000000000
  -21.95735922    0.0000000000
  -21.93927901    0.0000000000
  -21.92119880    0.0000000000
  -21.90311859    0.0000000000
  -21.88503838    0.0000000000
  -21.86695817    0.0000000000
  -21.84887796    0.0000000000
  -21.83079775    0.0000000000
  -21.81271754    0.0000000000
  -21.79463733    0.0000000000
  -21.77655712    0.0000000000
  -21.75847691    0.0000000000
  -21.74039669    0.0000000000
  -21.72231648    0.0000000000
  -21.70423627    0.0000000000
  -21.68615606    0.0000000000
  -21.66807585    0.0000000000
  -21.64999564    0.0000000000
  -21.63191543    0.0000000000
  -21.61383522    0.0000000000
  -21.59575501    0.0000000000
  -21.57767480    0.0000000000
  -21.55959459    0.0000000000
  -21.54151437    0.0000000000
  -21.52343416    0.0000000000
  -21.50535395    0.0000000000
  -21.48727374    0.0000000000
  -21.46919353    0.0000000000
  -21.45111332    0.0000000000
  -21.43303311    0.0000000000
  -21.41495290    0.0000000000
  -21.39687269    0.0000000000
  -21.37879248    0.0000000000
  -21.36071227    0.0000000000
  -21.34263206    0.0000000000
  -21.32455184    0.0000000000
  -21.30647163    0.0000000000
  -21.28839142    0.0000000000
  -21.27031121    0.0000000000
  -21.25223100    0.0000000000
  -21.23415079    0.0000000000
  -21.21607058    0.0000000000
  -21.19799037    0.0000000000
  -21.17991016    0.0000000000
  -21.16182995    0.0000000000
  -21.14374974    0.0000000000
  -21.12566953    0.0000000000
  -21.10758931    0.0000000000
  -21.08950910    0.0000000000
  -21.07142889    0.0000000000
  -21.05334868    0.0000000000
  -21.03526847    0.0000000000
  -21.01718826    0.0000000000
  -20.99910805    0.0000000000
  -20.98102784    0.0000000000
  -20.96294763    0.0000000000
  -20.94486742    0.0000000000
  -20.92678721    0.0000000000
  -20.90870699    0.0000000000
  -20.89062678    0.0000000000
  -20.87254657    0.0000000000
  -20.85446636    0.0000000000
  -20.83638615    0.0000000000
  -20.81830594    0.0000000000
  -20.80022573    0.0000000000
  -20.78214552    0.0000000000
  -20.76406531    0.0000000000
  -20.74598510    0.0000000000
  -20.72790489    0.0000000000
  -20.70982468    0.0000000000
  -20.69174446    0.0000000000
  -20.67366425    0.0000000000
  -20.65558404    0.0000000000
  -20.63750383    0.0000000000
  -20.61942362    0.0000000000
  -20.60134341    0.0000000000
  -20.58326320    0.0000000000
  -20.56518299    0.0000000000
  -20.54710278    0.0000000000
  -20.52902257    0.0000000000
  -20.51094236    0.0000000000
  -20.49286215    0.0000000000
  -20.47478193    0.0000000000
  -20.45670172    0.0000000000
  -20.43862151    0.0000000000
  -20.42054130    0.0000000000
  -20.40246109    0.0000000000
  -20.38438088    0.0000000000
  -20.36630067    0.0000000000
  -20.34822046    0.0000000000
  -20.33014025    0.0000000000
  -20.31206004    0.0000000000
  -20.29397983    0.0000000000
  -20.27589961    0.0000000000
  -20.25781940    0.0000000000
  -20.23973919    0.0000000000
  -20.22165898    0.0000000000
  -20.20357877    0.0000000000
  -20.18549856    0.0000000000
  -20.16741835    0.0000000000
  -20.14933814    0.0000000000
  -20.13125793    0.0000000000
  -20.11317772    0.0000000000
  -20.09509751    0.0000000000
  -20.07701730    0.0000000000
  -20.05893708    0.0000000000
  -20.04085687    0.0000000000
  -20.02277666    0.0000000000
  -20.00469645    0.0000000000
  -19.98661624    0.0000000000
  -19.96853603    0.0000000000
  -19.95045582    0.0000000000
  -19.93237561    0.0000000000
  -19.91429540    0.0000000000
  -19.89621519    0.0000000000
  -19.87813498    0.0000000000
  -19.86005477    0.0000000000
  -19.84197455    0.0000000000
  -19.82389434    0.0000000000
  -19.80581413    0.0000000000
  -19.78773392    0.0000000000
  -19.76965371    0.0000000000
  -19.75157350    0.0000000000
  -19.73349329    0.0000000000
  -19.71541308    0.0000000000
  -19.69733287    0.0000000000
  -19.67925266    0.0000000000
  -19.66117245    0.0000000000
  -19.64309224    0.0000000000
  -19.62501202    0.0000000000
  -19.60693181    0.0000000000
  -19.58885160    0.0000000000
  -19.57077139    0.0000000000
  -19.55269118    0.0000000000
  -19.53461097    0.0000000000
  -19.51653076    0.0000000000
  -19.49845055    0.0000000000
  -19.48037034    0.0000000000
  -19.46229013    0.0000000000
  -19.44420992    0.0000000000
  -19.42612970    0.0000000000
  -19.40804949    0.0000000000
  -19.38996928    0.0000000000
  -19.37188907    0.0000000000
  -19.35380886    0.0000000000
  -19.33572865    0.0000000000
  -19.31764844    0.0000000000
  -19.29956823    0.0000000000
  -19.28148802    0.0000000000
  -19.26340781    0.0000000000
  -19.24532760    0.0000000000
  -19.22724739    0.0000000000
  -19.20916717    0.0000000000
  -19.19108696    0.0000000000
  -19.17300675    0.0000000000
  -19.15492654    0.0000000000
  -19.13684633    0.0000000000
  -19.11876612    0.0000000000
  -19.10068591    0.0000000000
  -19.08260570    0.0000000000
  -19.06452549    0.0000000000
  -19.04644528    0.0000000000
  -19.02836507    0.0000000000
  -19.01028486    0.0000000000
  -18.99220464    0.0000000000
  -18.97412443    0.0000000000
  -18.95604422    0.0000000000
  -18.93796401    0.0000000000
  -18.91988380    0.0000000000
  -18.90180359    0.0000000000
  -18.88372338    0.0000000000
  -18.86564317    0.0000000000
  -18.84756296    0.0000000000
  -18.82948275    0.0000000000
  -18.81140254    0.0000000000
  -18.79332232    0.0000000000
  -18.77524211    0.0000000000
  -18.75716190    0.0000000000
  -18.73908169    0.0000000000
  -18.72100148    0.0000000000
  -18.70292127    0.0000000000
  -18.68484106    0.0000000000
  -18.66676085    0.0000000000
  -18.64868064    0.0000000000
  -18.63060043    0.0000000000
  -18.61252022    0.0000000000
  -18.59444001    0.0000000000
  -18.57635979    0.0000000000
  -18.55827958    0.0000000000
  -18.54019937    0.0000000000
  -18.52211916    0.0000000000
  -18.50403895    0.0000000000
  -18.48595874    0.0000000000
  -18.46787853    0.0000000000
  -18.44979832    0.0000000000
  -18.43171811    0.0000000000
  -18.41363790    0.0000000000
  -18.39555769    0.0000000000
  -18.37747748    0.0000000000
  -18.35939726    0.0000000000
  -18.34131705    0.0000000000
  -18.32323684    0.0000000000
  -18.30515663    0.0000000000
  -18.28707642    0.0000000000
  -18.26899621    0.0000000000
  -18.25091600    0.0000000000
  -18.23283579    0.0000000000
  -18.21475558    0.0000000000
  -18.19667537    0.0000000000
  -18.17859516    0.0000000000
  -18.16051494    0.0000000000
  -18.14243473    0.0000000000
  -18.12435452    0.0000000000
  -18.10627431    0.0000000000
  -18.08819410    0.0000000000
  -18.07011389    0.0000000000
  -18.05203368    0.0000000000
  -18.03395347    0.0000000000
  -18.01587326    0.0000000000
  -17.99779305    0.0000000000
  -17.97971284    0.0000000000
  -17.96163263    0.0000000000
  -17.94355241    0.0000000000
  -17.92547220    0.0000000000
  -17.90739199    0.0000000000
  -17.88931178    0.0000000000
  -17.87123157    0.0000000000
  -17.85315136    0.0000000000
  -17.83507115    0.0000000000
  -17.81699094    0.0000000000
  -17.79891073    0.0000000000
  -17.78083052    0.0000000000
  -17.76275031    0.0000000000
  -17.74467010    0.0000000000
  -17.72658988    0.0000000000
  -17.70850967    0.0000000000
  -17.69042946    0.0000000000
  -17.67234925    0.0000000000
  -17.65426904    0.0000000000
  -17.63618883    0.0000000000
  -17.61810862    0.0000000000
  -17.60002841    0.0000000000
  -17.58194820    0.0000000000
  -17.56386799    0.0000000000
  -17.54578778    0.0000000000
  -17.52770757    0.0000000000
  -17.50962735    0.0000000000
  -17.49154714    0.0000000000
  -17.47346693    0.0000000000
  -17.45538672    0.0000000000
  -17.43730651    0.0000000000
  -17.41922630    0.0000000000
  -17.40114609    0.0000000000
  -17.38306588    0.0000000000
  -17.36498567    0.0000000000
  -17.34690546    0.0000000000
  -17.32882525    0.0000000000
  -17.31074503    0.0000000000
  -17.29266482    0.0000000000
  -17.27458461    0.0000000000
  -17.25650440    0.0000000000
  -17.23842419    0.0000000000
  -17.22034398    0.0000000000
  -17.20226377    0.0000000000
  -17.18418356    0.0000000000
  -17.16610335    0.0000000000
  -17.14802314    0.0000000000
  -17.12994293    0.0000000000
  -17.11186272    0.0000000000
  -17.09378250    0.0000000000
  -17.07570229    0.0000000000
  -17.05762208    0.0000000000
  -17.03954187    0.0000000000
  -17.02146166    0.0000000000
  -17.00338145    0.0000000000
  -16.98530124    0.0000000000
  -16.96722103    0.0000000000
  -16.94914082    0.0000000000
  -16.93106061    0.0000000000
  -16.91298040    0.0000000000
  -16.89490019    0.0000000000
  -16.87681997    0.0000000000
  -16.85873976    0.0000000000
  -16.84065955    0.0000000000
  -16.82257934    0.0000000000
  -16.80449913    0.0000000000
  -16.78641892    0.0000000000
  -16.76833871    0.0000000000
  -16.75025850    0.0000000000
  -16.73217829    0.0000000000
  -16.71409808    0.0000000000
  -16.69601787    0.0000000000
  -16.67793765    0.0000000000
  -16.65985744    0.0000000000
  -16.64177723    0.0000000000
  -16.62369702    0.0000000000
  -16.60561681    0.0000000000
  -16.58753660    0.0000000000
  -16.56945639    0.0000000000
  -16.55137618    0.0000000000
  -16.53329597    0.0000000000
  -16.51521576    0.0000000000
  -16.49713555    0.0000000000
  -16.47905534    0.0000000000
  -16.46097512    0.0000000000
  -16.44289491    0.0000000000
  -16.42481470    0.0000000000
  -16.40673449    0.0000000000
  -16.38865428    0.0000000000
  -16.37057407    0.0000000000
  -16.35249386    0.0000000000
  -16.33441365    0.0000000000
  -16.31633344    0.0000000000
  -16.29825323    0.0000000000
  -16.28017302    0.0000000000
  -16.26209281    0.0000000000
  -16.24401259    0.0000000000
  -16.22593238    0.0000000000
  -16.20785217    0.0000000000
  -16.18977196    0.0000000000
  -16.17169175    0.0000000000
  -16.15361154    0.0000000000
  -16.13553133    0.0000000000
  -16.11745112    0.0000000000
  -16.09937091    0.0000000000
  -16.08129070    0.0000000000
  -16.06321049    0.0000000000
  -16.04513027    0.0000000000
  -16.02705006    0.0000000000
  -16.00896985    0.0000000000
  -15.99088964    0.0000000000
  -15.97280943    0.0000000000
  -15.95472922    0.0000000000
  -15.93664901    0.0000000000
  -15.91856880    0.0000000000
  -15.90048859    0.0000000000
  -15.88240838    0.0000000000
  -15.86432817    0.0000000000
  -15.84624796    0.0000000000
  -15.82816774    0.0000000000
  -15.81008753    0.0000000000
  -15.79200732    0.0000000000
  -15.77392711    0.0000000000
  -15.75584690    0.0000000000
  -15.73776669    0.0000000000
  -15.71968648    0.0000000000
  -15.70160627    0.0000000000
  -15.68352606    0.0000000000
  -15.66544585    0.0000000000
  -15.64736564    0.0000000000
  -15.62928543    0.0000000000
  -15.61120521    0.0000000000
  -15.59312500    0.0000000000
  -15.57504479    0.0000000000
  -15.55696458    0.0000000000
  -15.53888437    0.0000000000
  -15.52080416    0.0000000000
  -15.50272395    0.0000000000
  -15.48464374    0.0000000000
  -15.46656353    0.0000000000
  -15.44848332    0.0000000000
  -15.43040311    0.0000000000
  -15.41232290    0.0000000000
  -15.39424268    0.0000000000
  -15.37616247    0.0000000000
  -15.35808226    0.0000000000
  -15.34000205    0.0000000000
  -15.32192184    0.0000000000
  -15.30384163    0.0000000000
  -15.28576142    0.0000000000
  -15.26768121    0.0000000000
  -15.24960100    0.0000000000
  -15.23152079    0.0000000000
  -15.21344058    0.0000000000
  -15.19536036    0.0000000000
  -15.17728015    0.0000000000
  -15.15919994    0.0000000000
  -15.14111973    0.0000000000
  -15.12303952    0.0000000000
  -15.10495931    0.0000000000
  -15.08687910    0.0000000000
  -15.06879889    0.0000000000
  -15.05071868    0.0000000000
  -15.03263847    0.0000000000
  -15.01455826    0.0000000000
  -14.99647805    0.0000000000
  -14.97839783    0.0000000000
  -14.96031762    0.0000000000
  -14.94223741    0.0000000000
  -14.92415720    0.0000000000
  -14.90607699    0.0000000000
  -14.88799678    0.0000000000
  -14.86991657    0.0000000000
  -14.85183636    0.0000000000
  -14.83375615    0.0000000000
  -14.81567594    0.0000000000
  -14.79759573    0.0000000000
  -14.77951552    0.0000000000
  -14.76143530    0.0000000000
  -14.74335509    0.0000000000
  -14.72527488    0.0000000000
  -14.70719467    0.0000000000
  -14.68911446    0.0000000000
  -14.67103425    0.0000000000
  -14.65295404    0.0000000000
  -14.63487383    0.0000000000
  -14.61679362    0.0000000000
  -14.59871341    0.0000000000
  -14.58063320    0.0000000000
  -14.56255298    0.0000000000
  -14.54447277    0.0000000000
  -14.52639256    0.0000000000
  -14.50831235    0.0000000000
  -14.49023214    0.0000000000
  -14.47215193    0.0000000000
  -14.45407172    0.0000000000
  -14.43599151    0.0000000000
  -14.41791130    0.0000000000
  -14.39983109    0.0000000000
  -14.38175088    0.0000000000
  -14.36367067    0.0000000000
  -14.34559045    0.0000000000
  -14.32751024    0.0000000000
  -14.30943003    0.0000000000
  -14.29134982    0.0000000000
  -14.27326961    0.0000000000
  -14.25518940    0.0000000000
  -14.23710919    0.0000000000
  -14.21902898    0.0000000000
  -14.20094877    0.0000000000
  -14.18286856    0.0000000000
  -14.16478835    0.0000000000
  -14.14670814    0.0000000000
  -14.12862792    0.0000000000
  -14.11054771    0.0000000000
  -14.09246750    0.0000000000
  -14.07438729    0.0000000000
  -14.05630708    0.0000000000
  -14.03822687    0.0000000000
  -14.02014666    0.0000000000
  -14.00206645    0.0000000000
  -13.98398624    0.0000000000
  -13.96590603    0.0000000000
  -13.94782582    0.0000000000
  -13.92974560    0.0000000000
  -13.91166539    0.0000000000
  -13.89358518    0.0000000000
  -13.87550497    0.0000000000
  -13.85742476    0.0000000000
  -13.83934455    0.0000000000
  -13.82126434    0.0000000000
  -13.80318413    0.0000000000
  -13.78510392    0.0000000000
  -13.76702371    0.0000000000
  -13.74894350    0.0000000000
  -13.73086329    0.0000000000
  -13.71278307    0.0000000000
  -13.69470286    0.0000000000
  -13.67662265    0.0000000000
  -13.65854244    0.0000000000
  -13.64046223    0.0000000000
  -13.62238202    0.0000000000
  -13.60430181    0.0000000000
  -13.58622160    0.0000000000
  -13.56814139    0.0000000000
  -13.55006118    0.0000000000
  -13.53198097    0.0000000000
  -13.51390076    0.0000000000
  -13.49582054    0.0000000000
  -13.47774033    0.0000000000
  -13.45966012    0.0000000000
  -13.44157991    0.0000000000
  -13.42349970    0.0000000000
  -13.40541949    0.0000000000
  -13.38733928    0.0000000000
  -13.36925907    0.0000000000
  -13.35117886    0.0000000000
  -13.33309865    0.0000000000
  -13.31501844    0.0000000000
  -13.29693823    0.0000000000
  -13.27885801    0.0000000000
  -13.26077780    0.0000000000
  -13.24269759    0.0000000000
  -13.22461738    0.0000000000
  -13.20653717    0.0000000000
  -13.18845696    0.0000000000
  -13.17037675    0.0000000000
  -13.15229654    0.0000000000
  -13.13421633    0.0000000000
  -13.11613612    0.0000000000
  -13.09805591    0.0000000000
  -13.07997569    0.0000000000
  -13.06189548    0.0000000000
  -13.04381527    0.0000000000
  -13.02573506    0.0000000000
  -13.00765485    0.0000000000
  -12.98957464    0.0000000000
  -12.97149443    0.0000000000
  -12.95341422    0.0000000000
  -12.93533401    0.0000000000
  -12.91725380    0.0000000000
  -12.89917359    0.0000000000
  -12.88109338    0.0000000000
  -12.86301316    0.0000000000
  -12.84493295    0.0000000000
  -12.82685274    0.0000000000
  -12.80877253    0.0000000000
  -12.79069232    0.0000000000
  -12.77261211    0.0000000000
  -12.75453190    0.0000000000
  -12.73645169    0.0000000000
  -12.71837148    0.0000000000
  -12.70029127    0.0000000000
  -12.68221106    0.0000000000
  -12.66413085    0.0000000000
  -12.64605063    0.0000000000
  -12.62797042    0.0000000000
  -12.60989021    0.0000000000
  -12.59181000    0.0000000000
  -12.57372979    0.0000000000
  -12.55564958    0.0000000000
  -12.53756937    0.0000000000
  -12.51948916    0.0000000000
  -12.50140895    0.0000000000
  -12.48332874    0.0000000000
  -12.46524853    0.0000000000
  -12.44716831    0.0000000000
  -12.42908810    0.0000000000
  -12.41100789    0.0000000000
  -12.39292768    0.0000000000
  -12.37484747    0.0000000000
  -12.35676726    0.0000000000
  -12.33868705    0.0000000000
  -12.32060684    0.0000000000
  -12.30252663    0.0000000000
  -12.28444642    0.0000000000
  -12.26636621    0.0000000000
  -12.24828600    0.0000000000
  -12.23020578    0.0000000000
  -12.21212557    0.0000000000
  -12.19404536    0.0000000000
  -12.17596515    0.0000000000
  -12.15788494    0.0000000000
  -12.13980473    0.0000000000
  -12.12172452    0.0000000000
  -12.10364431    0.0000000000
  -12.08556410    0.0000000000
  -12.06748389    0.0000000000
  -12.04940368    0.0000000000
  -12.03132347    0.0000000000
  -12.01324325    0.0000000000
  -11.99516304    0.0000000000
  -11.97708283    0.0000000000
  -11.95900262    0.0000000000
  -11.94092241    0.0000000000
  -11.92284220    0.0000000000
  -11.90476199    0.0000000000
  -11.88668178    0.0000000000
  -11.86860157    0.0000000000
  -11.85052136    0.0000000000
  -11.83244115    0.0000000000
  -11.81436093    0.0000000000
  -11.79628072    0.0000000000
  -11.77820051    0.0000000000
  -11.76012030    0.0000000000
  -11.74204009    0.0000000000
  -11.72395988    0.0000000000
  -11.70587967    0.0000000000
  -11.68779946    0.0000000000
  -11.66971925    0.0000000000
  -11.65163904    0.0000000000
  -11.63355883    0.0000000000
  -11.61547862    0.0000000000
  -11.59739840    0.0000000000
  -11.57931819    0.0000000000
  -11.56123798    0.0000000000
  -11.54315777    0.0000000000
  -11.52507756    0.0000000000
  -11.50699735    0.0000000000
  -11.48891714    0.0000000000
  -11.47083693    0.0000000000
  -11.45275672    0.0000000000
  -11.43467651    0.0000000000
  -11.41659630    0.0000000000
  -11.39851609    0.0000000000
  -11.38043587    0.0000000000
  -11.36235566    0.0000000000
  -11.34427545    0.0000000000
  -11.32619524    0.0000000000
  -11.30811503    0.0000000000
  -11.29003482    0.0000000000
  -11.27195461    0.0000000000
  -11.25387440    0.0000000000
  -11.23579419    0.0000000000
  -11.21771398    0.0000000000
  -11.19963377    0.0000000000
  -11.18155356    0.0000000000
  -11.16347334    0.0000000000
  -11.14539313    0.0000000000
  -11.12731292    0.0000000000
  -11.10923271    0.0000000000
  -11.09115250    0.0000000000
  -11.07307229    0.0000000000
  -11.05499208    0.0000000000
  -11.03691187    0.0000000000
  -11.01883166    0.0000000000
  -11.00075145    0.0000000000
  -10.98267124    0.0000000000
  -10.96459102    0.0000000000
  -10.94651081    0.0000000000
  -10.92843060    0.0000000000
  -10.91035039    0.0000000000
  -10.89227018    0.0000000000
  -10.87418997    0.0000000000
  -10.85610976    0.0000000000
  -10.83802955    0.0000000000
  -10.81994934    0.0000000000
  -10.80186913    0.0000000000
  -10.78378892    0.0000000000
  -10.76570871    0.0000000000
  -10.74762849    0.0000000000
  -10.72954828    0.0000000000
  -10.71146807    0.0000000000
  -10.69338786    0.0000000000
  -10.67530765    0.0000000000
  -10.65722744    0.0000000000
  -10.63914723    0.0000000000
  -10.62106702    0.0000000000
  -10.60298681    0.0000000000
  -10.58490660    0.0000000000
  -10.56682639    0.0000000000
  -10.54874618    0.0000000000
  -10.53066596    0.0000000000
  -10.51258575    0.0000000000
  -10.49450554    0.0000000000
  -10.47642533    0.0000000000
  -10.45834512    0.0000000000
  -10.44026491    0.0000000000
  -10.42218470    0.0000000000
  -10.40410449    0.0000000000
  -10.38602428    0.0000000002
  -10.36794407    0.0000000007
  -10.34986386    0.0000000028
  -10.33178364    0.0000000108
  -10.31370343    0.0000000404
  -10.29562322    0.0000001445
  -10.27754301    0.0000004940
  -10.25946280    0.0000016142
  -10.24138259    0.0000050412
  -10.22330238    0.0000150464
  -10.20522217    0.0000429185
  -10.18714196    0.0001169973
  -10.16906175    0.0003048076
  -10.15098154    0.0007589174
  -10.13290133    0.0018058508
  -10.11482111    0.0041066521
  -10.09674090    0.0089250903
  -10.07866069    0.0185377060
  -10.06058048    0.0367974756
  -10.04250027    0.0698069603
  -10.02442006    0.1265604744
  -10.00633985    0.2192886356
   -9.98825964    0.3631222176
   -9.97017943    0.5746563148
   -9.95209922    0.8691249352
   -9.93401901    1.2562466062
   -9.91593880    1.7353467150
   -9.89785858    2.2909535276
   -9.87977837    2.8904467046
   -9.86169816    3.4852370131
   -9.84361795    4.0162277643
   -9.82553774    4.4230618831
   -9.80745753    4.6552859454
   -9.78937732    4.6826141557
   -9.77129711    4.5014149628
   -9.75321690    4.1355034906
   -9.73513669    3.6310012487
   -9.71705648    3.0467938465
   -9.69897626    2.4433090652
   -9.68089605    1.8725456236
   -9.66281584    1.3715292511
   -9.64473563    0.9600556458
   -9.62665542    0.6422533858
   -9.60857521    0.4106152398
   -9.59049500    0.2508894449
   -9.57241479    0.1465036288
   -9.55433458    0.0817585233
   -9.53625437    0.0436050070
   -9.51817416    0.0222258483
   -9.50009395    0.0108267722
   -9.48201373    0.0050403224
   -9.46393352    0.0022425199
   -9.44585331    0.0009535269
   -9.42777310    0.0003874791
   -9.40969289    0.0001504812
   -9.39161268    0.0000558515
   -9.37353247    0.0000198110
   -9.35545226    0.0000067158
   -9.33737205    0.0000021757
   -9.31929184    0.0000006736
   -9.30121163    0.0000001993
   -9.28313142    0.0000000564
   -9.26505120    0.0000000152
   -9.24697099    0.0000000039
   -9.22889078    0.0000000010
   -9.21081057    0.0000000002
   -9.19273036    0.0000000001
   -9.17465015    0.0000000000
   -9.15656994    0.0000000000
   -9.13848973    0.0000000000
   -9.12040952    0.0000000000
   -9.10232931    0.0000000000
   -9.08424910    0.0000000000
   -9.06616889    0.0000000000
   -9.04808867    0.0000000000
   -9.03000846    0.0000000000
   -9.01192825    0.0000000000
   -8.99384804    0.0000000000
   -8.97576783    0.0000000000
   -8.95768762    0.0000000000
   -8.93960741    0.0000000000
   -8.92152720    0.0000000000
   -8.90344699    0.0000000000
   -8.88536678    0.0000000000
   -8.86728657    0.0000000000
   -8.84920635    0.0000000000
   -8.83112614    0.0000000000
   -8.81304593    0.0000000000
   -8.79496572    0.0000000000
   -8.77688551    0.0000000000
   -8.75880530    0.0000000000
   -8.74072509    0.0000000000
   -8.72264488    0.0000000000
   -8.70456467    0.0000000000
   -8.68648446    0.0000000000
   -8.66840425    0.0000000000
   -8.65032404    0.0000000000
   -8.63224382    0.0000000000
   -8.61416361    0.0000000000
   -8.59608340    0.0000000000
   -8.57800319    0.0000000000
   -8.55992298    0.0000000000
   -8.54184277    0.0000000000
   -8.52376256    0.0000000000
   -8.50568235    0.0000000000
   -8.48760214    0.0000000000
   -8.46952193    0.0000000000
   -8.45144172    0.0000000000
   -8.43336151    0.0000000000
   -8.41528129    0.0000000000
   -8.39720108    0.0000000000
   -8.37912087    0.0000000000
   -8.36104066    0.0000000000
   -8.34296045    0.0000000000
   -8.32488024    0.0000000000
   -8.30680003    0.0000000000
   -8.28871982    0.0000000000
   -8.27063961    0.0000000000
   -8.25255940    0.0000000000
   -8.23447919    0.0000000000
   -8.21639897    0.0000000000
   -8.19831876    0.0000000000
   -8.18023855    0.0000000000
   -8.16215834    0.0000000000
   -8.14407813    0.0000000000
   -8.12599792    0.0000000000
   -8.10791771    0.0000000000
   -8.08983750    0.0000000000
   -8.07175729    0.0000000000
   -8.05367708    0.0000000000
   -8.03559687    0.0000000000
   -8.01751666    0.0000000000
   -7.99943644    0.0000000000
   -7.98135623    0.0000000000
   -7.96327602    0.0000000000
   -7.94519581    0.0000000000
   -7.92711560    0.0000000000
   -7.90903539    0.0000000000
   -7.89095518    0.0000000000
   -7.87287497    0.0000000000
   -7.85479476    0.0000000000
   -7.83671455    0.0000000000
   -7.81863434    0.0000000000
   -7.80055413    0.0000000000
   -7.78247391    0.0000000000
   -7.76439370    0.0000000000
   -7.74631349    0.0000000000
   -7.72823328    0.0000000000
   -7.71015307    0.0000000000
   -7.69207286    0.0000000000
   -7.67399265    0.0000000000
   -7.65591244    0.0000000000
   -7.63783223    0.0000000000
   -7.61975202    0.0000000000
   -7.60167181    0.0000000000
   -7.58359159    0.0000000000
   -7.56551138    0.0000000000
   -7.54743117    0.0000000000
   -7.52935096    0.0000000000
   -7.51127075    0.0000000000
   -7.49319054    0.0000000000
   -7.47511033    0.0000000000
   -7.45703012    0.0000000000
   -7.43894991    0.0000000000
   -7.42086970    0.0000000000
   -7.40278949    0.0000000000
   -7.38470928    0.0000000000
   -7.36662906    0.0000000000
   -7.34854885    0.0000000000
   -7.33046864    0.0000000000
   -7.31238843    0.0000000001
   -7.29430822    0.0000000004
   -7.27622801    0.0000000018
   -7.25814780    0.0000000070
   -7.24006759    0.0000000265
   -7.22198738    0.0000000961
   -7.20390717    0.0000003333
   -7.18582696    0.0000011053
   -7.16774675    0.0000035029
   -7.14966653    0.0000106095
   -7.13158632    0.0000307104
   -7.11350611    0.0000849561
   -7.09542590    0.0002246067
   -7.07734569    0.0005675044
   -7.05926548    0.0013703594
   -7.04118527    0.0031624115
   -7.02310506    0.0069746263
   -7.00502485    0.0147008404
   -6.98694464    0.0296129756
   -6.96886443    0.0570086296
   -6.95078422    0.1048860713
   -6.93270400    0.1844224132
   -6.91462379    0.3099047605
   -6.89654358    0.4976929166
   -6.87846337    0.7638592406
   -6.86038316    1.1204278075
   -6.84230295    1.5706270977
   -6.82422274    2.1041706476
   -6.80614253    2.6940614355
   -6.78806232    3.2964970944
   -6.76998211    3.8549306044
   -6.75190190    4.3082321419
   -6.73382168    4.6015091887
   -6.71574147    4.6969956255
   -6.69766126    4.5820379603
   -6.67958105    4.2718488224
   -6.66150084    3.8062011141
   -6.64342063    3.2410539043
   -6.62534042    2.6375423476
   -6.60726021    2.0513099821
   -6.58918000    1.5246909079
   -6.57109979    1.0830561995
   -6.55301958    0.7352564445
   -6.53493937    0.4770296261
   -6.51685915    0.2957811744
   -6.49877894    0.1752727381
   -6.48069873    0.0992605959
   -6.46261852    0.0537227271
   -6.44453831    0.0277880382
   -6.42645810    0.0137365095
   -6.40837789    0.0064895347
   -6.39029768    0.0029300119
   -6.37221747    0.0012642818
   -6.35413726    0.0005213592
   -6.33605705    0.0002054702
   -6.31797684    0.0000773890
   -6.29989662    0.0000278566
   -6.28181641    0.0000095829
   -6.26373620    0.0000031505
   -6.24565599    0.0000009899
   -6.22757578    0.0000002972
   -6.20949557    0.0000000853
   -6.19141536    0.0000000234
   -6.17333515    0.0000000061
   -6.15525494    0.0000000015
   -6.13717473    0.0000000004
   -6.11909452    0.0000000001
   -6.10101430    0.0000000000
   -6.08293409    0.0000000000
   -6.06485388    0.0000000000
   -6.04677367    0.0000000000
   -6.02869346    0.0000000000
   -6.01061325    0.0000000000
   -5.99253304    0.0000000000
   -5.97445283    0.0000000000
   -5.95637262    0.0000000000
   -5.93829241    0.0000000000
   -5.92021220    0.0000000000
   -5.90213199    0.0000000000
   -5.88405177    0.0000000000
   -5.86597156    0.0000000000
   -5.84789135    0.0000000000
   -5.82981114    0.0000000000
   -5.81173093    0.0000000000
   -5.79365072    0.0000000000
   -5.77557051    0.0000000000
   -5.75749030    0.0000000000
   -5.73941009    0.0000000000
   -5.72132988    0.0000000000
   -5.70324967    0.0000000000
   -5.68516946    0.0000000000
   -5.66708924    0.0000000000
   -5.64900903    0.0000000000
   -5.63092882    0.0000000000
   -5.61284861    0.0000000000
   -5.59476840    0.0000000000
   -5.57668819    0.0000000000
   -5.55860798    0.0000000000
   -5.54052777    0.0000000000
   -5.52244756    0.0000000000
   -5.50436735    0.0000000000
   -5.48628714    0.0000000000
   -5.46820692    0.0000000000
   -5.45012671    0.0000000000
   -5.43204650    0.0000000000
   -5.41396629    0.0000000000
   -5.39588608    0.0000000000
   -5.37780587    0.0000000000
   -5.35972566    0.0000000000
   -5.34164545    0.0000000000
   -5.32356524    0.0000000000
   -5.30548503    0.0000000000
   -5.28740482    0.0000000000
   -5.26932461    0.0000000000
   -5.25124439    0.0000000000
   -5.23316418    0.0000000000
   -5.21508397    0.0000000000
   -5.19700376    0.0000000000
   -5.17892355    0.0000000000
   -5.16084334    0.0000000000
   -5.14276313    0.0000000000
   -5.12468292    0.0000000000
   -5.10660271    0.0000000000
   -5.08852250    0.0000000000
   -5.07044229    0.0000000000
   -5.05236208    0.0000000000
   -5.03428186    0.0000000000
   -5.01620165    0.0000000000
   -4.99812144    0.0000000000
   -4.98004123    0.0000000000
   -4.96196102    0.0000000000
   -4.94388081    0.0000000000
   -4.92580060    0.0000000000
   -4.90772039    0.0000000000
   -4.88964018    0.0000000000
   -4.87155997    0.0000000000
   -4.85347976    0.0000000000
   -4.83539955    0.0000000000
   -4.81731933    0.0000000000
   -4.79923912    0.0000000000
   -4.78115891    0.0000000000
   -4.76307870    0.0000000000
   -4.74499849    0.0000000000
   -4.72691828    0.0000000000
   -4.70883807    0.0000000000
   -4.69075786    0.0000000000
   -4.67267765    0.0000000000
   -4.65459744    0.0000000000
   -4.63651723    0.0000000000
   -4.61843701    0.0000000001
   -4.60035680    0.0000000003
   -4.58227659    0.0000000014
   -4.56419638    0.0000000056
   -4.54611617    0.0000000215
   -4.52803596    0.0000000787
   -4.50995575    0.0000002749
   -4.49187554    0.0000009181
   -4.47379533    0.0000029304
   -4.45571512    0.0000089390
   -4.43763491    0.0000260602
   -4.41955470    0.0000726076
   -4.40147448    0.0001933331
   -4.38339427    0.0004919816
   -4.36531406    0.0011964931
   -4.34723385    0.0027809308
   -4.32915364    0.0061771596
   -4.31107343    0.0131131228
   -4.29299322    0.0266037037
   -4.27491301    0.0515818292
   -4.25683280    0.0955806636
   -4.23875259    0.1692629901
   -4.22067238    0.2864657076
   -4.20259217    0.4633422869
   -4.18451195    0.7162256991
   -4.16643174    1.0580751805
   -4.14835153    1.4938322096
   -4.13027132    2.0156066221
   -4.11219111    2.5991323739
   -4.09411090    3.2030940143
   -4.07603069    3.7725033842
   -4.05795048    4.2462763534
   -4.03987027    4.5677837735
   -4.02179006    4.6959285955
   -4.00370985    4.6137716567
   -3.98562963    4.3322087375
   -3.96754942    3.8875976965
   -3.94946921    3.3340485778
   -3.93138900    2.7326322878
   -3.91330879    2.1404699377
   -3.89522858    1.6023439129
   -3.87714837    1.1463599426
   -3.85906816    0.7837994136
   -3.84098795    0.5121622107
   -3.82290774    0.3198370666
   -3.80482753    0.1908836456
   -3.78674732    0.1088747857
   -3.76866710    0.0593477926
   -3.75058689    0.0309172240
   -3.73250668    0.0153927097
   -3.71442647    0.0073239999
   -3.69634626    0.0033304295
   -3.67826605    0.0014473409
   -3.66018584    0.0006011185
   -3.64210563    0.0002385987
   -3.62402542    0.0000905096
   -3.60594521    0.0000328125
   -3.58786500    0.0000113685
   -3.56978479    0.0000037643
   -3.55170457    0.0000011912
   -3.53362436    0.0000003603
   -3.51554415    0.0000001041
   -3.49746394    0.0000000288
   -3.47938373    0.0000000076
   -3.46130352    0.0000000019
   -3.44322331    0.0000000005
   -3.42514310    0.0000000001
   -3.40706289    0.0000000000
   -3.38898268    0.0000000000
   -3.37090247    0.0000000000
   -3.35282225    0.0000000000
   -3.33474204    0.0000000000
   -3.31666183    0.0000000000
   -3.29858162    0.0000000000
   -3.28050141    0.0000000000
   -3.26242120    0.0000000000
   -3.24434099    0.0000000000
   -3.22626078    0.0000000000
   -3.20818057    0.0000000000
   -3.19010036    0.0000000000
   -3.17202015    0.0000000000
   -3.15393994    0.0000000000
   -3.13585972    0.0000000000
   -3.11777951    0.0000000000
   -3.09969930    0.0000000000
   -3.08161909    0.0000000000
   -3.06353888    0.0000000000
   -3.04545867    0.0000000000
   -3.02737846    0.0000000000
   -3.00929825    0.0000000000
   -2.99121804    0.0000000000
   -2.97313783    0.0000000000
   -2.95505762    0.0000000000
   -2.93697741    0.0000000000
   -2.91889719    0.0000000000
   -2.90081698    0.0000000000
   -2.88273677    0.0000000000
   -2.86465656    0.0000000000
   -2.84657635    0.0000000000
   -2.82849614    0.0000000000
   -2.81041593    0.0000000000
   -2.79233572    0.0000000000
   -2.77425551    0.0000000000
   -2.75617530    0.0000000000
   -2.73809509    0.0000000000
   -2.72001488    0.0000000000
   -2.70193466    0.0000000000
   -2.68385445    0.0000000000
   -2.66577424    0.0000000000
   -2.64769403    0.0000000000
   -2.62961382    0.0000000000
   -2.61153361    0.0000000000
   -2.59345340    0.0000000000
   -2.57537319    0.0000000000
   -2.55729298    0.0000000000
   -2.53921277    0.0000000000
   -2.52113256    0.0000000000
   -2.50305234    0.0000000000
   -2.48497213    0.0000000000
   -2.46689192    0.0000000000
   -2.44881171    0.0000000000
   -2.43073150    0.0000000000
   -2.41265129    0.0000000000
   -2.39457108    0.0000000000
   -2.37649087    0.0000000000
   -2.35841066    0.0000000000
   -2.34033045    0.0000000000
   -2.32225024    0.0000000000
   -2.30417003    0.0000000000
   -2.28608981    0.0000000000
   -2.26800960    0.0000000000
   -2.24992939    0.0000000000
   -2.23184918    0.0000000000
   -2.21376897    0.0000000000
   -2.19568876    0.0000000000
   -2.17760855    0.0000000000
   -2.15952834    0.0000000000
   -2.14144813    0.0000000000
   -2.12336792    0.0000000000
   -2.10528771    0.0000000000
   -2.08720750    0.0000000000
   -2.06912728    0.0000000000
   -2.05104707    0.0000000000
   -2.03296686    0.0000000000
   -2.01488665    0.0000000000
   -1.99680644    0.0000000000
   -1.97872623    0.0000000000
   -1.96064602    0.0000000000
   -1.94256581    0.0000000000
   -1.92448560    0.0000000000
   -1.90640539    0.0000000000
   -1.88832518    0.0000000000
   -1.87024496    0.0000000000
   -1.85216475    0.0000000000
   -1.83408454    0.0000000000
   -1.81600433    0.0000000000
   -1.79792412    0.0000000000
   -1.77984391    0.0000000000
   -1.76176370    0.0000000000
   -1.74368349    0.0000000000
   -1.72560328    0.0000000000
   -1.70752307    0.0000000000
   -1.68944286    0.0000000000
   -1.67136265    0.0000000000
   -1.65328243    0.0000000000
   -1.63520222    0.0000000000
   -1.61712201    0.0000000000
   -1.59904180    0.0000000000
   -1.58096159    0.0000000000
   -1.56288138    0.0000000000
   -1.54480117    0.0000000000
   -1.52672096    0.0000000000
   -1.50864075    0.0000000000
   -1.49056054    0.0000000000
   -1.47248033    0.0000000000
   -1.45440012    0.0000000000
   -1.43631990    0.0000000000
   -1.41823969    0.0000000000
   -1.40015948    0.0000000000
   -1.38207927    0.0000000000
   -1.36399906    0.0000000000
   -1.34591885    0.0000000000
   -1.32783864    0.0000000000
   -1.30975843    0.0000000000
   -1.29167822    0.0000000000
   -1.27359801    0.0000000000
   -1.25551780    0.0000000000
   -1.23743758    0.0000000000
   -1.21935737    0.0000000000
   -1.20127716    0.0000000000
   -1.18319695    0.0000000000
   -1.16511674    0.0000000000
   -1.14703653    0.0000000000
   -1.12895632    0.0000000000
   -1.11087611    0.0000000000
   -1.09279590    0.0000000000
   -1.07471569    0.0000000000
   -1.05663548    0.0000000000
   -1.03855527    0.0000000000
   -1.02047505    0.0000000000
   -1.00239484    0.0000000000
   -0.98431463    0.0000000000
   -0.96623442    0.0000000000
   -0.94815421    0.0000000000
   -0.93007400    0.0000000000
   -0.91199379    0.0000000000
   -0.89391358    0.0000000000
   -0.87583337    0.0000000000
   -0.85775316    0.0000000000
   -0.83967295    0.0000000000
   -0.82159274    0.0000000000
   -0.80351252    0.0000000000
   -0.78543231    0.0000000000
   -0.76735210    0.0000000000
   -0.74927189    0.0000000000
   -0.73119168    0.0000000000
   -0.71311147    0.0000000000
   -0.69503126    0.0000000000
   -0.67695105    0.0000000000
   -0.65887084    0.0000000000
   -0.64079063    0.0000000000
   -0.62271042    0.0000000000
   -0.60463021    0.0000000000
   -0.58654999    0.0000000000
   -0.56846978    0.0000000000
   -0.55038957    0.0000000000
   -0.53230936    0.0000000000
   -0.51422915    0.0000000000
   -0.49614894    0.0000000000
   -0.47806873    0.0000000000
   -0.45998852    0.0000000000
   -0.44190831    0.0000000000
   -0.42382810    0.0000000000
   -0.40574789    0.0000000000
   -0.38766767    0.0000000000
   -0.36958746    0.0000000000
   -0.35150725    0.0000000000
   -0.33342704    0.0000000000
   -0.31534683    0.0000000000
   -0.29726662    0.0000000000
   -0.27918641    0.0000000000
   -0.26110620    0.0000000000
   -0.24302599    0.0000000000
   -0.22494578    0.0000000000
   -0.20686557    0.0000000000
   -0.18878536    0.0000000000
   -0.17070514    0.0000000000
   -0.15262493    0.0000000000
   -0.13454472    0.0000000000
   -0.11646451    0.0000000000
   -0.09838430    0.0000000000
   -0.08030409    0.0000000000
   -0.06222388    0.0000000000
   -0.04414367    0.0000000000
   -0.02606346    0.0000000000
   -0.00798325    0.0000000000
    0.01009696    0.0000000000
    0.02817717    0.0000000000
    0.04625739    0.0000000000
    0.06433760    0.0000000000
    0.08241781    0.0000000000
    0.10049802    0.0000000000
    0.11857823    0.0000000000
    0.13665844    0.0000000000
    0.15473865    0.0000000000
    0.17281886    0.0000000000
    0.19089907    0.0000000000
    0.20897928    0.0000000000
    0.22705949    0.0000000000
    0.24513971    0.0000000000
    0.26321992    0.0000000000
    0.28130013    0.0000000000
    0.29938034    0.0000000000
    0.31746055    0.0000000000
    0.33554076    0.0000000000
    0.35362097    0.0000000000
    0.37170118    0.0000000000
    0.38978139    0.0000000000
    0.40786160    0.0000000000
    0.42594181    0.0000000000
    0.44402202    0.0000000000
    0.46210224    0.0000000000
    0.48018245    0.0000000000
    0.49826266    0.0000000000
    0.51634287    0.0000000000
    0.53442308    0.0000000000
    0.55250329    0.0000000000
    0.57058350    0.0000000000
    0.58866371    0.0000000000
    0.60674392    0.0000000000
    0.62482413    0.0000000000
    0.64290434    0.0000000000
    0.66098455    0.0000000000
    0.67906477    0.0000000000
    0.69714498    0.0000000000
    0.71522519    0.0000000000
    0.73330540    0.0000000000
    0.75138561    0.0000000000
    0.76946582    0.0000000000
    0.78754603    0.0000000000
    0.80562624    0.0000000000
    0.82370645    0.0000000000
    0.84178666    0.0000000000
    0.85986687    0.0000000000
    0.87794709    0.0000000000
    0.89602730    0.0000000000
    0.91410751    0.0000000000
    0.93218772    0.0000000000
    0.95026793    0.0000000000
    0.96834814    0.0000000000
    0.98642835    0.0000000000
    1.00450856    0.0000000000
    1.02258877    0.0000000000
    1.04066898    0.0000000000
    1.05874919    0.0000000000
    1.07682940    0.0000000000
    1.09490962    0.0000000000
    1.11298983    0.0000000000
    1.13107004    0.0000000000
    1.14915025    0.0000000000
    1.16723046    0.0000000000
    1.18531067    0.0000000000
    1.20339088    0.0000000000
    1.22147109    0.0000000000
    1.23955130    0.0000000000
    1.25763151    0.0000000000
    1.27571172    0.0000000000
    1.29379193    0.0000000000
    1.31187215    0.0000000000
    1.32995236    0.0000000000
    1.34803257    0.0000000000
    1.36611278    0.0000000000
    1.38419299    0.0000000000
    1.40227320    0.0000000000
    1.42035341    0.0000000000
    1.43843362    0.0000000000
    1.45651383    0.0000000000
    1.47459404    0.0000000000
    1.49267425    0.0000000000
    1.51075446    0.0000000000
    1.52883468    0.0000000000
    1.54691489    0.0000000000
    1.56499510    0.0000000000
    1.58307531    0.0000000000
    1.60115552    0.0000000000
    1.61923573    0.0000000000
    1.63731594    0.0000000000
    1.65539615    0.0000000000
    1.67347636    0.0000000000
    1.69155657    0.0000000000
    1.70963678    0.0000000000
    1.72771700    0.0000000000
    1.74579721    0.0000000000
    1.76387742    0.0000000000
    1.78195763    0.0000000000
    1.80003784    0.0000000000
    1.81811805    0.0000000000
    1.83619826    0.0000000000
    1.85427847    0.0000000000
    1.87235868    0.0000000000
    1.89043889    0.0000000000
    1.90851910    0.0000000000
    1.92659931    0.0000000000
    1.94467953    0.0000000000
    1.96275974    0.0000000000
    1.98083995    0.0000000000
    1.99892016    0.0000000000
    2.01700037    0.0000000000
    2.03508058    0.0000000000
    2.05316079    0.0000000000
    2.07124100    0.0000000000
    2.08932121    0.0000000000
    2.10740142    0.0000000000
    2.12548163    0.0000000000
    2.14356184    0.0000000000
    2.16164206    0.0000000000
    2.17972227    0.0000000000
    2.19780248    0.0000000000
    2.21588269    0.0000000000
    2.23396290    0.0000000000
    2.25204311    0.0000000000
    2.27012332    0.0000000000
    2.28820353    0.0000000000
    2.30628374    0.0000000000
    2.32436395    0.0000000000
    2.34244416    0.0000000000
    2.36052438    0.0000000000
    2.37860459    0.0000000000
    2.39668480    0.0000000000
    2.41476501    0.0000000000
    2.43284522    0.0000000000
    2.45092543    0.0000000000
    2.46900564    0.0000000000
    2.48708585    0.0000000000
    2.50516606    0.0000000000
    2.52324627    0.0000000000
    2.54132648    0.0000000000
    2.55940669    0.0000000000
    2.57748691    0.0000000000
    2.59556712    0.0000000000
    2.61364733    0.0000000000
    2.63172754    0.0000000000
    2.64980775    0.0000000000
    2.66788796    0.0000000000
    2.68596817    0.0000000000
    2.70404838    0.0000000000
    2.72212859    0.0000000000
    2.74020880    0.0000000000
    2.75828901    0.0000000000
    2.77636922    0.0000000000
    2.79444944    0.0000000000
    2.81252965    0.0000000000
    2.83060986    0.0000000000
    2.84869007    0.0000000000
    2.86677028    0.0000000000
    2.88485049    0.0000000000
    2.90293070    0.0000000000
    2.92101091    0.0000000000
    2.93909112    0.0000000000
    2.95717133    0.0000000000
    2.97525154    0.0000000000
    2.99333176    0.0000000000
    3.01141197    0.0000000000
    3.02949218    0.0000000000
    3.04757239    0.0000000000
    3.06565260    0.0000000000
    3.08373281    0.0000000000
    3.10181302    0.0000000000
    3.11989323    0.0000000000
    3.13797344    0.0000000000
    3.15605365    0.0000000000
    3.17413386    0.0000000000
    3.19221407    0.0000000000
    3.21029429    0.0000000000
    3.22837450    0.0000000000
    3.24645471    0.0000000000
    3.26453492    0.0000000000
    3.28261513    0.0000000000
    3.30069534    0.0000000000
    3.31877555    0.0000000000
    3.33685576    0.0000000000
    3.35493597    0.0000000000
    3.37301618    0.0000000000
    3.39109639    0.0000000000
    3.40917660    0.0000000000
    3.42725682    0.0000000001
    3.44533703    0.0000000005
    3.46341724    0.0000000023
    3.48149745    0.0000000089
    3.49957766    0.0000000335
    3.51765787    0.0000001207
    3.53573808    0.0000004153
    3.55381829    0.0000013659
    3.57189850    0.0000042936
    3.58997871    0.0000128984
    3.60805892    0.0000370315
    3.62613913    0.0001016075
    3.64421935    0.0002664392
    3.66229956    0.0006677122
    3.68037977    0.0015991866
    3.69845998    0.0036603926
    3.71654019    0.0080070925
    3.73462040    0.0167394311
    3.75270061    0.0334445383
    3.77078082    0.0638599217
    3.78886103    0.1165333478
    3.80694124    0.2032313631
    3.82502145    0.3387270671
    3.84310167    0.5395450823
    3.86118188    0.8213423949
    3.87926209    1.1949215868
    3.89734230    1.6613962990
    3.91542251    2.2076271953
    3.93350272    2.8034763525
    3.95158293    3.4024106091
    3.96966314    3.9463465072
    3.98774335    4.3744390760
    4.00582356    4.6341298009
    4.02390377    4.6917264296
    4.04198398    4.5395816581
    4.06006420    4.1977604298
    4.07814441    3.7096943714
    4.09622462    3.1331217961
    4.11430483    2.5289199915
    4.13238504    1.9507946971
    4.15046525    1.4381583532
    4.16854546    1.0132591048
    4.18662567    0.6822648334
    4.20470588    0.4390400341
    4.22278609    0.2700063171
    4.24086630    0.1586946888
    4.25894651    0.0891393625
    4.27702673    0.0478514740
    4.29510694    0.0245493378
    4.31318715    0.0120365745
    4.33126736    0.0056400727
    4.34934757    0.0025257197
    4.36742778    0.0010809467
    4.38550799    0.0004421219
    4.40358820    0.0001728218
    4.42166841    0.0000645615
    4.43974862    0.0000230498
    4.45782883    0.0000078647
    4.47590905    0.0000025645
    4.49398926    0.0000007992
    4.51206947    0.0000002380
    4.53014968    0.0000000678
    4.54822989    0.0000000184
    4.56631010    0.0000000048
    4.58439031    0.0000000012
    4.60247052    0.0000000003
    4.62055073    0.0000000001
    4.63863094    0.0000000000
    4.65671115    0.0000000000
    4.67479136    0.0000000000
    4.69287158    0.0000000000
    4.71095179    0.0000000000
    4.72903200    0.0000000000
    4.74711221    0.0000000000
    4.76519242    0.0000000000
    4.78327263    0.0000000000
    4.80135284    0.0000000000
    4.81943305    0.0000000000
    4.83751326    0.0000000000
    4.85559347    0.0000000000
    4.87367368    0.0000000000
    4.89175389    0.0000000000
    4.90983411    0.0000000000
    4.92791432    0.0000000000
    4.94599453    0.0000000000
    4.96407474    0.0000000000
    4.98215495    0.0000000000
    5.00023516    0.0000000000
    5.01831537    0.0000000000
    5.03639558    0.0000000000
    5.05447579    0.0000000000
    5.07255600    0.0000000000
    5.09063621    0.0000000000
    5.10871643    0.0000000000
    5.12679664    0.0000000000
    5.14487685    0.0000000000
    5.16295706    0.0000000000
    5.18103727    0.0000000000
    5.19911748    0.0000000000
    5.21719769    0.0000000000
    5.23527790    0.0000000000
    5.25335811    0.0000000000
    5.27143832    0.0000000000
    5.28951853    0.0000000000
    5.30759874    0.0000000000
    5.32567896    0.0000000000
    5.34375917    0.0000000000
    5.36183938    0.0000000000
    5.37991959    0.0000000000
    5.39799980    0.0000000000
    5.41608001    0.0000000000
    5.43416022    0.0000000000
    5.45224043    0.0000000000
    5.47032064    0.0000000000
    5.48840085    0.0000000000
    5.50648106    0.0000000000
    5.52456127    0.0000000000
    5.54264149    0.0000000000
    5.56072170    0.0000000000
    5.57880191    0.0000000000
    5.59688212    0.0000000000
    5.61496233    0.0000000000
    5.63304254    0.0000000000
    5.65112275    0.0000000000
    5.66920296    0.0000000000
    5.68728317    0.0000000000
    5.70536338    0.0000000000
    5.72344359    0.0000000000
    5.74152380    0.0000000000
    5.75960402    0.0000000000
    5.77768423    0.0000000000
    5.79576444    0.0000000000
    5.81384465    0.0000000000
    5.83192486    0.0000000000
    5.85000507    0.0000000000
    5.86808528    0.0000000000
    5.88616549    0.0000000000
    5.90424570    0.0000000000
    5.92232591    0.0000000000
    5.94040612    0.0000000000
    5.95848634    0.0000000000
    5.97656655    0.0000000000
    5.99464676    0.0000000000
    6.01272697    0.0000000000
    6.03080718    0.0000000000
    6.04888739    0.0000000000
    6.06696760    0.0000000000
    6.08504781    0.0000000000
    6.10312802    0.0000000000
    6.12120823    0.0000000000
    6.13928844    0.0000000000
    6.15736865    0.0000000000
    6.17544887    0.0000000000
    6.19352908    0.0000000000
    6.21160929    0.0000000000
    6.22968950    0.0000000000
    6.24776971    0.0000000001
    6.26584992    0.0000000004
    6.28393013    0.0000000015
    6.30201034    0.0000000059
    6.32009055    0.0000000226
    6.33817076    0.0000000825
    6.35625097    0.0000002879
    6.37433118    0.0000009600
    6.39241140    0.0000030590
    6.41049161    0.0000093156
    6.42857182    0.0000271115
    6.44665203    0.0000754075
    6.46473224    0.0002004448
    6.48281245    0.0005092061
    6.50089266    0.0012362635
    6.51897287    0.0028684494
    6.53705308    0.0063606575
    6.55513329    0.0134795531
    6.57321350    0.0273003139
    6.59129372    0.0528419033
    6.60937393    0.0977480110
    6.62745414    0.1728049070
    6.64553435    0.2919596788
    6.66361456    0.4714203748
    6.68169477    0.7274656401
    6.69977498    1.0728408141
    6.71785519    1.5120869096
    6.73593540    2.0367460620
    6.75401561    2.6218973337
    6.77209582    3.2256195567
    6.79017603    3.7925321420
    6.80825625    4.2615153958
    6.82633646    4.5763319435
    6.84441667    4.6966656030
    6.86249688    4.6065991876
    6.88057709    4.3180719877
    6.89865730    3.8682808247
    6.91673751    3.3118051455
    6.93481772    2.7097562284
    6.95289793    2.1189189004
    6.97097814    1.5834965134
    6.98905835    1.1309373654
    7.00713856    0.7719313157
    7.02521878    0.5035440068
    7.04329899    0.3139170236
    7.06137920    0.1870298690
    7.07945941    0.1064941463
    7.09753962    0.0579507643
    7.11561983    0.0301377804
    7.13370004    0.0149789726
    7.15178025    0.0071149435
    7.16986046    0.0032298291
    7.18794067    0.0014012199
    7.20602088    0.0005809673
    7.22410110    0.0002302056
    7.24218131    0.0000871763
    7.26026152    0.0000315500
    7.27834173    0.0000109124
    7.29642194    0.0000036071
    7.31450215    0.0000011395
    7.33258236    0.0000003440
    7.35066257    0.0000000993
    7.36874278    0.0000000274
    7.38682299    0.0000000072
    7.40490320    0.0000000018
    7.42298341    0.0000000004
    7.44106363    0.0000000001
    7.45914384    0.0000000000
    7.47722405    0.0000000000
    7.49530426    0.0000000000
    7.51338447    0.0000000000
    7.53146468    0.0000000000
    7.54954489    0.0000000000
    7.56762510    0.0000000000
    7.58570531    0.0000000000
    7.60378552    0.0000000000
    7.62186573    0.0000000000
    7.63994594    0.0000000000
    7.65802616    0.0000000000
    7.67610637    0.0000000000
    7.69418658    0.0000000000
    7.71226679    0.0000000000
    7.73034700    0.0000000000
    7.74842721    0.0000000000
    7.76650742    0.0000000000
    7.78458763    0.0000000000
    7.80266784    0.0000000000
    7.82074805    0.0000000000
    7.83882826    0.0000000000
    7.85690847    0.0000000000
    7.87498869    0.0000000000
    7.89306890    0.0000000000
    7.91114911    0.0000000000
    7.92922932    0.0000000000
    7.94730953    0.0000000000
    7.96538974    0.0000000000
    7.98346995    0.0000000000
    8.00155016    0.0000000000
    8.01963037    0.0000000000
    8.03771058    0.0000000000
    8.05579079    0.0000000000
    8.07387101    0.0000000000
    8.09195122    0.0000000000
    8.11003143    0.0000000000
    8.12811164    0.0000000000
    8.14619185    0.0000000000
    8.16427206    0.0000000000
    8.18235227    0.0000000000
    8.20043248    0.0000000000
    8.21851269    0.0000000000
    8.23659290    0.0000000000
    8.25467311    0.0000000000
    8.27275332    0.0000000000
    8.29083354    0.0000000000
    8.30891375    0.0000000000
    8.32699396    0.0000000000
    8.34507417    0.0000000000
    8.36315438    0.0000000000
    8.38123459    0.0000000000
    8.39931480    0.0000000000
    8.41739501    0.0000000000
    8.43547522    0.0000000000
    8.45355543    0.0000000000
    8.47163564    0.0000000000
    8.48971585    0.0000000000
    8.50779607    0.0000000000
    8.52587628    0.0000000000
    8.54395649    0.0000000000
    8.56203670    0.0000000000
    8.58011691    0.0000000000
    8.59819712    0.0000000000
    8.61627733    0.0000000000
    8.63435754    0.0000000000
    8.65243775    0.0000000000
    8.67051796    0.0000000000
    8.68859817    0.0000000000
    8.70667839    0.0000000000
    8.72475860    0.0000000000
    8.74283881    0.0000000000
    8.76091902    0.0000000000
    8.77899923    0.0000000000
    8.79707944    0.0000000000
    8.81515965    0.0000000000
    8.83323986    0.0000000000
    8.85132007    0.0000000000
    8.86940028    0.0000000000
    8.88748049    0.0000000000
    8.90556070    0.0000000000
    8.92364092    0.0000000000
    8.94172113    0.0000000000
    8.95980134    0.0000000000
    8.97788155    0.0000000000
    8.99596176    0.0000000000
    9.01404197    0.0000000000
    9.03212218    0.0000000000
    9.05020239    0.0000000000
    9.06828260    0.0000000000
    9.08636281    0.0000000000
    9.10444302    0.0000000000
    9.12252323    0.0000000000
    9.14060345    0.0000000000
    9.15868366    0.0000000000
    9.17676387    0.0000000000
    9.19484408    0.0000000000
    9.21292429    0.0000000000
    9.23100450    0.0000000000
    9.24908471    0.0000000000
    9.26716492    0.0000000000
    9.28524513    0.0000000000
    9.30332534    0.0000000000
    9.32140555    0.0000000000
    9.33948577    0.0000000000
    9.35756598    0.0000000000
    9.37564619    0.0000000000
    9.39372640    0.0000000000
    9.41180661    0.0000000000
    9.42988682    0.0000000000
    9.44796703    0.0000000000
    9.46604724    0.0000000000
    9.48412745    0.0000000000
    9.50220766    0.0000000000
    9.52028787    0.0000000000
    9.53836808    0.0000000000
    9.55644830    0.0000000000
    9.57452851    0.0000000000
    9.59260872    0.0000000000
    9.61068893    0.0000000000
    9.62876914    0.0000000000
    9.64684935    0.0000000000
    9.66492956    0.0000000000
    9.68300977    0.0000000000
    9.70108998    0.0000000000
    9.71917019    0.0000000000
    9.73725040    0.0000000000
    9.75533061    0.0000000000
    9.77341083    0.0000000000
    9.79149104    0.0000000000
    9.80957125    0.0000000000
    9.82765146    0.0000000000
    9.84573167    0.0000000000
