#  Energy (eV) |  DOS (states/eV)
  -26.64380773    0.0000000000
  -26.62297479    0.0000000000
  -26.60214185    0.0000000000
  -26.58130891    0.0000000000
  -26.56047597    0.0000000000
  -26.53964303    0.0000000000
  -26.51881009    0.0000000000
  -26.49797716    0.0000000000
  -26.47714422    0.0000000000
  -26.45631128    0.0000000000
  -26.43547834    0.0000000000
  -26.41464540    0.0000000000
  -26.39381246    0.0000000000
  -26.37297952    0.0000000000
  -26.35214658    0.0000000000
  -26.33131364    0.0000000000
  -26.31048070    0.0000000000
  -26.28964776    0.0000000000
  -26.26881482    0.0000000000
  -26.24798188    0.0000000000
  -26.22714895    0.0000000000
  -26.20631601    0.0000000000
  -26.18548307    0.0000000000
  -26.16465013    0.0000000000
  -26.14381719    0.0000000000
  -26.12298425    0.0000000000
  -26.10215131    0.0000000000
  -26.08131837    0.0000000000
  -26.06048543    0.0000000000
  -26.03965249    0.0000000000
  -26.01881955    0.0000000000
  -25.99798661    0.0000000000
  -25.97715367    0.0000000000
  -25.95632074    0.0000000000
  -25.93548780    0.0000000000
  -25.91465486    0.0000000000
  -25.89382192    0.0000000000
  -25.87298898    0.0000000000
  -25.85215604    0.0000000000
  -25.83132310    0.0000000000
  -25.81049016    0.0000000000
  -25.78965722    0.0000000000
  -25.76882428    0.0000000000
  -25.74799134    0.0000000000
  -25.72715840    0.0000000000
  -25.70632546    0.0000000000
  -25.68549253    0.0000000000
  -25.66465959    0.0000000000
  -25.64382665    0.0000000000
  -25.62299371    0.0000000000
  -25.60216077    0.0000000000
  -25.58132783    0.0000000000
  -25.56049489    0.0000000000
  -25.53966195    0.0000000000
  -25.51882901    0.0000000000
  -25.49799607    0.0000000000
  -25.47716313    0.0000000000
  -25.45633019    0.0000000000
  -25.43549725    0.0000000000
  -25.41466431    0.0000000000
  -25.39383138    0.0000000000
  -25.37299844    0.0000000000
  -25.35216550    0.0000000000
  -25.33133256    0.0000000000
  -25.31049962    0.0000000000
  -25.28966668    0.0000000000
  -25.26883374    0.0000000000
  -25.24800080    0.0000000000
  -25.22716786    0.0000000000
  -25.20633492    0.0000000000
  -25.18550198    0.0000000000
  -25.16466904    0.0000000000
  -25.14383610    0.0000000000
  -25.12300317    0.0000000000
  -25.10217023    0.0000000000
  -25.08133729    0.0000000000
  -25.06050435    0.0000000000
  -25.03967141    0.0000000000
  -25.01883847    0.0000000000
  -24.99800553    0.0000000000
  -24.97717259    0.0000000000
  -24.95633965    0.0000000000
  -24.93550671    0.0000000000
  -24.91467377    0.0000000000
  -24.89384083    0.0000000000
  -24.87300789    0.0000000000
  -24.85217496    0.0000000000
  -24.83134202    0.0000000000
  -24.81050908    0.0000000000
  -24.78967614    0.0000000000
  -24.76884320    0.0000000000
  -24.74801026    0.0000000000
  -24.72717732    0.0000000000
  -24.70634438    0.0000000000
  -24.68551144    0.0000000000
  -24.66467850    0.0000000000
  -24.64384556    0.0000000000
  -24.62301262    0.0000000000
  -24.60217968    0.0000000000
  -24.58134675    0.0000000000
  -24.56051381    0.0000000000
  -24.53968087    0.0000000000
  -24.51884793    0.0000000000
  -24.49801499    0.0000000000
  -24.47718205    0.0000000000
  -24.45634911    0.0000000000
  -24.43551617    0.0000000000
  -24.41468323    0.0000000000
  -24.39385029    0.0000000000
  -24.37301735    0.0000000000
  -24.35218441    0.0000000000
  -24.33135147    0.0000000000
  -24.31051854    0.0000000000
  -24.28968560    0.0000000000
  -24.26885266    0.0000000000
  -24.24801972    0.0000000000
  -24.22718678    0.0000000003
  -24.20635384    0.0000000014
  -24.18552090    0.0000000069
  -24.16468796    0.0000000319
  -24.14385502    0.0000001395
  -24.12302208    0.0000005737
  -24.10218914    0.0000022217
  -24.08135620    0.0000081014
  -24.06052326    0.0000278168
  -24.03969033    0.0000899339
  -24.01885739    0.0002737853
  -23.99802445    0.0007848128
  -23.97719151    0.0021183193
  -23.95635857    0.0053837668
  -23.93552563    0.0128839934
  -23.91469269    0.0290324838
  -23.89385975    0.0616009393
  -23.87302681    0.1230721875
  -23.85219387    0.2315271618
  -23.83136093    0.4101223330
  -23.81052799    0.6840602166
  -23.78969505    1.0743472859
  -23.76886212    1.5887826608
  -23.74802918    2.2123494926
  -23.72719624    2.9007641653
  -23.70636330    3.5812987525
  -23.68553036    4.1633040044
  -23.66469742    4.5572739931
  -23.64386448    4.6972275457
  -23.62303154    4.5587681043
  -23.60219860    4.1660343466
  -23.58136566    3.5848223147
  -23.56053272    2.9045701212
  -23.53969978    2.2159784868
  -23.51886684    1.5919105365
  -23.49803390    1.0768153002
  -23.47720097    0.6858564406
  -23.45636803    0.4113340559
  -23.43553509    0.2322873490
  -23.41470215    0.1235167598
  -23.39386921    0.0618437287
  -23.37303627    0.0291564662
  -23.35220333    0.0129432562
  -23.33137039    0.0054103038
  -23.31053745    0.0021294586
  -23.28970451    0.0007891984
  -23.26887157    0.0002754055
  -23.24803863    0.0000904958
  -23.22720569    0.0000279997
  -23.20637276    0.0000081573
  -23.18553982    0.0000022378
  -23.16470688    0.0000005780
  -23.14387394    0.0000001406
  -23.12304100    0.0000000322
  -23.10220806    0.0000000069
  -23.08137512    0.0000000014
  -23.06054218    0.0000000003
  -23.03970924    0.0000000000
  -23.01887630    0.0000000000
  -22.99804336    0.0000000000
  -22.97721042    0.0000000000
  -22.95637748    0.0000000000
  -22.93554455    0.0000000000
  -22.91471161    0.0000000000
  -22.89387867    0.0000000000
  -22.87304573    0.0000000000
  -22.85221279    0.0000000000
  -22.83137985    0.0000000000
  -22.81054691    0.0000000000
  -22.78971397    0.0000000000
  -22.76888103    0.0000000000
  -22.74804809    0.0000000000
  -22.72721515    0.0000000000
  -22.70638221    0.0000000000
  -22.68554927    0.0000000000
  -22.66471634    0.0000000000
  -22.64388340    0.0000000000
  -22.62305046    0.0000000000
  -22.60221752    0.0000000000
  -22.58138458    0.0000000000
  -22.56055164    0.0000000000
  -22.53971870    0.0000000000
  -22.51888576    0.0000000000
  -22.49805282    0.0000000000
  -22.47721988    0.0000000000
  -22.45638694    0.0000000000
  -22.43555400    0.0000000000
  -22.41472106    0.0000000000
  -22.39388813    0.0000000000
  -22.37305519    0.0000000000
  -22.35222225    0.0000000000
  -22.33138931    0.0000000000
  -22.31055637    0.0000000000
  -22.28972343    0.0000000000
  -22.26889049    0.0000000000
  -22.24805755    0.0000000000
  -22.22722461    0.0000000000
  -22.20639167    0.0000000000
  -22.18555873    0.0000000000
  -22.16472579    0.0000000000
  -22.14389285    0.0000000000
  -22.12305992    0.0000000000
  -22.10222698    0.0000000000
  -22.08139404    0.0000000000
  -22.06056110    0.0000000000
  -22.03972816    0.0000000000
  -22.01889522    0.0000000000
  -21.99806228    0.0000000000
  -21.97722934    0.0000000000
  -21.95639640    0.0000000000
  -21.93556346    0.0000000000
  -21.91473052    0.0000000000
  -21.89389758    0.0000000000
  -21.87306464    0.0000000000
  -21.85223171    0.0000000000
  -21.83139877    0.0000000000
  -21.81056583    0.0000000000
  -21.78973289    0.0000000000
  -21.76889995    0.0000000000
  -21.74806701    0.0000000000
  -21.72723407    0.0000000000
  -21.70640113    0.0000000000
  -21.68556819    0.0000000000
  -21.66473525    0.0000000000
  -21.64390231    0.0000000000
  -21.62306937    0.0000000000
  -21.60223643    0.0000000000
  -21.58140349    0.0000000000
  -21.56057056    0.0000000000
  -21.53973762    0.0000000000
  -21.51890468    0.0000000000
  -21.49807174    0.0000000000
  -21.47723880    0.0000000000
  -21.45640586    0.0000000000
  -21.43557292    0.0000000000
  -21.41473998    0.0000000000
  -21.39390704    0.0000000000
  -21.37307410    0.0000000000
  -21.35224116    0.0000000000
  -21.33140822    0.0000000000
  -21.31057528    0.0000000000
  -21.28974235    0.0000000000
  -21.26890941    0.0000000000
  -21.24807647    0.0000000000
  -21.22724353    0.0000000000
  -21.20641059    0.0000000000
  -21.18557765    0.0000000000
  -21.16474471    0.0000000000
  -21.14391177    0.0000000000
  -21.12307883    0.0000000000
  -21.10224589    0.0000000000
  -21.08141295    0.0000000000
  -21.06058001    0.0000000000
  -21.03974707    0.0000000000
  -21.01891414    0.0000000000
  -20.99808120    0.0000000000
  -20.97724826    0.0000000000
  -20.95641532    0.0000000000
  -20.93558238    0.0000000000
  -20.91474944    0.0000000000
  -20.89391650    0.0000000000
  -20.87308356    0.0000000000
  -20.85225062    0.0000000000
  -20.83141768    0.0000000000
  -20.81058474    0.0000000000
  -20.78975180    0.0000000000
  -20.76891886    0.0000000000
  -20.74808593    0.0000000000
  -20.72725299    0.0000000000
  -20.70642005    0.0000000000
  -20.68558711    0.0000000000
  -20.66475417    0.0000000000
  -20.64392123    0.0000000000
  -20.62308829    0.0000000000
  -20.60225535    0.0000000000
  -20.58142241    0.0000000000
  -20.56058947    0.0000000000
  -20.53975653    0.0000000000
  -20.51892359    0.0000000000
  -20.49809065    0.0000000000
  -20.47725772    0.0000000000
  -20.45642478    0.0000000000
  -20.43559184    0.0000000000
  -20.41475890    0.0000000000
  -20.39392596    0.0000000000
  -20.37309302    0.0000000000
  -20.35226008    0.0000000000
  -20.33142714    0.0000000000
  -20.31059420    0.0000000000
  -20.28976126    0.0000000000
  -20.26892832    0.0000000000
  -20.24809538    0.0000000000
  -20.22726244    0.0000000000
  -20.20642951    0.0000000000
  -20.18559657    0.0000000000
  -20.16476363    0.0000000000
  -20.14393069    0.0000000000
  -20.12309775    0.0000000000
  -20.10226481    0.0000000000
  -20.08143187    0.0000000000
  -20.06059893    0.0000000000
  -20.03976599    0.0000000000
  -20.01893305    0.0000000000
  -19.99810011    0.0000000000
  -19.97726717    0.0000000000
  -19.95643423    0.0000000000
  -19.93560130    0.0000000000
  -19.91476836    0.0000000000
  -19.89393542    0.0000000000
  -19.87310248    0.0000000000
  -19.85226954    0.0000000000
  -19.83143660    0.0000000000
  -19.81060366    0.0000000000
  -19.78977072    0.0000000000
  -19.76893778    0.0000000000
  -19.74810484    0.0000000000
  -19.72727190    0.0000000000
  -19.70643896    0.0000000000
  -19.68560602    0.0000000000
  -19.66477308    0.0000000000
  -19.64394015    0.0000000000
  -19.62310721    0.0000000000
  -19.60227427    0.0000000000
  -19.58144133    0.0000000000
  -19.56060839    0.0000000000
  -19.53977545    0.0000000000
  -19.51894251    0.0000000000
  -19.49810957    0.0000000000
  -19.47727663    0.0000000000
  -19.45644369    0.0000000000
  -19.43561075    0.0000000000
  -19.41477781    0.0000000000
  -19.39394487    0.0000000000
  -19.37311194    0.0000000000
  -19.35227900    0.0000000000
  -19.33144606    0.0000000000
  -19.31061312    0.0000000000
  -19.28978018    0.0000000000
  -19.26894724    0.0000000000
  -19.24811430    0.0000000000
  -19.22728136    0.0000000000
  -19.20644842    0.0000000000
  -19.18561548    0.0000000000
  -19.16478254    0.0000000000
  -19.14394960    0.0000000000
  -19.12311666    0.0000000000
  -19.10228373    0.0000000000
  -19.08145079    0.0000000000
  -19.06061785    0.0000000000
  -19.03978491    0.0000000000
  -19.01895197    0.0000000000
  -18.99811903    0.0000000000
  -18.97728609    0.0000000000
  -18.95645315    0.0000000000
  -18.93562021    0.0000000000
  -18.91478727    0.0000000000
  -18.89395433    0.0000000000
  -18.87312139    0.0000000000
  -18.85228845    0.0000000000
  -18.83145552    0.0000000000
  -18.81062258    0.0000000000
  -18.78978964    0.0000000000
  -18.76895670    0.0000000000
  -18.74812376    0.0000000000
  -18.72729082    0.0000000000
  -18.70645788    0.0000000000
  -18.68562494    0.0000000000
  -18.66479200    0.0000000000
  -18.64395906    0.0000000000
  -18.62312612    0.0000000000
  -18.60229318    0.0000000000
  -18.58146024    0.0000000000
  -18.56062731    0.0000000000
  -18.53979437    0.0000000000
  -18.51896143    0.0000000000
  -18.49812849    0.0000000000
  -18.47729555    0.0000000000
  -18.45646261    0.0000000000
  -18.43562967    0.0000000000
  -18.41479673    0.0000000000
  -18.39396379    0.0000000000
  -18.37313085    0.0000000000
  -18.35229791    0.0000000000
  -18.33146497    0.0000000000
  -18.31063203    0.0000000000
  -18.28979910    0.0000000000
  -18.26896616    0.0000000000
  -18.24813322    0.0000000000
  -18.22730028    0.0000000000
  -18.20646734    0.0000000000
  -18.18563440    0.0000000000
  -18.16480146    0.0000000000
  -18.14396852    0.0000000000
  -18.12313558    0.0000000000
  -18.10230264    0.0000000000
  -18.08146970    0.0000000000
  -18.06063676    0.0000000000
  -18.03980382    0.0000000000
  -18.01897089    0.0000000000
  -17.99813795    0.0000000000
  -17.97730501    0.0000000000
  -17.95647207    0.0000000000
  -17.93563913    0.0000000000
  -17.91480619    0.0000000000
  -17.89397325    0.0000000000
  -17.87314031    0.0000000000
  -17.85230737    0.0000000000
  -17.83147443    0.0000000000
  -17.81064149    0.0000000000
  -17.78980855    0.0000000000
  -17.76897561    0.0000000000
  -17.74814268    0.0000000000
  -17.72730974    0.0000000000
  -17.70647680    0.0000000000
  -17.68564386    0.0000000000
  -17.66481092    0.0000000000
  -17.64397798    0.0000000000
  -17.62314504    0.0000000000
  -17.60231210    0.0000000000
  -17.58147916    0.0000000000
  -17.56064622    0.0000000000
  -17.53981328    0.0000000000
  -17.51898034    0.0000000000
  -17.49814740    0.0000000000
  -17.47731446    0.0000000000
  -17.45648153    0.0000000000
  -17.43564859    0.0000000000
  -17.41481565    0.0000000000
  -17.39398271    0.0000000000
  -17.37314977    0.0000000000
  -17.35231683    0.0000000000
  -17.33148389    0.0000000000
  -17.31065095    0.0000000000
  -17.28981801    0.0000000000
  -17.26898507    0.0000000000
  -17.24815213    0.0000000000
  -17.22731919    0.0000000000
  -17.20648625    0.0000000000
  -17.18565332    0.0000000000
  -17.16482038    0.0000000000
  -17.14398744    0.0000000000
  -17.12315450    0.0000000000
  -17.10232156    0.0000000000
  -17.08148862    0.0000000000
  -17.06065568    0.0000000000
  -17.03982274    0.0000000000
  -17.01898980    0.0000000000
  -16.99815686    0.0000000000
  -16.97732392    0.0000000000
  -16.95649098    0.0000000000
  -16.93565804    0.0000000000
  -16.91482511    0.0000000000
  -16.89399217    0.0000000000
  -16.87315923    0.0000000000
  -16.85232629    0.0000000000
  -16.83149335    0.0000000000
  -16.81066041    0.0000000000
  -16.78982747    0.0000000000
  -16.76899453    0.0000000000
  -16.74816159    0.0000000000
  -16.72732865    0.0000000000
  -16.70649571    0.0000000000
  -16.68566277    0.0000000000
  -16.66482983    0.0000000000
  -16.64399690    0.0000000000
  -16.62316396    0.0000000000
  -16.60233102    0.0000000000
  -16.58149808    0.0000000000
  -16.56066514    0.0000000000
  -16.53983220    0.0000000000
  -16.51899926    0.0000000000
  -16.49816632    0.0000000000
  -16.47733338    0.0000000000
  -16.45650044    0.0000000000
  -16.43566750    0.0000000000
  -16.41483456    0.0000000000
  -16.39400162    0.0000000000
  -16.37316869    0.0000000000
  -16.35233575    0.0000000000
  -16.33150281    0.0000000000
  -16.31066987    0.0000000000
  -16.28983693    0.0000000000
  -16.26900399    0.0000000000
  -16.24817105    0.0000000000
  -16.22733811    0.0000000000
  -16.20650517    0.0000000000
  -16.18567223    0.0000000000
  -16.16483929    0.0000000000
  -16.14400635    0.0000000000
  -16.12317341    0.0000000000
  -16.10234048    0.0000000000
  -16.08150754    0.0000000000
  -16.06067460    0.0000000000
  -16.03984166    0.0000000000
  -16.01900872    0.0000000000
  -15.99817578    0.0000000000
  -15.97734284    0.0000000000
  -15.95650990    0.0000000000
  -15.93567696    0.0000000000
  -15.91484402    0.0000000000
  -15.89401108    0.0000000000
  -15.87317814    0.0000000000
  -15.85234520    0.0000000000
  -15.83151227    0.0000000000
  -15.81067933    0.0000000000
  -15.78984639    0.0000000000
  -15.76901345    0.0000000000
  -15.74818051    0.0000000000
  -15.72734757    0.0000000000
  -15.70651463    0.0000000000
  -15.68568169    0.0000000000
  -15.66484875    0.0000000000
  -15.64401581    0.0000000000
  -15.62318287    0.0000000000
  -15.60234993    0.0000000000
  -15.58151699    0.0000000000
  -15.56068405    0.0000000000
  -15.53985112    0.0000000000
  -15.51901818    0.0000000000
  -15.49818524    0.0000000000
  -15.47735230    0.0000000000
  -15.45651936    0.0000000000
  -15.43568642    0.0000000000
  -15.41485348    0.0000000000
  -15.39402054    0.0000000000
  -15.37318760    0.0000000000
  -15.35235466    0.0000000000
  -15.33152172    0.0000000000
  -15.31068878    0.0000000000
  -15.28985584    0.0000000000
  -15.26902291    0.0000000000
  -15.24818997    0.0000000000
  -15.22735703    0.0000000000
  -15.20652409    0.0000000000
  -15.18569115    0.0000000000
  -15.16485821    0.0000000000
  -15.14402527    0.0000000000
  -15.12319233    0.0000000000
  -15.10235939    0.0000000000
  -15.08152645    0.0000000000
  -15.06069351    0.0000000000
  -15.03986057    0.0000000000
  -15.01902763    0.0000000000
  -14.99819470    0.0000000000
  -14.97736176    0.0000000000
  -14.95652882    0.0000000000
  -14.93569588    0.0000000000
  -14.91486294    0.0000000000
  -14.89403000    0.0000000000
  -14.87319706    0.0000000000
  -14.85236412    0.0000000000
  -14.83153118    0.0000000000
  -14.81069824    0.0000000000
  -14.78986530    0.0000000000
  -14.76903236    0.0000000000
  -14.74819942    0.0000000000
  -14.72736649    0.0000000000
  -14.70653355    0.0000000000
  -14.68570061    0.0000000000
  -14.66486767    0.0000000000
  -14.64403473    0.0000000000
  -14.62320179    0.0000000000
  -14.60236885    0.0000000000
  -14.58153591    0.0000000000
  -14.56070297    0.0000000000
  -14.53987003    0.0000000000
  -14.51903709    0.0000000000
  -14.49820415    0.0000000000
  -14.47737121    0.0000000000
  -14.45653828    0.0000000000
  -14.43570534    0.0000000000
  -14.41487240    0.0000000000
  -14.39403946    0.0000000000
  -14.37320652    0.0000000000
  -14.35237358    0.0000000000
  -14.33154064    0.0000000000
  -14.31070770    0.0000000000
  -14.28987476    0.0000000000
  -14.26904182    0.0000000000
  -14.24820888    0.0000000000
  -14.22737594    0.0000000000
  -14.20654300    0.0000000000
  -14.18571007    0.0000000000
  -14.16487713    0.0000000000
  -14.14404419    0.0000000000
  -14.12321125    0.0000000000
  -14.10237831    0.0000000000
  -14.08154537    0.0000000000
  -14.06071243    0.0000000000
  -14.03987949    0.0000000000
  -14.01904655    0.0000000000
  -13.99821361    0.0000000000
  -13.97738067    0.0000000000
  -13.95654773    0.0000000000
  -13.93571479    0.0000000000
  -13.91488186    0.0000000000
  -13.89404892    0.0000000000
  -13.87321598    0.0000000000
  -13.85238304    0.0000000000
  -13.83155010    0.0000000000
  -13.81071716    0.0000000000
  -13.78988422    0.0000000000
  -13.76905128    0.0000000000
  -13.74821834    0.0000000000
  -13.72738540    0.0000000000
  -13.70655246    0.0000000000
  -13.68571952    0.0000000000
  -13.66488658    0.0000000000
  -13.64405364    0.0000000000
  -13.62322071    0.0000000000
  -13.60238777    0.0000000000
  -13.58155483    0.0000000000
  -13.56072189    0.0000000000
  -13.53988895    0.0000000000
  -13.51905601    0.0000000000
  -13.49822307    0.0000000000
  -13.47739013    0.0000000000
  -13.45655719    0.0000000000
  -13.43572425    0.0000000000
  -13.41489131    0.0000000000
  -13.39405837    0.0000000000
  -13.37322543    0.0000000000
  -13.35239250    0.0000000000
  -13.33155956    0.0000000000
  -13.31072662    0.0000000000
  -13.28989368    0.0000000000
  -13.26906074    0.0000000000
  -13.24822780    0.0000000000
  -13.22739486    0.0000000000
  -13.20656192    0.0000000000
  -13.18572898    0.0000000000
  -13.16489604    0.0000000000
  -13.14406310    0.0000000000
  -13.12323016    0.0000000000
  -13.10239722    0.0000000000
  -13.08156429    0.0000000000
  -13.06073135    0.0000000000
  -13.03989841    0.0000000000
  -13.01906547    0.0000000000
  -12.99823253    0.0000000000
  -12.97739959    0.0000000000
  -12.95656665    0.0000000000
  -12.93573371    0.0000000000
  -12.91490077    0.0000000000
  -12.89406783    0.0000000000
  -12.87323489    0.0000000000
  -12.85240195    0.0000000000
  -12.83156901    0.0000000000
  -12.81073608    0.0000000000
  -12.78990314    0.0000000000
  -12.76907020    0.0000000000
  -12.74823726    0.0000000000
  -12.72740432    0.0000000000
  -12.70657138    0.0000000000
  -12.68573844    0.0000000000
  -12.66490550    0.0000000000
  -12.64407256    0.0000000000
  -12.62323962    0.0000000000
  -12.60240668    0.0000000000
  -12.58157374    0.0000000000
  -12.56074080    0.0000000000
  -12.53990787    0.0000000000
  -12.51907493    0.0000000000
  -12.49824199    0.0000000000
  -12.47740905    0.0000000000
  -12.45657611    0.0000000000
  -12.43574317    0.0000000000
  -12.41491023    0.0000000000
  -12.39407729    0.0000000000
  -12.37324435    0.0000000000
  -12.35241141    0.0000000000
  -12.33157847    0.0000000000
  -12.31074553    0.0000000000
  -12.28991259    0.0000000000
  -12.26907966    0.0000000000
  -12.24824672    0.0000000000
  -12.22741378    0.0000000000
  -12.20658084    0.0000000000
  -12.18574790    0.0000000000
  -12.16491496    0.0000000000
  -12.14408202    0.0000000000
  -12.12324908    0.0000000000
  -12.10241614    0.0000000000
  -12.08158320    0.0000000000
  -12.06075026    0.0000000000
  -12.03991732    0.0000000000
  -12.01908438    0.0000000000
  -11.99825145    0.0000000000
  -11.97741851    0.0000000000
  -11.95658557    0.0000000000
  -11.93575263    0.0000000000
  -11.91491969    0.0000000000
  -11.89408675    0.0000000000
  -11.87325381    0.0000000000
  -11.85242087    0.0000000000
  -11.83158793    0.0000000000
  -11.81075499    0.0000000000
  -11.78992205    0.0000000000
  -11.76908911    0.0000000000
  -11.74825617    0.0000000000
  -11.72742323    0.0000000000
  -11.70659030    0.0000000000
  -11.68575736    0.0000000000
  -11.66492442    0.0000000000
  -11.64409148    0.0000000000
  -11.62325854    0.0000000000
  -11.60242560    0.0000000000
  -11.58159266    0.0000000000
  -11.56075972    0.0000000000
  -11.53992678    0.0000000000
  -11.51909384    0.0000000000
  -11.49826090    0.0000000000
  -11.47742796    0.0000000000
  -11.45659502    0.0000000000
  -11.43576209    0.0000000000
  -11.41492915    0.0000000000
  -11.39409621    0.0000000000
  -11.37326327    0.0000000000
  -11.35243033    0.0000000000
  -11.33159739    0.0000000000
  -11.31076445    0.0000000000
  -11.28993151    0.0000000000
  -11.26909857    0.0000000000
  -11.24826563    0.0000000000
  -11.22743269    0.0000000000
  -11.20659975    0.0000000000
  -11.18576681    0.0000000000
  -11.16493388    0.0000000000
  -11.14410094    0.0000000000
  -11.12326800    0.0000000000
  -11.10243506    0.0000000000
  -11.08160212    0.0000000000
  -11.06076918    0.0000000000
  -11.03993624    0.0000000000
  -11.01910330    0.0000000000
  -10.99827036    0.0000000000
  -10.97743742    0.0000000000
  -10.95660448    0.0000000000
  -10.93577154    0.0000000000
  -10.91493860    0.0000000000
  -10.89410567    0.0000000000
  -10.87327273    0.0000000000
  -10.85243979    0.0000000000
  -10.83160685    0.0000000000
  -10.81077391    0.0000000000
  -10.78994097    0.0000000000
  -10.76910803    0.0000000000
  -10.74827509    0.0000000000
  -10.72744215    0.0000000000
  -10.70660921    0.0000000002
  -10.68577627    0.0000000009
  -10.66494333    0.0000000043
  -10.64411039    0.0000000205
  -10.62327746    0.0000000910
  -10.60244452    0.0000003810
  -10.58161158    0.0000015018
  -10.56077864    0.0000055740
  -10.53994570    0.0000194801
  -10.51911276    0.0000641041
  -10.49827982    0.0001986327
  -10.47744688    0.0005795422
  -10.45661394    0.0015921676
  -10.43578100    0.0041187170
  -10.41494806    0.0100323934
  -10.39411512    0.0230099992
  -10.37328218    0.0496933295
  -10.35244925    0.1010529581
  -10.33161631    0.1934948494
  -10.31078337    0.3488664695
  -10.28995043    0.5922683080
  -10.26911749    0.9467759154
  -10.24828455    1.4251000387
  -10.22745161    2.0198212885
  -10.20661867    2.6955660735
  -10.18578573    3.3873218317
  -10.16495279    4.0080431073
  -10.14411985    4.4655787188
  -10.12328691    4.6848162150
  -10.10245397    4.6278237444
  -10.08162104    4.3045772386
  -10.06078810    3.7701067112
  -10.03995516    3.1091825667
  -10.01912222    2.4143945831
   -9.99828928    1.7653861506
   -9.97745634    1.2154598725
   -9.95662340    0.7879723509
   -9.93579046    0.4810063118
   -9.91495752    0.2764776407
   -9.89412458    0.1496368982
   -9.87329164    0.0762582479
   -9.85245870    0.0365935372
   -9.83162576    0.0165345128
   -9.81079282    0.0070347369
   -9.78995989    0.0028182126
   -9.76912695    0.0010630877
   -9.74829401    0.0003776016
   -9.72746107    0.0001262898
   -9.70662813    0.0000397715
   -9.68579519    0.0000117936
   -9.66496225    0.0000032930
   -9.64412931    0.0000008658
   -9.62329637    0.0000002143
   -9.60246343    0.0000000500
   -9.58163049    0.0000000110
   -9.56079755    0.0000000023
   -9.53996461    0.0000000004
   -9.51913168    0.0000000001
   -9.49829874    0.0000000000
   -9.47746580    0.0000000000
   -9.45663286    0.0000000000
   -9.43579992    0.0000000000
   -9.41496698    0.0000000000
   -9.39413404    0.0000000000
   -9.37330110    0.0000000000
   -9.35246816    0.0000000000
   -9.33163522    0.0000000000
   -9.31080228    0.0000000000
   -9.28996934    0.0000000000
   -9.26913640    0.0000000000
   -9.24830347    0.0000000000
   -9.22747053    0.0000000000
   -9.20663759    0.0000000000
   -9.18580465    0.0000000000
   -9.16497171    0.0000000000
   -9.14413877    0.0000000000
   -9.12330583    0.0000000000
   -9.10247289    0.0000000000
   -9.08163995    0.0000000000
   -9.06080701    0.0000000000
   -9.03997407    0.0000000000
   -9.01914113    0.0000000000
   -8.99830819    0.0000000000
   -8.97747526    0.0000000000
   -8.95664232    0.0000000000
   -8.93580938    0.0000000000
   -8.91497644    0.0000000000
   -8.89414350    0.0000000000
   -8.87331056    0.0000000000
   -8.85247762    0.0000000000
   -8.83164468    0.0000000000
   -8.81081174    0.0000000000
   -8.78997880    0.0000000000
   -8.76914586    0.0000000000
   -8.74831292    0.0000000000
   -8.72747998    0.0000000000
   -8.70664705    0.0000000000
   -8.68581411    0.0000000000
   -8.66498117    0.0000000000
   -8.64414823    0.0000000000
   -8.62331529    0.0000000000
   -8.60248235    0.0000000000
   -8.58164941    0.0000000000
   -8.56081647    0.0000000000
   -8.53998353    0.0000000000
   -8.51915059    0.0000000000
   -8.49831765    0.0000000000
   -8.47748471    0.0000000000
   -8.45665177    0.0000000000
   -8.43581884    0.0000000000
   -8.41498590    0.0000000000
   -8.39415296    0.0000000000
   -8.37332002    0.0000000000
   -8.35248708    0.0000000000
   -8.33165414    0.0000000000
   -8.31082120    0.0000000000
   -8.28998826    0.0000000000
   -8.26915532    0.0000000000
   -8.24832238    0.0000000000
   -8.22748944    0.0000000000
   -8.20665650    0.0000000000
   -8.18582356    0.0000000000
   -8.16499063    0.0000000000
   -8.14415769    0.0000000000
   -8.12332475    0.0000000000
   -8.10249181    0.0000000000
   -8.08165887    0.0000000000
   -8.06082593    0.0000000000
   -8.03999299    0.0000000000
   -8.01916005    0.0000000000
   -7.99832711    0.0000000000
   -7.97749417    0.0000000000
   -7.95666123    0.0000000000
   -7.93582829    0.0000000000
   -7.91499535    0.0000000000
   -7.89416242    0.0000000000
   -7.87332948    0.0000000000
   -7.85249654    0.0000000000
   -7.83166360    0.0000000000
   -7.81083066    0.0000000000
   -7.78999772    0.0000000000
   -7.76916478    0.0000000000
   -7.74833184    0.0000000000
   -7.72749890    0.0000000000
   -7.70666596    0.0000000000
   -7.68583302    0.0000000000
   -7.66500008    0.0000000000
   -7.64416714    0.0000000001
   -7.62333420    0.0000000003
   -7.60250127    0.0000000015
   -7.58166833    0.0000000076
   -7.56083539    0.0000000350
   -7.54000245    0.0000001523
   -7.51916951    0.0000006242
   -7.49833657    0.0000024083
   -7.47750363    0.0000087498
   -7.45667069    0.0000299329
   -7.43583775    0.0000964211
   -7.41500481    0.0002924584
   -7.39417187    0.0008352677
   -7.37333893    0.0022462428
   -7.35250599    0.0056879682
   -7.33167306    0.0135621039
   -7.31084012    0.0304485361
   -7.29000718    0.0643687702
   -7.26917424    0.1281307739
   -7.24834130    0.2401602515
   -7.22750836    0.4238559198
   -7.20667542    0.7043764375
   -7.18584248    1.1022010726
   -7.16500954    1.6240009614
   -7.14417660    2.2531036845
   -7.12334366    2.9433744565
   -7.10251072    3.6205895913
   -7.08167778    4.1935567403
   -7.06084485    4.5735685375
   -7.04001191    4.6967484721
   -7.01917897    4.5415997466
   -6.99834603    4.1351365399
   -6.97751309    3.5451963595
   -6.95668015    2.8619377165
   -6.93584721    2.1754519967
   -6.91501427    1.5570704911
   -6.89418133    1.0493889503
   -6.87334839    0.6659385293
   -6.85251545    0.3979250151
   -6.83168251    0.2238915915
   -6.81084957    0.1186161349
   -6.79001664    0.0591724016
   -6.76918370    0.0277948329
   -6.74835076    0.0122935803
   -6.72751782    0.0051199078
   -6.70668488    0.0020077764
   -6.68585194    0.0007413751
   -6.66501900    0.0002577686
   -6.64418606    0.0000843901
   -6.62335312    0.0000260149
   -6.60252018    0.0000075513
   -6.58168724    0.0000020639
   -6.56085430    0.0000005312
   -6.54002136    0.0000001287
   -6.51918843    0.0000000294
   -6.49835549    0.0000000063
   -6.47752255    0.0000000013
   -6.45668961    0.0000000002
   -6.43585667    0.0000000000
   -6.41502373    0.0000000000
   -6.39419079    0.0000000000
   -6.37335785    0.0000000000
   -6.35252491    0.0000000000
   -6.33169197    0.0000000000
   -6.31085903    0.0000000000
   -6.29002609    0.0000000000
   -6.26919315    0.0000000000
   -6.24836022    0.0000000000
   -6.22752728    0.0000000000
   -6.20669434    0.0000000000
   -6.18586140    0.0000000000
   -6.16502846    0.0000000000
   -6.14419552    0.0000000000
   -6.12336258    0.0000000000
   -6.10252964    0.0000000000
   -6.08169670    0.0000000000
   -6.06086376    0.0000000000
   -6.04003082    0.0000000000
   -6.01919788    0.0000000000
   -5.99836494    0.0000000000
   -5.97753201    0.0000000000
   -5.95669907    0.0000000000
   -5.93586613    0.0000000000
   -5.91503319    0.0000000000
   -5.89420025    0.0000000000
   -5.87336731    0.0000000000
   -5.85253437    0.0000000000
   -5.83170143    0.0000000000
   -5.81086849    0.0000000000
   -5.79003555    0.0000000000
   -5.76920261    0.0000000000
   -5.74836967    0.0000000000
   -5.72753673    0.0000000000
   -5.70670379    0.0000000000
   -5.68587086    0.0000000000
   -5.66503792    0.0000000000
   -5.64420498    0.0000000000
   -5.62337204    0.0000000000
   -5.60253910    0.0000000000
   -5.58170616    0.0000000000
   -5.56087322    0.0000000000
   -5.54004028    0.0000000000
   -5.51920734    0.0000000000
   -5.49837440    0.0000000000
   -5.47754146    0.0000000000
   -5.45670852    0.0000000000
   -5.43587558    0.0000000000
   -5.41504265    0.0000000000
   -5.39420971    0.0000000000
   -5.37337677    0.0000000000
   -5.35254383    0.0000000000
   -5.33171089    0.0000000000
   -5.31087795    0.0000000000
   -5.29004501    0.0000000000
   -5.26921207    0.0000000000
   -5.24837913    0.0000000000
   -5.22754619    0.0000000000
   -5.20671325    0.0000000000
   -5.18588031    0.0000000000
   -5.16504737    0.0000000000
   -5.14421444    0.0000000000
   -5.12338150    0.0000000000
   -5.10254856    0.0000000000
   -5.08171562    0.0000000000
   -5.06088268    0.0000000000
   -5.04004974    0.0000000000
   -5.01921680    0.0000000000
   -4.99838386    0.0000000000
   -4.97755092    0.0000000000
   -4.95671798    0.0000000001
   -4.93588504    0.0000000003
   -4.91505210    0.0000000016
   -4.89421916    0.0000000080
   -4.87338623    0.0000000367
   -4.85255329    0.0000001593
   -4.83172035    0.0000006517
   -4.81088741    0.0000025099
   -4.79005447    0.0000091016
   -4.76922153    0.0000310780
   -4.74838859    0.0000999212
   -4.72755565    0.0003025043
   -4.70672271    0.0008623328
   -4.68588977    0.0023146627
   -4.66505683    0.0058501898
   -4.64422389    0.0139226417
   -4.62339095    0.0311991511
   -4.60255802    0.0658314394
   -4.58172508    0.1307956704
   -4.56089214    0.2446937227
   -4.54005920    0.4310441262
   -4.51922626    0.7149737178
   -4.49839332    1.1166777603
   -4.47756038    1.6422342264
   -4.45672744    2.2741116058
   -4.43589450    2.9652266390
   -4.41506156    3.6406041067
   -4.39422862    4.2088016523
   -4.37339568    4.5815550265
   -4.35256274    4.6960941768
   -4.33172981    4.5324198370
   -4.31089687    4.1190105906
   -4.29006393    3.5247241051
   -4.26923099    2.8400552688
   -4.24839805    2.1547550036
   -4.22756511    1.5393537964
   -4.20673217    1.0354960329
   -4.18589923    0.6558852659
   -4.16506629    0.3911800999
   -4.14423335    0.2196823040
   -4.12340041    0.1161670175
   -4.10256747    0.0578415666
   -4.08173453    0.0271185646
   -4.06090160    0.0119718920
   -4.04006866    0.0049765495
   -4.01923572    0.0019478850
   -3.99840278    0.0007179062
   -3.97756984    0.0002491389
   -3.95673690    0.0000814113
   -3.93590396    0.0000250494
   -3.91507102    0.0000072574
   -3.89423808    0.0000019798
   -3.87340514    0.0000005086
   -3.85257220    0.0000001230
   -3.83173926    0.0000000280
   -3.81090632    0.0000000060
   -3.79007338    0.0000000012
   -3.76924045    0.0000000002
   -3.74840751    0.0000000000
   -3.72757457    0.0000000000
   -3.70674163    0.0000000000
   -3.68590869    0.0000000000
   -3.66507575    0.0000000000
   -3.64424281    0.0000000000
   -3.62340987    0.0000000000
   -3.60257693    0.0000000000
   -3.58174399    0.0000000000
   -3.56091105    0.0000000000
   -3.54007811    0.0000000000
   -3.51924517    0.0000000000
   -3.49841224    0.0000000000
   -3.47757930    0.0000000000
   -3.45674636    0.0000000000
   -3.43591342    0.0000000000
   -3.41508048    0.0000000000
   -3.39424754    0.0000000000
   -3.37341460    0.0000000000
   -3.35258166    0.0000000000
   -3.33174872    0.0000000000
   -3.31091578    0.0000000000
   -3.29008284    0.0000000000
   -3.26924990    0.0000000000
   -3.24841696    0.0000000000
   -3.22758403    0.0000000000
   -3.20675109    0.0000000000
   -3.18591815    0.0000000000
   -3.16508521    0.0000000000
   -3.14425227    0.0000000000
   -3.12341933    0.0000000000
   -3.10258639    0.0000000000
   -3.08175345    0.0000000000
   -3.06092051    0.0000000000
   -3.04008757    0.0000000000
   -3.01925463    0.0000000000
   -2.99842169    0.0000000000
   -2.97758875    0.0000000000
   -2.95675582    0.0000000000
   -2.93592288    0.0000000000
   -2.91508994    0.0000000000
   -2.89425700    0.0000000000
   -2.87342406    0.0000000000
   -2.85259112    0.0000000000
   -2.83175818    0.0000000000
   -2.81092524    0.0000000000
   -2.79009230    0.0000000000
   -2.76925936    0.0000000000
   -2.74842642    0.0000000000
   -2.72759348    0.0000000000
   -2.70676054    0.0000000000
   -2.68592761    0.0000000000
   -2.66509467    0.0000000000
   -2.64426173    0.0000000000
   -2.62342879    0.0000000000
   -2.60259585    0.0000000000
   -2.58176291    0.0000000000
   -2.56092997    0.0000000000
   -2.54009703    0.0000000000
   -2.51926409    0.0000000000
   -2.49843115    0.0000000000
   -2.47759821    0.0000000000
   -2.45676527    0.0000000000
   -2.43593233    0.0000000000
   -2.41509940    0.0000000000
   -2.39426646    0.0000000000
   -2.37343352    0.0000000000
   -2.35260058    0.0000000000
   -2.33176764    0.0000000000
   -2.31093470    0.0000000000
   -2.29010176    0.0000000000
   -2.26926882    0.0000000000
   -2.24843588    0.0000000000
   -2.22760294    0.0000000000
   -2.20677000    0.0000000000
   -2.18593706    0.0000000000
   -2.16510412    0.0000000000
   -2.14427119    0.0000000000
   -2.12343825    0.0000000000
   -2.10260531    0.0000000000
   -2.08177237    0.0000000000
   -2.06093943    0.0000000000
   -2.04010649    0.0000000000
   -2.01927355    0.0000000000
   -1.99844061    0.0000000000
   -1.97760767    0.0000000000
   -1.95677473    0.0000000000
   -1.93594179    0.0000000000
   -1.91510885    0.0000000000
   -1.89427591    0.0000000000
   -1.87344297    0.0000000000
   -1.85261004    0.0000000000
   -1.83177710    0.0000000000
   -1.81094416    0.0000000000
   -1.79011122    0.0000000000
   -1.76927828    0.0000000000
   -1.74844534    0.0000000000
   -1.72761240    0.0000000000
   -1.70677946    0.0000000000
   -1.68594652    0.0000000000
   -1.66511358    0.0000000000
   -1.64428064    0.0000000000
   -1.62344770    0.0000000000
   -1.60261476    0.0000000000
   -1.58178183    0.0000000000
   -1.56094889    0.0000000000
   -1.54011595    0.0000000000
   -1.51928301    0.0000000000
   -1.49845007    0.0000000000
   -1.47761713    0.0000000000
   -1.45678419    0.0000000000
   -1.43595125    0.0000000000
   -1.41511831    0.0000000000
   -1.39428537    0.0000000000
   -1.37345243    0.0000000000
   -1.35261949    0.0000000000
   -1.33178655    0.0000000000
   -1.31095362    0.0000000000
   -1.29012068    0.0000000000
   -1.26928774    0.0000000000
   -1.24845480    0.0000000000
   -1.22762186    0.0000000000
   -1.20678892    0.0000000000
   -1.18595598    0.0000000000
   -1.16512304    0.0000000000
   -1.14429010    0.0000000000
   -1.12345716    0.0000000000
   -1.10262422    0.0000000000
   -1.08179128    0.0000000000
   -1.06095834    0.0000000000
   -1.04012541    0.0000000000
   -1.01929247    0.0000000000
   -0.99845953    0.0000000000
   -0.97762659    0.0000000000
   -0.95679365    0.0000000000
   -0.93596071    0.0000000000
   -0.91512777    0.0000000000
   -0.89429483    0.0000000000
   -0.87346189    0.0000000000
   -0.85262895    0.0000000000
   -0.83179601    0.0000000000
   -0.81096307    0.0000000000
   -0.79013013    0.0000000000
   -0.76929720    0.0000000000
   -0.74846426    0.0000000000
   -0.72763132    0.0000000000
   -0.70679838    0.0000000000
   -0.68596544    0.0000000000
   -0.66513250    0.0000000000
   -0.64429956    0.0000000000
   -0.62346662    0.0000000000
   -0.60263368    0.0000000000
   -0.58180074    0.0000000000
   -0.56096780    0.0000000000
   -0.54013486    0.0000000000
   -0.51930192    0.0000000000
   -0.49846899    0.0000000000
   -0.47763605    0.0000000000
   -0.45680311    0.0000000000
   -0.43597017    0.0000000000
   -0.41513723    0.0000000000
   -0.39430429    0.0000000000
   -0.37347135    0.0000000000
   -0.35263841    0.0000000000
   -0.33180547    0.0000000000
   -0.31097253    0.0000000000
   -0.29013959    0.0000000000
   -0.26930665    0.0000000000
   -0.24847371    0.0000000000
   -0.22764078    0.0000000000
   -0.20680784    0.0000000000
   -0.18597490    0.0000000000
   -0.16514196    0.0000000000
   -0.14430902    0.0000000000
   -0.12347608    0.0000000000
   -0.10264314    0.0000000000
   -0.08181020    0.0000000000
   -0.06097726    0.0000000000
   -0.04014432    0.0000000000
   -0.01931138    0.0000000000
    0.00152156    0.0000000000
    0.02235450    0.0000000000
    0.04318744    0.0000000000
    0.06402037    0.0000000000
    0.08485331    0.0000000000
    0.10568625    0.0000000000
    0.12651919    0.0000000000
    0.14735213    0.0000000000
    0.16818507    0.0000000000
    0.18901801    0.0000000000
    0.20985095    0.0000000000
    0.23068389    0.0000000000
    0.25151683    0.0000000000
    0.27234977    0.0000000000
    0.29318271    0.0000000000
    0.31401565    0.0000000000
    0.33484858    0.0000000000
    0.35568152    0.0000000000
    0.37651446    0.0000000000
    0.39734740    0.0000000000
    0.41818034    0.0000000000
    0.43901328    0.0000000000
    0.45984622    0.0000000000
    0.48067916    0.0000000000
    0.50151210    0.0000000000
    0.52234504    0.0000000000
    0.54317798    0.0000000000
    0.56401092    0.0000000000
    0.58484386    0.0000000000
    0.60567679    0.0000000000
    0.62650973    0.0000000000
    0.64734267    0.0000000000
    0.66817561    0.0000000000
    0.68900855    0.0000000000
    0.70984149    0.0000000000
    0.73067443    0.0000000000
    0.75150737    0.0000000000
    0.77234031    0.0000000000
    0.79317325    0.0000000000
    0.81400619    0.0000000000
    0.83483913    0.0000000000
    0.85567207    0.0000000000
    0.87650500    0.0000000000
    0.89733794    0.0000000000
    0.91817088    0.0000000000
    0.93900382    0.0000000000
    0.95983676    0.0000000000
    0.98066970    0.0000000000
    1.00150264    0.0000000000
    1.02233558    0.0000000000
    1.04316852    0.0000000000
    1.06400146    0.0000000000
    1.08483440    0.0000000000
    1.10566734    0.0000000000
    1.12650028    0.0000000000
    1.14733321    0.0000000000
    1.16816615    0.0000000000
    1.18899909    0.0000000000
    1.20983203    0.0000000000
    1.23066497    0.0000000000
    1.25149791    0.0000000000
    1.27233085    0.0000000000
    1.29316379    0.0000000000
    1.31399673    0.0000000000
    1.33482967    0.0000000000
    1.35566261    0.0000000000
    1.37649555    0.0000000000
    1.39732849    0.0000000000
    1.41816142    0.0000000000
    1.43899436    0.0000000000
    1.45982730    0.0000000000
    1.48066024    0.0000000000
    1.50149318    0.0000000000
    1.52232612    0.0000000000
    1.54315906    0.0000000000
    1.56399200    0.0000000000
    1.58482494    0.0000000000
    1.60565788    0.0000000000
    1.62649082    0.0000000000
    1.64732376    0.0000000000
    1.66815670    0.0000000000
    1.68898963    0.0000000000
    1.70982257    0.0000000000
    1.73065551    0.0000000000
    1.75148845    0.0000000000
    1.77232139    0.0000000000
    1.79315433    0.0000000000
    1.81398727    0.0000000000
    1.83482021    0.0000000000
    1.85565315    0.0000000000
    1.87648609    0.0000000000
    1.89731903    0.0000000000
    1.91815197    0.0000000000
    1.93898491    0.0000000000
    1.95981784    0.0000000000
    1.98065078    0.0000000000
    2.00148372    0.0000000000
    2.02231666    0.0000000000
    2.04314960    0.0000000000
    2.06398254    0.0000000000
    2.08481548    0.0000000000
    2.10564842    0.0000000000
    2.12648136    0.0000000000
    2.14731430    0.0000000000
    2.16814724    0.0000000000
    2.18898018    0.0000000000
    2.20981312    0.0000000000
    2.23064606    0.0000000000
    2.25147899    0.0000000000
    2.27231193    0.0000000000
    2.29314487    0.0000000000
    2.31397781    0.0000000000
    2.33481075    0.0000000000
    2.35564369    0.0000000000
    2.37647663    0.0000000000
    2.39730957    0.0000000000
    2.41814251    0.0000000000
    2.43897545    0.0000000000
    2.45980839    0.0000000000
    2.48064133    0.0000000000
    2.50147427    0.0000000000
    2.52230720    0.0000000000
    2.54314014    0.0000000000
    2.56397308    0.0000000000
    2.58480602    0.0000000000
    2.60563896    0.0000000000
    2.62647190    0.0000000000
    2.64730484    0.0000000000
    2.66813778    0.0000000000
    2.68897072    0.0000000000
    2.70980366    0.0000000000
    2.73063660    0.0000000000
    2.75146954    0.0000000000
    2.77230248    0.0000000000
    2.79313541    0.0000000000
    2.81396835    0.0000000000
    2.83480129    0.0000000000
    2.85563423    0.0000000000
    2.87646717    0.0000000000
    2.89730011    0.0000000000
    2.91813305    0.0000000000
    2.93896599    0.0000000000
    2.95979893    0.0000000000
    2.98063187    0.0000000000
    3.00146481    0.0000000000
    3.02229775    0.0000000000
    3.04313069    0.0000000000
    3.06396362    0.0000000000
    3.08479656    0.0000000000
    3.10562950    0.0000000000
    3.12646244    0.0000000000
    3.14729538    0.0000000000
    3.16812832    0.0000000000
    3.18896126    0.0000000000
    3.20979420    0.0000000000
    3.23062714    0.0000000000
    3.25146008    0.0000000000
    3.27229302    0.0000000000
    3.29312596    0.0000000000
    3.31395890    0.0000000000
    3.33479183    0.0000000000
    3.35562477    0.0000000000
    3.37645771    0.0000000000
    3.39729065    0.0000000000
    3.41812359    0.0000000000
    3.43895653    0.0000000000
    3.45978947    0.0000000000
    3.48062241    0.0000000000
    3.50145535    0.0000000000
    3.52228829    0.0000000000
    3.54312123    0.0000000000
    3.56395417    0.0000000000
    3.58478711    0.0000000000
    3.60562004    0.0000000000
    3.62645298    0.0000000000
    3.64728592    0.0000000000
    3.66811886    0.0000000000
    3.68895180    0.0000000000
    3.70978474    0.0000000000
    3.73061768    0.0000000000
    3.75145062    0.0000000001
    3.77228356    0.0000000003
    3.79311650    0.0000000015
    3.81394944    0.0000000076
    3.83478238    0.0000000349
    3.85561532    0.0000001519
    3.87644825    0.0000006226
    3.89728119    0.0000024025
    3.91811413    0.0000087297
    3.93894707    0.0000298676
    3.95978001    0.0000962211
    3.98061295    0.0002918837
    4.00144589    0.0008337178
    4.02227883    0.0022423206
    4.04311177    0.0056786589
    4.06394471    0.0135413916
    4.08477765    0.0304053673
    4.10561059    0.0642845571
    4.12644353    0.1279771695
    4.14727647    0.2398986413
    4.16810940    0.4234406221
    4.18894234    0.7037634256
    4.20977528    1.1013625625
    4.23060822    1.6229433841
    4.25144116    2.2518832624
    4.27227410    2.9421026357
    4.29310704    3.6194218873
    4.31393998    4.1926638183
    4.33477292    4.5730959755
    4.35560586    4.6967780146
    4.37643880    4.5421261932
    4.39727174    4.1360692412
    4.41810468    3.5463847297
    4.43893761    2.8632109021
    4.45977055    2.1766583784
    4.48060349    1.5581047436
    4.50143643    1.0502011022
    4.52226937    0.6665269786
    4.54310231    0.3983202987
    4.56393525    0.2241385655
    4.58476819    0.1187599977
    4.60560113    0.0592506632
    4.62643407    0.0278346455
    4.64726701    0.0123125389
    4.66809995    0.0051283656
    4.68893289    0.0020113136
    4.70976582    0.0007427626
    4.73059876    0.0002582794
    4.75143170    0.0000845666
    4.77226464    0.0000260722
    4.79309758    0.0000075688
    4.81393052    0.0000020689
    4.83476346    0.0000005325
    4.85559640    0.0000001291
    4.87642934    0.0000000295
    4.89726228    0.0000000063
    4.91809522    0.0000000013
    4.93892816    0.0000000002
    4.95976110    0.0000000000
    4.98059403    0.0000000000
    5.00142697    0.0000000000
    5.02225991    0.0000000000
    5.04309285    0.0000000000
    5.06392579    0.0000000000
    5.08475873    0.0000000000
    5.10559167    0.0000000000
    5.12642461    0.0000000000
    5.14725755    0.0000000000
    5.16809049    0.0000000000
    5.18892343    0.0000000000
    5.20975637    0.0000000000
    5.23058931    0.0000000000
    5.25142224    0.0000000000
    5.27225518    0.0000000000
    5.29308812    0.0000000000
    5.31392106    0.0000000000
    5.33475400    0.0000000000
    5.35558694    0.0000000000
    5.37641988    0.0000000000
    5.39725282    0.0000000000
    5.41808576    0.0000000000
    5.43891870    0.0000000000
    5.45975164    0.0000000000
    5.48058458    0.0000000000
    5.50141752    0.0000000000
    5.52225045    0.0000000000
    5.54308339    0.0000000000
    5.56391633    0.0000000000
    5.58474927    0.0000000000
    5.60558221    0.0000000000
    5.62641515    0.0000000000
    5.64724809    0.0000000000
    5.66808103    0.0000000000
    5.68891397    0.0000000000
    5.70974691    0.0000000000
    5.73057985    0.0000000000
    5.75141279    0.0000000000
    5.77224573    0.0000000000
    5.79307866    0.0000000000
    5.81391160    0.0000000000
    5.83474454    0.0000000000
    5.85557748    0.0000000000
    5.87641042    0.0000000000
    5.89724336    0.0000000000
    5.91807630    0.0000000000
    5.93890924    0.0000000000
    5.95974218    0.0000000000
    5.98057512    0.0000000000
    6.00140806    0.0000000000
    6.02224100    0.0000000000
    6.04307394    0.0000000000
    6.06390688    0.0000000000
    6.08473981    0.0000000000
    6.10557275    0.0000000000
    6.12640569    0.0000000000
    6.14723863    0.0000000000
    6.16807157    0.0000000000
    6.18890451    0.0000000000
    6.20973745    0.0000000000
    6.23057039    0.0000000000
    6.25140333    0.0000000000
    6.27223627    0.0000000000
    6.29306921    0.0000000000
    6.31390215    0.0000000002
    6.33473509    0.0000000011
    6.35556802    0.0000000053
    6.37640096    0.0000000250
    6.39723390    0.0000001104
    6.41806684    0.0000004583
    6.43889978    0.0000017923
    6.45973272    0.0000065995
    6.48056566    0.0000228814
    6.50139860    0.0000747004
    6.52223154    0.0002296324
    6.54306448    0.0006646801
    6.56389742    0.0018115971
    6.58473036    0.0046492188
    6.60556330    0.0112348636
    6.62639623    0.0255637796
    6.64722917    0.0547711383
    6.66806211    0.1104963450
    6.68889505    0.2099005138
    6.70972799    0.3754469094
    6.73056093    0.6323434273
    6.75139387    1.0028290981
    6.77222681    1.4975119208
    6.79305975    2.1056350084
    6.81389269    2.7878239195
    6.83472563    3.4754979007
    6.85555857    4.0797933346
    6.87639151    4.5095036289
    6.89722444    4.6934128762
    6.91805738    4.5995804912
    6.93889032    4.2444080461
    6.95972326    3.6879538528
    6.98055620    3.0173331914
    7.00138914    2.3245051100
    7.02222208    1.6861926170
    7.04305502    1.1517369621
    7.06388796    0.7407452393
    7.08472090    0.4485944295
    7.10555384    0.2558045864
    7.12638678    0.1373511248
    7.14721972    0.0694425335
    7.16805265    0.0330588953
    7.18888559    0.0148190567
    7.20971853    0.0062549267
    7.23055147    0.0024859554
    7.25138441    0.0009303233
    7.27221735    0.0003278264
    7.29305029    0.0001087736
    7.31388323    0.0000339838
    7.33471617    0.0000099975
    7.35554911    0.0000027694
    7.37638205    0.0000007223
    7.39721499    0.0000001774
    7.41804793    0.0000000410
    7.43888086    0.0000000089
    7.45971380    0.0000000018
    7.48054674    0.0000000004
    7.50137968    0.0000000001
    7.52221262    0.0000000000
    7.54304556    0.0000000000
    7.56387850    0.0000000000
    7.58471144    0.0000000000
    7.60554438    0.0000000000
    7.62637732    0.0000000000
    7.64721026    0.0000000000
    7.66804320    0.0000000000
    7.68887614    0.0000000000
    7.70970907    0.0000000000
    7.73054201    0.0000000000
    7.75137495    0.0000000000
    7.77220789    0.0000000000
    7.79304083    0.0000000000
    7.81387377    0.0000000000
    7.83470671    0.0000000000
    7.85553965    0.0000000000
    7.87637259    0.0000000000
    7.89720553    0.0000000000
    7.91803847    0.0000000000
    7.93887141    0.0000000000
    7.95970435    0.0000000000
    7.98053729    0.0000000000
    8.00137022    0.0000000000
    8.02220316    0.0000000000
    8.04303610    0.0000000000
    8.06386904    0.0000000000
    8.08470198    0.0000000000
    8.10553492    0.0000000000
    8.12636786    0.0000000000
    8.14720080    0.0000000000
    8.16803374    0.0000000000
    8.18886668    0.0000000000
    8.20969962    0.0000000000
    8.23053256    0.0000000000
    8.25136550    0.0000000000
    8.27219843    0.0000000000
    8.29303137    0.0000000000
    8.31386431    0.0000000000
    8.33469725    0.0000000000
    8.35553019    0.0000000000
    8.37636313    0.0000000000
    8.39719607    0.0000000000
    8.41802901    0.0000000000
    8.43886195    0.0000000000
    8.45969489    0.0000000000
    8.48052783    0.0000000000
    8.50136077    0.0000000000
    8.52219371    0.0000000000
    8.54302664    0.0000000000
    8.56385958    0.0000000000
    8.58469252    0.0000000000
    8.60552546    0.0000000000
    8.62635840    0.0000000000
    8.64719134    0.0000000000
    8.66802428    0.0000000000
    8.68885722    0.0000000000
    8.70969016    0.0000000000
    8.73052310    0.0000000000
    8.75135604    0.0000000000
    8.77218898    0.0000000000
    8.79302192    0.0000000000
    8.81385485    0.0000000000
    8.83468779    0.0000000000
    8.85552073    0.0000000000
    8.87635367    0.0000000000
    8.89718661    0.0000000000
    8.91801955    0.0000000000
    8.93885249    0.0000000000
    8.95968543    0.0000000000
    8.98051837    0.0000000000
    9.00135131    0.0000000000
    9.02218425    0.0000000000
    9.04301719    0.0000000000
    9.06385013    0.0000000000
    9.08468306    0.0000000000
    9.10551600    0.0000000000
    9.12634894    0.0000000000
    9.14718188    0.0000000000
    9.16801482    0.0000000000
    9.18884776    0.0000000000
    9.20968070    0.0000000000
    9.23051364    0.0000000000
    9.25134658    0.0000000000
    9.27217952    0.0000000000
    9.29301246    0.0000000000
    9.31384540    0.0000000000
    9.33467834    0.0000000000
    9.35551127    0.0000000000
    9.37634421    0.0000000000
    9.39717715    0.0000000000
    9.41801009    0.0000000000
    9.43884303    0.0000000000
    9.45967597    0.0000000000
    9.48050891    0.0000000000
    9.50134185    0.0000000000
    9.52217479    0.0000000000
    9.54300773    0.0000000000
    9.56384067    0.0000000000
    9.58467361    0.0000000000
    9.60550655    0.0000000000
    9.62633948    0.0000000000
    9.64717242    0.0000000000
    9.66800536    0.0000000000
    9.68883830    0.0000000000
    9.70967124    0.0000000000
    9.73050418    0.0000000000
    9.75133712    0.0000000000
    9.77217006    0.0000000000
    9.79300300    0.0000000000
    9.81383594    0.0000000000
    9.83466888    0.0000000000
    9.85550182    0.0000000000
    9.87633476    0.0000000000
    9.89716770    0.0000000000
    9.91800063    0.0000000000
    9.93883357    0.0000000000
    9.95966651    0.0000000000
    9.98049945    0.0000000000
   10.00133239    0.0000000000
   10.02216533    0.0000000000
   10.04299827    0.0000000000
   10.06383121    0.0000000000
   10.08466415    0.0000000000
   10.10549709    0.0000000000
   10.12633003    0.0000000000
   10.14716297    0.0000000000
   10.16799591    0.0000000000
   10.18882884    0.0000000000
   10.20966178    0.0000000000
   10.23049472    0.0000000000
   10.25132766    0.0000000000
   10.27216060    0.0000000000
   10.29299354    0.0000000000
   10.31382648    0.0000000000
   10.33465942    0.0000000000
   10.35549236    0.0000000000
   10.37632530    0.0000000000
   10.39715824    0.0000000000
   10.41799118    0.0000000000
   10.43882412    0.0000000000
   10.45965705    0.0000000000
   10.48048999    0.0000000000
   10.50132293    0.0000000000
   10.52215587    0.0000000000
   10.54298881    0.0000000000
   10.56382175    0.0000000000
   10.58465469    0.0000000000
   10.60548763    0.0000000000
   10.62632057    0.0000000000
   10.64715351    0.0000000000
   10.66798645    0.0000000000
   10.68881939    0.0000000000
   10.70965233    0.0000000000
   10.73048526    0.0000000000
   10.75131820    0.0000000000
   10.77215114    0.0000000000
   10.79298408    0.0000000000
   10.81381702    0.0000000000
   10.83464996    0.0000000000
   10.85548290    0.0000000000
   10.87631584    0.0000000000
   10.89714878    0.0000000001
   10.91798172    0.0000000004
   10.93881466    0.0000000022
   10.95964760    0.0000000104
   10.98048054    0.0000000476
   11.00131347    0.0000002046
   11.02214641    0.0000008280
   11.04297935    0.0000031555
   11.06381229    0.0000113234
   11.08464523    0.0000382611
   11.10547817    0.0001217325
   11.12631111    0.0003646909
   11.14714405    0.0010287570
   11.16797699    0.0027325626
   11.18880993    0.0068343448
   11.20964287    0.0160950782
   11.23047581    0.0356910021
   11.25130875    0.0745236017
   11.27214168    0.1465204936
   11.29297462    0.2712516276
   11.31380756    0.4728417061
   11.33464050    0.7761195831
   11.35547344    1.1995295490
   11.37630638    1.7456722288
   11.39713932    2.3921251559
   11.41797226    3.0865586696
   11.43880520    3.7500289278
   11.45963814    4.2900676682
   11.48047108    4.6212888065
   11.50130402    4.6873946872
   11.52213696    4.4768174722
   11.54296989    4.0260274650
   11.56380283    3.4092095458
   11.58463577    2.7183219808
   11.60546871    2.0408974258
   11.62630165    1.4428710780
   11.64713459    0.9606812645
   11.66796753    0.6027646151
   11.68880047    0.3574105991
   11.70963341    0.2028502371
   11.73046635    0.1162591840
   11.75129929    0.0800624702
   11.77213223    0.0854615688
   11.79296517    0.1338344098
   11.81379810    0.2365315002
   11.83463104    0.4129779368
   11.85546398    0.6864559821
   11.87629692    1.0770211914
   11.89712986    1.5919771137
   11.91796280    2.2159987582
   11.93879574    2.9045759331
   11.95962868    3.5848238837
   11.98046162    4.1660347454
   12.00129456    4.5587681998
   12.02212750    4.6972275672
   12.04296044    4.5572739977
   12.06379338    4.1633040053
   12.08462632    3.5812987526
   12.10545925    2.9007641653
   12.12629219    2.2123494926
   12.14712513    1.5887826608
   12.16795807    1.0743472859
   12.18879101    0.6840602166
   12.20962395    0.4101223330
   12.23045689    0.2315271618
   12.25128983    0.1230721875
   12.27212277    0.0616009393
   12.29295571    0.0290324838
   12.31378865    0.0128839934
   12.33462159    0.0053837668
   12.35545453    0.0021183193
   12.37628746    0.0007848128
   12.39712040    0.0002737853
   12.41795334    0.0000899339
   12.43878628    0.0000278168
   12.45961922    0.0000081014
   12.48045216    0.0000022217
   12.50128510    0.0000005737
   12.52211804    0.0000001395
   12.54295098    0.0000000319
   12.56378392    0.0000000069
   12.58461686    0.0000000014
   12.60544980    0.0000000003
   12.62628274    0.0000000000
   12.64711567    0.0000000000
   12.66794861    0.0000000000
   12.68878155    0.0000000000
   12.70961449    0.0000000000
   12.73044743    0.0000000000
   12.75128037    0.0000000000
   12.77211331    0.0000000000
   12.79294625    0.0000000000
   12.81377919    0.0000000000
   12.83461213    0.0000000000
   12.85544507    0.0000000000
   12.87627801    0.0000000000
   12.89711095    0.0000000000
   12.91794388    0.0000000000
   12.93877682    0.0000000000
   12.95960976    0.0000000000
   12.98044270    0.0000000000
   13.00127564    0.0000000000
   13.02210858    0.0000000000
   13.04294152    0.0000000000
   13.06377446    0.0000000000
   13.08460740    0.0000000000
   13.10544034    0.0000000000
   13.12627328    0.0000000000
   13.14710622    0.0000000000
   13.16793916    0.0000000000
   13.18877209    0.0000000000
   13.20960503    0.0000000000
   13.23043797    0.0000000000
   13.25127091    0.0000000000
   13.27210385    0.0000000000
   13.29293679    0.0000000000
   13.31376973    0.0000000000
   13.33460267    0.0000000000
   13.35543561    0.0000000000
   13.37626855    0.0000000000
   13.39710149    0.0000000000
   13.41793443    0.0000000000
   13.43876737    0.0000000000
   13.45960030    0.0000000000
   13.48043324    0.0000000000
   13.50126618    0.0000000000
   13.52209912    0.0000000000
   13.54293206    0.0000000000
   13.56376500    0.0000000000
   13.58459794    0.0000000000
   13.60543088    0.0000000000
   13.62626382    0.0000000000
   13.64709676    0.0000000000
   13.66792970    0.0000000000
   13.68876264    0.0000000000
   13.70959558    0.0000000000
   13.73042851    0.0000000000
   13.75126145    0.0000000000
   13.77209439    0.0000000000
   13.79292733    0.0000000000
   13.81376027    0.0000000000
   13.83459321    0.0000000000
   13.85542615    0.0000000000
   13.87625909    0.0000000000
   13.89709203    0.0000000000
   13.91792497    0.0000000000
   13.93875791    0.0000000000
   13.95959085    0.0000000000
   13.98042379    0.0000000000
   14.00125673    0.0000000000
   14.02208966    0.0000000000
   14.04292260    0.0000000000
   14.06375554    0.0000000000
   14.08458848    0.0000000000
   14.10542142    0.0000000000
   14.12625436    0.0000000000
   14.14708730    0.0000000000
   14.16792024    0.0000000000
   14.18875318    0.0000000000
   14.20958612    0.0000000000
   14.23041906    0.0000000000
   14.25125200    0.0000000000
   14.27208494    0.0000000000
   14.29291787    0.0000000000
   14.31375081    0.0000000000
   14.33458375    0.0000000000
   14.35541669    0.0000000000
   14.37624963    0.0000000000
   14.39708257    0.0000000000
   14.41791551    0.0000000000
   14.43874845    0.0000000000
   14.45958139    0.0000000000
   14.48041433    0.0000000000
   14.50124727    0.0000000000
   14.52208021    0.0000000000
   14.54291315    0.0000000000
   14.56374608    0.0000000000
   14.58457902    0.0000000000
   14.60541196    0.0000000000
   14.62624490    0.0000000000
   14.64707784    0.0000000000
   14.66791078    0.0000000000
   14.68874372    0.0000000000
   14.70957666    0.0000000000
   14.73040960    0.0000000000
   14.75124254    0.0000000000
   14.77207548    0.0000000000
   14.79290842    0.0000000000
   14.81374136    0.0000000000
   14.83457429    0.0000000000
   14.85540723    0.0000000000
   14.87624017    0.0000000000
   14.89707311    0.0000000000
   14.91790605    0.0000000000
   14.93873899    0.0000000000
   14.95957193    0.0000000000
   14.98040487    0.0000000000
   15.00123781    0.0000000000
   15.02207075    0.0000000000
